Graph
89829 55293
31430 90943
13813 69503
56013 37411
00901 38578
32786 73782
00901 52337
61588 87282
07459 80560
24330 40660
71126 97464
78912 41892
97092 03996
44565 12460
87459 55293
99156 14734
97464 74701
40813 74437
87210 90943
36661 86602
58402 55293
83055 13127
24524 77913
53806 13554
13554 08818
71503 84959
08818 57247
88837 93347
87978 26239
05677 97092
84959 58100
92797 12460
90943 54445
51811 13127
39505 91880
71759 49157
70203 13127
53259 38765
49176 53976
69503 70298
83489 90943
20318 40419
66136 26239
77913 89829
87012 53455
89996 88581
16658 87282
74701 98215
55310 08825
88837 52246
86105 56308
49157 56013
41733 73188
38578 54531
40837 69238
89996 85683
54531 58122
37788 79913
64653 38750
02027 14781
70210 04717
07859 99619
53455 90943
73188 74437
97853 35315
58122 87294
17281 49157
99156 87282
69624 08559
69096 69624
12300 85637
54915 43044
32786 79913
73742 11086
73742 40837
18116 69503
08818 56308
54445 89521
02523 97092
40962 58122
84959 07459
41315 40419
41892 39505
09232 12300
34928 73782
69503 95529
26770 42883
30817 24330
71126 83489
56308 73742
69503 98227
58347 17360
99805 54531
38750 08825
78554 38750
07859 29438
83489 42735
25071 15855
11086 49176
03117 36112
93347 35556
49157 74437
88581 05677
08981 55310
58122 05677
19050 64116
58727 35462
24330 77913
99805 43044
25188 51774
84959 25071
43044 88581
52619 87978
42735 83908
40962 07462
85072 14781
40837 40962
94714 73782
74437 43044
12460 08981
53806 51774
56009 73127
97092 40962
39505 88837
12300 39707
03117 98215
35462 26239
88537 57183
13127 99619
45680 00901
87282 53259
25071 22751
42897 35556
64653 30175
56572 53455
14734 93347
81498 69863
65013 02523
56308 70203
08981 87978
86105 59630
40813 85637
07226 20318
19050 41733
41315 54833
88537 97092
04939 89081
04717 02523
58100 97853
40962 36347
19050 76056
53806 35981
76056 49157
65013 70203
65013 02523
26983 07459
80128 38156
64653 14734
73552 83489
56013 02523
43044 12300
13554 56308
56009 89521
26983 52619
56013 87459
07459 83708
78704 83489
91587 30817
87012 84640
13813 70298
49157 26770
19151 28511
92797 36112
12460 08981
15855 54445
08559 88537
73127 93734
68270 34165
82119 74755
41254 45032
89521 54833
04939 16658
12300 24524
35462 23763
40837 08818
87294 53976
89829 54531
88537 89829
89996 02523
69096 94988
91587 88537
02523 07859
68270 85637
79913 41254
47810 36112
78704 39505
94988 34312
73188 81498
41315 41892
40962 43044
78608 64653
85637 34165
73782 76056
12460 73153
45032 26770
29438 03996
31112 38750
53455 58727
17281 03996
81059 39505
66535 36347
99619 97092
36347 37788
85637 68270
89521 52619
40813 37411
35981 69096
73552 58347
41733 02523
59922 80128
36661 40660
30175 26239
17976 14734
09128 73782
09898 66888
81059 89521
17281 42883
39707 43044
56013 40660
88198 29438
87294 36347
66136 72445
36661 31084
55310 95529
94988 05677
37788 40660
84640 88837
83708 12460
73742 51774
58347 73552
68748 44043
67076 05677
81498 97092
04168 93347
52246 61588
11541 41315
77913 07859
78912 22751
35315 43517
73552 88837
44565 52246
04761 38156
35462 41315
44043 14781
74701 64653
72445 33084
95529 48569
36347 85683
99805 24524
20943 83055
94714 53976
12460 36727
35462 87012
45680 65013
84854 93347
08981 89081
65013 42883
97092 74437
75430 99900
75430 49157
71126 97853
15855 80128
54445 70298
06393 58347
08818 07462
83055 24330
92797 52246
56009 44565
89081 69503
08559 99900
38215 58727
86741 07859
45680 89628
70203 88537
54833 71765
39707 12300
12300 57183
09898 82119
51811 89996
25188 00901
42883 94988
31430 74701
94714 88843
15855 26983
78554 41892
46004 41892
55293 34165
74701 35462
38578 09128
52246 23763
56009 78912
59630 56308
46004 84640
96292 17360
89521 38156
04717 08818
13747 40813
80560 35315
03996 45680
44565 71126
36661 24330
71765 52246
71765 66136
87012 32973
88837 38215
87978 90943
06393 71765
71765 08825
51774 58122
04168 88837
98227 98227
13127 29438
15855 40410
78912 41892
75430 38578
34165 66888
45032 58402
89521 52619
39505 58727
73188 99900
93347 08825
96292 78704
80128 89081
93734 53455
11541 57192
41315 61588
93485 85683
71765 14781
64653 14734
99805 17281
35315 25401
56308 89628
56013 36661
51774 35981
40410 53455
19151 04939
12300 69096
78608 38156
04717 99805
28633 88537
58347 06393
07226 17360
56013 59630
91688 38215
30817 09898
75430 89829
69238 57183
97092 73188
57247 70203
73742 74437
38765 52619
70210 36661
42897 38215
25401 32973
02027 32973
94988 86105
74437 77913
19050 88537
97464 58727
85072 02027
89521 93347
86741 85637
87978 92797
91880 56009
88198 51774
06393 58100
40813 69096
29438 13554
38578 55293
19050 75430
58122 17281
84959 41892
59630 56013
80560 84959
93485 70210
58122 19050
49157 86741
12460 25071
54833 40410
73188 09128
54445 26239
64116 11086
45680 37411
55293 69863
25255 77913
68270 25255
25401 26983
61588 55310
98227 52246
15855 11353
57192 12460
31112 52619
07859 82119
41733 25255
24524 03996
66888 13127
53455 15855
14734 03117
42897 58347
85072 71126
41733 34312
03117 80128
73153 93347
99619 25255
84640 64653
56009 57192
31430 96292
86741 08818
97853 04939
88843 88843
98227 58727
41733 09232
85573 75430
89628 49157
07226 81059
34312 38578
33084 20318
78608 23763
56572 02027
59922 32973
33084 69503
87978 84959
68748 78912
03996 79913
36347 43044
26239 28511
86741 29438
71765 08981
58100 28511
42897 44565
31112 35462
31112 08981
13813 35556
25255 89996
49157 89996
11086 54531
40813 08559
48569 55310
30175 17976
09128 45680
07462 86602
07859 43044
47810 58347
96292 73153
17281 25188
48569 91880
04761 93347
30817 73742
71503 36727
67076 58402
58122 75430
09898 54531
30817 04538
15855 11541
30817 88581
41254 34928
13813 36727
37411 74755
56308 73782
12460 95529
07859 09128
26770 73782
53259 20318
83708 28511
94988 13127
02523 25255
09898 99900
58727 56009
83489 48569
86741 25188
68748 07226
38578 51774
83708 39505
03996 56308
81059 25071
49157 32786
40419 89081
55293 51811
00901 99900
52337 85683
88837 97853
66888 94714
32973 66136
25401 36112
16658 35462
55293 87294
96292 73127
59922 36727
77913 89628
52619 38765
22751 99156
20318 14781
99805 69863
45032 94714
22751 35315
71126 87210
23763 84854
51811 73742
14734 35556
40660 45032
58347 78912
98227 30175
56308 26770
12300 51811
38156 25071
56013 88843
96292 80560
11541 54833
41733 49176
99900 58122
44043 41892
91587 94988
71759 79913
97853 04168
73127 87210
88537 09128
73127 73127
71765 91688
36112 83489
91688 40419
83055 70210
09232 28633
78554 26239
52337 91587
47810 36112
32786 68270
99156 84854
03117 84959
56572 32973
51811 83055
77584 91587
85573 86741
51811 74437
87459 88537
99619 74755
29438 77584
88581 05677
20318 89521
93347 58100
84640 47810
34928 38578
14734 92797
42883 88843
47810 78554
69863 70203
45680 12300
30817 59630
09128 41254
74701 07459
58122 81498
25255 83055
70203 03996
57192 92797
88537 53806
87282 43517
83055 39707
79913 36661
17976 53455
46004 14734
48569 70298
34165 57247
71759 57183
84854 71126
40660 31084
38156 18913
39707 55293
45680 28633
53259 41315
99619 24330
78912 25071
57183 85637
42897 83708
85637 54915
83708 74701
89829 69624
78554 80560
43044 51811
69863 59630
36661 86602
82119 89829
89521 16658
87012 56572
11353 84959
07459 58347
20943 39707
08981 90943
44565 88837
31112 07459
66136 35462
42735 47810
12460 08981
76056 51811
88198 70210
85683 59630
38765 15855
29438 51774
42735 93347
96292 68748
32973 26983
26770 04538
83489 06393
72445 48569
64653 91880
49176 56013
25401 35556
81059 58727
38765 48569
86602 69863
04538 51774
42883 32786
80560 26983
04761 81059
38750 91688
49157 75430
81059 84854
71503 98227
59922 38750
39505 98227
13813 54833
13813 71126
93485 67076
88537 04717
76056 07859
73742 25188
22751 35556
06393 58100
52246 11353
93485 26770
04761 80128
51811 43044
85072 16658
83489 46004
99805 02523
49176 43044
47810 42735
58347 59922
45680 04538
46004 84959
25188 08818
68748 52619
53455 13813
51774 79913
87012 42735
89829 36661
43517 11541
88537 56013
40813 57247
89996 69624
66136 46004
69238 73782
54833 36112
02523 49157
54833 16658
95529 91880
87012 61588
54531 08818
11353 87978
69503 38156
53976 75430
11353 98215
44565 42735
39505 33084
75430 13127
08825 07459
55293 69096
98227 11353
66136 55310
16658 14734
55310 91880
41128 30817
83908 41892
86741 59630
66535 31084
34165 89996
99156 40410
51811 93485
Queries
93347 80128
71765 78912
03996 45032
89628 13554
95529 57247
38765 68270
73153 73188
14734 89829
34928 69238
69503 25255
99619 51774
90943 71765
41128 12300
52337 43517
38156 08825
67076 09128
04168 66136
65013 25188
54833 57247
86741 54915
18116 38750
89521 34312
08825 24330
83708 40660
87012 89829
88843 49157
70298 30175
40813 57192
41733 85072
36112 65013
36112 38215
70203 96292
83055 28511
36347 41315
73782 52619
80560 80560
82119 36112
04538 41254
87294 39707
71765 94714
04168 82119
74437 73127
83055 49176
86741 87282
38215 54915
89521 23763
26770 57192
58347 69624
97092 08559
81498 93485
07226 08981
04939 34165
29438 26239
49157 40837
00901 91880
40419 32786
33084 85072
69238 12460
17360 42897
02523 40660
71759 93485
14734 53976
20943 54833
83908 03996
29438 86602
41128 08981
89996 42897
99619 26983
87978 92797
31112 34165
96292 43517
58402 74437
25401 42897
93485 88581
59630 47810
79913 09232
30175 94988
00901 80560
05677 83489
86602 89628
66888 58122
89521 58402
83708 52619
45032 07462
36727 43044
40962 87294
56009 20943
99619 82119
73742 91587
91688 25255
18116 37788
37788 79913
37788 73153
56013 96292
36727 20318
84640 99619
31084 69238
97853 28633
44565 71765
87978 68748
77913 53976
78912 92797
69863 14734
03996 91688
35556 68270
31430 14734
34312 35556
95529 18116
40813 91880
46004 98215
74437 03117
87210 67076
53259 87012
04717 41315
25071 61588
13554 11086
37788 24524
38578 28511
53976 87459
35556 73552
02027 97853
69096 99900
32786 54445
89521 83708
78554 25188
88537 44043
13747 35981
36727 69624
36727 78554
41733 33084
25071 86602
58100 73782
54833 68270
89996 11353
88837 69238
07859 39707
89521 82119
43517 48569
14781 87210
23763 83908
06393 71759
08559 77913
88843 56013
35315 47810
08559 69238
53806 57192
40962 70203
08825 93734
73552 70203
13813 43044
15855 54833
20943 17976
09128 41733
15855 08818
71503 35462
69096 64653
06393 99900
41892 11353
35462 84959
69863 88537
26983 14781
19050 85072
86105 43044
24524 87210
36112 80128
70210 71126
52246 14734
08981 70298
43044 78704
08981 86602
46004 78554
16658 75430
77584 53806
18116 34928
26770 99900
40837 93485
18913 42735
58727 09898
40419 87459
19050 57247
85637 69238
57192 00901
16658 66535
84640 57192
82119 07459
43044 07462
68748 69238
91587 69863
87012 40962
89996 78554
13747 76056
58727 97464
87978 87012
58727 58347
53455 74755
80128 58347
40419 42883
67076 53976
73782 92797
73188 70203
40962 79913
87282 91688
98215 34928
03996 61588
87459 41128
80560 17360
81498 40660
51811 07859
09128 77913
44043 86105
37788 39505
41128 05677
83489 18913
59922 79913
04538 09232
40419 32786
85637 85573
56572 25255
72445 83489
41315 55310
69503 83055
03117 37788
65013 70210
93485 04538
98215 74437
41733 12460
69863 07462
17281 32973
56572 88198
91880 65013
59630 70210
07459 56009
93734 87012
69503 13747
25401 04761
48569 87012
56308 94714
25255 91688
69096 73153
89081 65013
71765 09232
20943 72445
45032 08818
52246 73552
09232 39707
13747 45680
93347 96292
34312 25188
02027 51811
57247 91880
55310 34928
17976 36112
07226 59630
66136 91688
68270 74755
73552 77584
09232 09898
38156 41733
52619 23763
11353 13127
98227 53455
25401 93347
26983 88537
81059 08818
12460 36347
04168 88198
25255 03996
11086 41892
58402 35556
28511 73127
36661 39707
22751 78704
59922 13747
88837 53976
12460 73782
23763 24330
94714 30175
79913 42883
18116 73127
09898 54833
11086 90943
82119 40813
28511 38215
66888 78608
16658 55310
89829 54833
93347 08981
38156 57247
89829 72445
52619 06393
36347 85573
30817 80128
64653 37788
94714 13554
78912 74755
87294 20943
43517 38750
16658 68270
74437 12460
17281 38765
31112 99156
85683 04939
73188 73188
14781 94714
30817 89829
78912 49176
36661 28633
53259 51811
36112 35315
45680 93734
73742 24330
31112 74701
71503 97853
52337 46004
77584 74437
25401 73153
97853 25255
85683 69238
04168 42735
83489 80128
57247 74755
04168 77913
93734 77584
87459 58727
85072 53976
83908 54833
08559 39707
40962 69863
36112 41733
80128 57183
15855 56572
99900 99156
13554 40837
52246 66136
56013 85072
77584 73552
28633 98215
34165 25401
07859 30817
31084 74701
85683 69096
49157 66535
48569 23763
48569 54531
69503 11541
68270 03117
34165 76056
40962 54915
45032 73188
04717 12300
03996 78608
70203 49176
71765 83489
38765 88537
70210 56308
73742 59922
71765 40410
22751 08559
58122 13813
56013 69503
24524 04168
08818 13127
85573 74755
14781 26239
84959 31112
85573 48569
89521 35462
32786 16658
69096 55293
22751 66535
57192 25071
34312 86602
58100 41128
88843 71759
03117 59922
78912 52246
94714 40837
44565 59630
64653 24330
98215 87210
38765 52619
40419 59922
78912 77584
66888 42735
26239 52246
41128 99156
89996 35556
64653 36347
23763 78554
95529 87210
54445 04939
93347 70210
35462 11086
11353 36727
25188 94988
56009 88837
66535 13554
99156 40837
78704 96292
84640 12460
32786 35315
32973 08818
38750 56009
89521 08818
73153 11353
87210 32786
85637 70298
72445 87210
74701 00901
69503 87012
43044 30175
83908 38156
14734 89829
86105 20318
84959 18913
52337 25255
85573 92797
69096 89829
84854 73127
38750 74755
77913 87294
15855 96292
44565 13747
78704 26770
05677 69624
89996 02523
36112 66535
98227 04538
98227 75430
83055 93734
77584 36661
17360 31430
09232 44565
36112 54445
45680 98215
85072 94988
84854 41128
32786 11541
24524 16658
09898 36727
91880 80128
69624 74755
35981 88843
75430 73153
Thinking
start 69503 src 69503
69503 13813 src 69503
69503 70298 src 69503
69503 18116 src 69503
69503 95529 src 69503
69503 98227 src 69503
69503 89081 src 69503
69503 33084 src 69503
69503 38156 src 69503
13813 35556 src 69503
13813 36727 src 69503
13813 54833 src 69503
13813 71126 src 69503
13813 53455 src 69503
70298 54445 src 69503
70298 48569 src 69503
95529 55310 src 69503
95529 12460 src 69503
95529 91880 src 69503
98227 52246 src 69503
98227 58727 src 69503
98227 30175 src 69503
98227 71503 src 69503
98227 39505 src 69503
98227 11353 src 69503
89081 04939 src 69503
89081 08981 src 69503
89081 80128 src 69503
89081 40419 src 69503
33084 72445 src 69503
33084 20318 src 69503
38156 04761 src 69503
38156 89521 src 69503
38156 78608 src 69503
38156 25071 src 69503
38156 18913 src 69503
35556 93347 src 69503
35556 42897 src 69503
35556 14734 src 69503
35556 25401 src 69503
35556 22751 src 69503
36727 59922 src 69503
54833 41315 src 69503
54833 71765 src 69503
54833 40410 src 69503
54833 11541 src 69503
54833 36112 src 69503
54833 16658 src 69503
71126 97464 src 69503
71126 83489 src 69503
71126 97853 src 69503
71126 44565 src 69503
71126 85072 src 69503
71126 87210 src 69503
71126 84854 src 69503
53455 87012 src 69503
53455 90943 src 69503
53455 56572 src 69503
53455 93734 src 69503
53455 15855 src 69503
53455 17976 src 69503
54445 26239 src 69503
48569 38765 src 69503
55310 08825 src 69503
55310 61588 src 69503
55310 66136 src 69503
12460 92797 src 69503
12460 73153 src 69503
12460 83708 src 69503
12460 57192 src 69503
91880 56009 src 69503
91880 64653 src 69503
52246 88837 src 69503
52246 23763 src 69503
58727 35462 src 69503
58727 38215 src 69503
58727 81059 src 69503
71503 84959 src 69503
39505 41892 src 69503
39505 78704 src 69503
11353 87978 src 69503
11353 98215 src 69503
04939 19151 src 69503
08981 31112 src 69503
80128 03117 src 69503
40419 91688 src 69503
20318 07226 src 69503
20318 53259 src 69503
20318 14781 src 69503
89521 52619 src 69503
25071 78912 src 69503
93347 04168 src 69503
93347 58100 src 69503
93347 42735 src 69503
42897 58347 src 69503
14734 99156 src 69503
14734 46004 src 69503
25401 35315 src 69503
25401 32973 src 69503
25401 26983 src 69503
59922 38750 src 69503
71765 06393 src 69503
11541 43517 src 69503
36112 47810 src 69503
16658 87282 src 69503
97464 74701 src 69503
83489 73552 src 69503
85072 02027 src 69503
87210 73127 src 69503
87012 84640 src 69503
90943 31430 src 69503
26239 28511 src 69503
26239 78554 src 69503
08825 07459 src 69503
73153 96292 src 69503
84959 80560 src 69503
41892 44043 src 69503
41892 83908 src 69503
07226 17360 src 69503
07226 68748 src 69503
start 74437 src 74437
74437 40813 src 74437
74437 73188 src 74437
74437 49157 src 74437
74437 43044 src 74437
74437 97092 src 74437
74437 73742 src 74437
74437 77913 src 74437
74437 51811 src 74437
40813 85637 src 74437
40813 37411 src 74437
40813 13747 src 74437
40813 69096 src 74437
40813 08559 src 74437
40813 57247 src 74437
73188 41733 src 74437
73188 81498 src 74437
73188 99900 src 74437
73188 09128 src 74437
49157 71759 src 74437
49157 56013 src 74437
49157 17281 src 74437
49157 76056 src 74437
49157 26770 src 74437
49157 75430 src 74437
49157 86741 src 74437
49157 89628 src 74437
49157 89996 src 74437
49157 32786 src 74437
49157 02523 src 74437
43044 54915 src 74437
43044 99805 src 74437
43044 88581 src 74437
43044 12300 src 74437
43044 40962 src 74437
43044 39707 src 74437
43044 36347 src 74437
43044 07859 src 74437
43044 49176 src 74437
97092 03996 src 74437
97092 05677 src 74437
97092 88537 src 74437
97092 99619 src 74437
73742 11086 src 74437
73742 40837 src 74437
73742 56308 src 74437
73742 51774 src 74437
73742 30817 src 74437
73742 25188 src 74437
77913 24524 src 74437
77913 89829 src 74437
77913 24330 src 74437
77913 25255 src 74437
51811 13127 src 74437
51811 55293 src 74437
51811 83055 src 74437
51811 93485 src 74437
85637 68270 src 74437
85637 34165 src 74437
85637 57183 src 74437
37411 45680 src 74437
37411 74755 src 74437
69096 69624 src 74437
69096 94988 src 74437
69096 35981 src 74437
57247 08818 src 74437
57247 70203 src 74437
41733 19050 src 74437
41733 34312 src 74437
41733 09232 src 74437
81498 69863 src 74437
81498 58122 src 74437
99900 09898 src 74437
99900 00901 src 74437
09128 73782 src 74437
09128 38578 src 74437
09128 41254 src 74437
71759 79913 src 74437
56013 87459 src 74437
56013 40660 src 74437
56013 36661 src 74437
56013 59630 src 74437
56013 88843 src 74437
17281 42883 src 74437
26770 45032 src 74437
26770 04538 src 74437
75430 85573 src 74437
75430 53976 src 74437
86741 29438 src 74437
89996 85683 src 74437
02523 65013 src 74437
02523 04717 src 74437
99805 54531 src 74437
40962 07462 src 74437
39707 20943 src 74437
36347 66535 src 74437
36347 37788 src 74437
36347 87294 src 74437
07859 82119 src 74437
05677 67076 src 74437
88537 91587 src 74437
88537 28633 src 74437
88537 53806 src 74437
11086 64116 src 74437
40837 69238 src 74437
56308 86105 src 74437
56308 13554 src 74437
51774 88198 src 74437
30817 41128 src 74437
13127 66888 src 74437
55293 58402 src 74437
83055 70210 src 74437
69863 86602 src 74437
00901 52337 src 74437
73782 34928 src 74437
73782 94714 src 74437
40660 31084 src 74437
29438 77584 src 74437
Output
93347 80128 yes
71765 78912 yes
03996 45032 yes
89628 13554 yes
95529 57247 no
38765 68270 no
73153 73188 no
14734 89829 no
34928 69238 yes
69503 25255 no
99619 51774 yes
90943 71765 yes
41128 12300 yes
52337 43517 no
38156 08825 yes
67076 09128 yes
04168 66136 yes
65013 25188 yes
54833 57247 no
86741 54915 yes
18116 38750 yes
89521 34312 no
08825 24330 no
83708 40660 no
87012 89829 no
88843 49157 yes
70298 30175 yes
40813 57192 no
41733 85072 no
36112 65013 no
36112 38215 yes
70203 96292 no
83055 28511 no
36347 41315 no
73782 52619 no
80560 80560 yes
82119 36112 no
04538 41254 yes
87294 39707 yes
71765 94714 no
04168 82119 no
74437 73127 no
83055 49176 yes
86741 87282 no
38215 54915 no
89521 23763 yes
26770 57192 no
58347 69624 no
97092 08559 yes
81498 93485 yes
07226 08981 yes
04939 34165 no
29438 26239 no
49157 40837 yes
00901 91880 no
40419 32786 no
33084 85072 yes
69238 12460 no
17360 42897 yes
02523 40660 yes
71759 93485 yes
14734 53976 no
20943 54833 no
83908 03996 no
29438 86602 yes
41128 08981 no
89996 42897 no
99619 26983 no
87978 92797 yes
31112 34165 no
96292 43517 yes
58402 74437 yes
25401 42897 yes
93485 88581 yes
59630 47810 no
79913 09232 yes
30175 94988 no
00901 80560 no
05677 83489 no
86602 89628 yes
66888 58122 yes
89521 58402 no
83708 52619 yes
45032 07462 yes
36727 43044 no
40962 87294 yes
56009 20943 no
99619 82119 yes
73742 91587 yes
91688 25255 no
18116 37788 no
37788 79913 yes
37788 73153 no
56013 96292 no
36727 20318 yes
84640 99619 no
31084 69238 yes
97853 28633 no
44565 71765 yes
87978 68748 yes
77913 53976 yes
78912 92797 yes
69863 14734 no
03996 91688 no
35556 68270 no
31430 14734 yes
34312 35556 no
95529 18116 yes
40813 91880 no
46004 98215 yes
74437 03117 no
87210 67076 no
53259 87012 yes
04717 41315 no
25071 61588 yes
13554 11086 yes
37788 24524 yes
38578 28511 no
53976 87459 yes
35556 73552 yes
02027 97853 yes
69096 99900 yes
32786 54445 no
89521 83708 yes
78554 25188 no
88537 44043 no
13747 35981 yes
36727 69624 no
36727 78554 yes
41733 33084 no
25071 86602 no
58100 73782 no
54833 68270 no
89996 11353 no
88837 69238 no
07859 39707 yes
89521 82119 no
43517 48569 yes
14781 87210 yes
23763 83908 yes
06393 71759 no
08559 77913 yes
88843 56013 yes
35315 47810 yes
08559 69238 yes
53806 57192 no
40962 70203 yes
08825 93734 yes
73552 70203 no
13813 43044 no
15855 54833 yes
20943 17976 no
09128 41733 yes
15855 08818 no
71503 35462 yes
69096 64653 no
06393 99900 no
41892 11353 yes
35462 84959 yes
69863 88537 yes
26983 14781 yes
19050 85072 no
86105 43044 yes
24524 87210 no
36112 80128 yes
70210 71126 no
52246 14734 yes
08981 70298 yes
43044 78704 no
08981 86602 no
46004 78554 yes
16658 75430 no
77584 53806 yes
18116 34928 no
26770 99900 yes
40837 93485 yes
18913 42735 yes
58727 09898 no
40419 87459 no
19050 57247 yes
85637 69238 yes
57192 00901 no
16658 66535 no
84640 57192 yes
82119 07459 no
43044 07462 yes
68748 69238 no
91587 69863 yes
87012 40962 no
89996 78554 no
13747 76056 yes
58727 97464 yes
87978 87012 yes
58727 58347 yes
53455 74755 no
80128 58347 yes
40419 42883 no
67076 53976 yes
73782 92797 no
73188 70203 yes
40962 79913 yes
87282 91688 yes
98215 34928 no
03996 61588 no
87459 41128 yes
80560 17360 yes
81498 40660 yes
51811 07859 yes
09128 77913 yes
44043 86105 no
37788 39505 no
41128 05677 yes
83489 18913 yes
59922 79913 no
04538 09232 yes
40419 32786 no
85637 85573 yes
56572 25255 no
72445 83489 yes
41315 55310 yes
69503 83055 no
03117 37788 no
65013 70210 yes
93485 04538 yes
98215 74437 no
41733 12460 no
69863 07462 yes
17281 32973 no
56572 88198 no
91880 65013 no
59630 70210 yes
07459 56009 yes
93734 87012 yes
69503 13747 no
25401 04761 yes
48569 87012 yes
56308 94714 yes
25255 91688 no
69096 73153 no
89081 65013 no
71765 09232 no
20943 72445 no
45032 08818 yes
52246 73552 yes
09232 39707 yes
13747 45680 yes
93347 96292 yes
34312 25188 yes
02027 51811 no
57247 91880 no
55310 34928 no
17976 36112 yes
07226 59630 no
66136 91688 yes
68270 74755 yes
73552 77584 no
09232 09898 yes
38156 41733 no
52619 23763 yes
11353 13127 no
98227 53455 yes
25401 93347 yes
26983 88537 no
81059 08818 no
12460 36347 no
04168 88198 no
25255 03996 yes
11086 41892 no
58402 35556 no
28511 73127 yes
36661 39707 yes
22751 78704 yes
59922 13747 no
88837 53976 no
12460 73782 no
23763 24330 no
94714 30175 no
79913 42883 yes
18116 73127 yes
09898 54833 no
11086 90943 no
82119 40813 yes
28511 38215 yes
66888 78608 no
16658 55310 yes
89829 54833 no
93347 08981 yes
38156 57247 no
89829 72445 no
52619 06393 yes
36347 85573 yes
30817 80128 no
64653 37788 no
94714 13554 yes
78912 74755 no
87294 20943 yes
43517 38750 yes
16658 68270 no
74437 12460 no
17281 38765 no
31112 99156 yes
85683 04939 no
73188 73188 yes
14781 94714 no
30817 89829 yes
78912 49176 no
36661 28633 yes
53259 51811 no
36112 35315 yes
45680 93734 no
73742 24330 yes
31112 74701 yes
71503 97853 yes
52337 46004 no
77584 74437 yes
25401 73153 yes
97853 25255 no
85683 69238 yes
04168 42735 yes
83489 80128 yes
57247 74755 yes
04168 77913 no
93734 77584 no
87459 58727 no
85072 53976 no
83908 54833 yes
08559 39707 yes
40962 69863 yes
36112 41733 no
80128 57183 no
15855 56572 yes
99900 99156 no
13554 40837 yes
52246 66136 yes
56013 85072 no
77584 73552 no
28633 98215 no
34165 25401 no
07859 30817 yes
31084 74701 no
85683 69096 yes
49157 66535 yes
48569 23763 yes
48569 54531 no
69503 11541 yes
68270 03117 no
34165 76056 yes
40962 54915 yes
45032 73188 yes
04717 12300 yes
03996 78608 no
70203 49176 yes
71765 83489 yes
38765 88537 no
70210 56308 yes
73742 59922 no
71765 40410 yes
22751 08559 no
58122 13813 no
56013 69503 no
24524 04168 no
08818 13127 yes
85573 74755 yes
14781 26239 yes
84959 31112 yes
85573 48569 no
89521 35462 yes
32786 16658 no
69096 55293 yes
22751 66535 no
57192 25071 yes
34312 86602 yes
58100 41128 no
88843 71759 yes
03117 59922 yes
78912 52246 yes
94714 40837 yes
44565 59630 no
64653 24330 no
98215 87210 yes
38765 52619 yes
40419 59922 yes
78912 77584 no
66888 42735 no
26239 52246 yes
41128 99156 no
89996 35556 no
64653 36347 no
23763 78554 yes
95529 87210 yes
54445 04939 yes
93347 70210 no
35462 11086 no
11353 36727 yes
25188 94988 yes
56009 88837 yes
66535 13554 yes
99156 40837 no
78704 96292 yes
84640 12460 yes
32786 35315 no
32973 08818 no
38750 56009 yes
89521 08818 no
73153 11353 yes
87210 32786 no
85637 70298 no
72445 87210 yes
74701 00901 no
69503 87012 yes
43044 30175 no
83908 38156 yes
14734 89829 no
86105 20318 no
84959 18913 yes
52337 25255 yes
85573 92797 no
69096 89829 yes
84854 73127 yes
38750 74755 no
77913 87294 yes
15855 96292 yes
44565 13747 no
78704 26770 no
05677 69624 yes
89996 02523 yes
36112 66535 no
98227 04538 no
98227 75430 no
83055 93734 no
77584 36661 yes
17360 31430 yes
09232 44565 no
36112 54445 yes
45680 98215 no
85072 94988 no
84854 41128 no
32786 11541 no
24524 16658 no
09898 36727 no
91880 80128 yes
69624 74755 yes
35981 88843 yes
75430 73153 no
End
