Graph
9875 5478
0871 1956
6083 8314
3966 7926
5478 4297
2270 1755
1956 1956
9909 6083
6048 2983
8964 9680
6807 3966
8896 9909
7598 6612
5470 3966
6539 2413
4297 9397
6083 5440
2545 2413
5440 4297
2413 7926
3010 5478
2270 4670
9875 5440
5470 3966
6539 2545
2585 6048
9150 2268
6771 2270
2433 9150
6083 2585
1591 9397
2348 7926
5791 8896
1755 7566
2585 9397
6083 9909
2413 8964
6048 3010
9680 5470
9875 4897
2413 1878
2413 7926
5440 5478
5470 2545
5791 1591
9397 0937
1956 6148
2413 7926
6048 6048
7598 7354
4522 2433
2545 2348
7354 7598
1591 4897
9150 2337
7926 2348
0937 4297
7362 1755
7362 1755
3966 2545
1956 6612
2337 2268
2337 7362
8314 2983
2585 9875
9680 9680
8314 5440
0937 0937
6148 9150
2268 7354
2433 0871
2348 1878
7566 7354
3610 6539
8314 3010
7926 8964
1878 3610
2337 7354
5470 8964
1956 4670
9150 1755
6612 2433
2545 2413
5478 6048
1591 2585
2413 1878
1878 7926
1755 2433
1878 5470
7566 7598
9397 3010
1878 3610
0871 1956
0871 2270
8896 8896
7354 6771
9680 6539
6807 3610
9150 6612
7362 6771
5478 5791
2545 2348
7362 4522
5440 6048
6048 5791
0937 4297
2983 9909
2983 4897
0937 2983
8964 2348
1878 2413
2433 4670
2413 3610
7362 1956
7926 1878
6807 6539
5470 3610
6807 2545
1878 1878
4297 0937
4670 0871
2413 1878
7362 6148
Queries
4297 6539
5470 2585
2348 2545
3010 2545
7566 6612
6771 2545
2348 1878
2413 9397
6771 9680
0871 9150
2983 2413
2433 3966
8964 6807
2413 2433
5478 6612
6771 2268
1755 4670
6612 7566
6807 6539
2545 6612
6539 2545
2413 1591
2433 2337
1755 6083
2337 2545
5440 4297
7926 6539
3966 0871
5791 5470
0937 6083
7566 9875
8896 1956
9680 6148
6148 4522
9680 6807
5440 5791
7598 4897
5440 5440
6539 2337
9680 2270
9397 5440
1591 4897
1956 2348
8964 7926
1878 0937
4522 2545
5440 4297
4897 1956
9680 6612
9909 3010
9909 2270
3610 6539
1956 8896
6048 6148
7362 1878
7926 3610
2585 5791
3010 5470
9875 7926
2545 6807
1878 0871
6539 0871
9875 2433
2983 4897
3010 2545
1878 3010
1878 4522
6148 6771
7926 2268
5791 6048
6539 5791
7926 2585
7566 9680
9397 3010
7566 6148
1878 4897
6807 5470
6083 7362
7354 5478
2585 5470
3966 5470
7362 2413
6771 9150
Thinking
start 6612 src 6612
6612 7598 src 6612
6612 1956 src 6612
6612 2433 src 6612
6612 9150 src 6612
7598 7354 src 6612
7598 7566 src 6612
1956 0871 src 6612
1956 6148 src 6612
1956 4670 src 6612
1956 7362 src 6612
2433 4522 src 6612
2433 1755 src 6612
9150 2268 src 6612
9150 2337 src 6612
7354 6771 src 6612
0871 2270 src 6612
start 5440 src 5440
5440 6083 src 5440
5440 4297 src 5440
5440 9875 src 5440
5440 5478 src 5440
5440 8314 src 5440
5440 6048 src 5440
6083 9909 src 5440
6083 2585 src 5440
4297 9397 src 5440
4297 0937 src 5440
9875 4897 src 5440
5478 3010 src 5440
5478 5791 src 5440
8314 2983 src 5440
9909 8896 src 5440
2585 1591 src 5440
start 7926 src 7926
7926 3966 src 7926
7926 2413 src 7926
7926 2348 src 7926
7926 8964 src 7926
7926 1878 src 7926
3966 6807 src 7926
3966 5470 src 7926
3966 2545 src 7926
2413 6539 src 7926
2413 3610 src 7926
8964 9680 src 7926
Output
4297 6539 no
5470 2585 no
2348 2545 yes
3010 2545 no
7566 6612 yes
6771 2545 no
2348 1878 yes
2413 9397 no
6771 9680 no
0871 9150 yes
2983 2413 no
2433 3966 no
8964 6807 yes
2413 2433 no
5478 6612 no
6771 2268 yes
1755 4670 yes
6612 7566 yes
6807 6539 yes
2545 6612 no
6539 2545 yes
2413 1591 no
2433 2337 yes
1755 6083 no
2337 2545 no
5440 4297 yes
7926 6539 yes
3966 0871 no
5791 5470 no
0937 6083 yes
7566 9875 no
8896 1956 no
9680 6148 no
6148 4522 yes
9680 6807 yes
5440 5791 yes
7598 4897 no
5440 5440 yes
6539 2337 no
9680 2270 no
9397 5440 yes
1591 4897 yes
1956 2348 no
8964 7926 yes
1878 0937 no
4522 2545 no
5440 4297 yes
4897 1956 no
9680 6612 no
9909 3010 yes
9909 2270 no
3610 6539 yes
1956 8896 no
6048 6148 no
7362 1878 no
7926 3610 yes
2585 5791 yes
3010 5470 no
9875 7926 no
2545 6807 yes
1878 0871 no
6539 0871 no
9875 2433 no
2983 4897 yes
3010 2545 no
1878 3010 no
1878 4522 no
6148 6771 yes
7926 2268 no
5791 6048 yes
6539 5791 no
7926 2585 no
7566 9680 no
9397 3010 yes
7566 6148 yes
1878 4897 no
6807 5470 yes
6083 7362 no
7354 5478 no
2585 5470 no
3966 5470 yes
7362 2413 no
6771 9150 yes
End
