Graph
62003 14491
39615 19466
09382 56070
47138 19466
30207 47138
92444 24468
56636 34072
44772 23808
37076 70496
58297 78713
74021 24003
79505 41221
18693 24337
26571 75994
62003 66809
86078 47138
79325 94891
86615 68025
30207 22664
84149 34072
22059 46549
08060 69360
82032 00750
04205 79018
99795 27323
27323 84499
63552 00078
38800 04205
84499 95639
56070 97028
62003 15619
20403 97652
50054 98104
25625 33071
54211 37286
57165 86615
86217 77307
52134 16232
44521 31127
68768 02198
43662 09067
41221 68768
76665 19466
21821 18693
53572 76276
98104 98812
62631 51186
79325 46549
45620 88632
92753 52589
34072 25701
39615 78713
52589 28293
69786 41221
86479 75994
63003 45623
37286 46549
50212 62003
46188 33071
21821 15302
62631 63003
62003 18693
04205 35129
24775 24471
80201 17777
74730 39615
30188 45620
53572 49169
56070 20403
89184 24471
92796 62693
92796 75994
87917 92796
19466 47138
53572 25701
68025 63552
04205 78689
41876 24003
79325 44521
98812 98812
31127 79188
44709 16149
44709 54211
75994 29697
56070 08615
86259 51726
54158 27323
79544 89176
22664 44772
19466 39524
26571 85950
54211 74021
86615 84329
20552 34364
36865 04205
63483 94891
92753 38866
62003 97439
30188 28912
70170 84149
16232 92444
67012 67012
33071 19466
01271 45620
31360 22059
86479 97505
58605 39615
28009 79601
39615 84499
58463 66809
51358 51273
28009 92753
68768 15619
05840 97505
90251 62003
09382 99053
38800 82032
60644 88632
44521 17777
97439 62003
88632 50054
76276 89728
41106 51130
06016 35129
52134 26571
86689 73112
95874 21162
62631 24468
24775 14491
81563 93428
54432 66443
53572 79018
47451 89728
47138 27323
95874 46188
20403 79188
58264 58605
80201 97028
24468 16232
44521 76717
47138 76665
84329 35129
41221 45620
38357 85950
14491 69786
45715 73112
45715 41221
51130 56070
33071 86078
45715 98104
38800 04316
04345 83273
57165 49169
66809 60644
36865 58057
82798 62631
81563 92444
79018 84329
63483 20403
45715 15619
14107 66809
10298 44709
63003 44577
27323 95874
56636 78689
97028 74840
04316 78088
24468 88774
24471 73112
62631 92753
76665 21162
58264 23808
72623 88774
20395 68191
84329 67012
22059 11267
84329 00053
61059 67012
00053 14008
30200 84149
11267 10298
27323 51358
15946 97652
19466 43957
31360 99053
02198 70496
58605 91999
90251 14107
80201 46549
51358 73290
06016 56636
77307 51130
24003 34364
45715 75216
20395 41966
52589 38866
86479 87917
88774 43662
80373 35129
41876 99053
70170 04205
62003 41221
74730 95874
31360 97652
58057 00053
84149 04636
98104 70496
32305 24775
39615 77083
04316 09371
49622 09067
41966 73284
95874 78163
86615 53572
89176 05840
24775 45620
93428 92753
66579 52134
86217 69360
32305 97439
86479 52589
41221 62717
14737 38357
84329 28370
84329 96303
80373 61059
09382 73284
28293 63003
79325 10525
04345 02198
26571 89176
70496 24471
49622 81563
98728 32224
09067 38357
21821 66809
91999 19466
06016 54432
18693 85475
83862 39615
98104 41221
04345 21821
79018 32224
07431 68768
30207 91999
97326 41106
14491 37076
68191 77307
97028 69360
32345 30188
00750 70170
97652 10764
38800 66443
77140 76717
90251 66809
52589 49622
00750 82032
97505 72623
53572 28370
66579 63003
41106 68191
16149 79188
51726 28009
46820 08060
73290 54158
38866 62693
94891 76717
16149 84505
14491 04345
81563 28293
85475 45620
10298 09382
47138 83862
80821 08615
25625 39615
87917 79544
08615 24003
36865 76276
97652 15946
24337 70496
14491 07431
74730 51358
89176 93425
89176 93428
41533 38357
93425 88774
38800 58057
74730 85768
04205 84329
52416 66809
15302 45715
95874 74730
92444 81563
32305 90251
24471 90891
51273 74730
72623 26571
76665 40678
50707 52134
97652 77140
09067 92796
53572 63552
01271 24775
50668 78689
Queries
45620 25625
22664 00078
39524 89176
86259 85950
74021 44521
68025 58057
89176 17777
30200 76276
52416 86615
62693 14107
41221 95639
76717 54211
00078 98104
75216 89184
78163 75216
68191 41876
04636 04636
90251 45620
58297 91999
41221 88632
29697 44521
44521 46820
95874 38866
09067 46820
99795 25625
38800 84505
79544 85950
98728 04316
15946 69360
58605 00053
07431 30207
35129 50212
97326 39615
62631 87917
30200 56636
83273 75216
47138 43957
77083 58605
83273 04345
84505 77307
70170 95639
77140 10764
57165 57165
54432 90251
95874 99795
80821 38866
08060 54432
24775 35129
93425 77140
79601 81563
41533 38800
84505 68191
66809 14737
45623 52134
83862 83862
19466 34072
50668 62717
49622 58057
37076 89184
04636 37286
44772 46188
08615 92444
62693 74840
15302 39615
14008 27323
87917 62003
38800 95639
08615 79601
62003 17777
83862 82032
79505 24471
78088 80373
08060 22059
41966 20403
73112 81563
63552 66443
54211 84329
91999 19466
08615 34364
82032 28912
37286 54211
56636 68768
97028 35129
41533 01271
52134 38357
08615 31360
31127 18693
73112 73290
66579 73290
80201 16149
41221 04345
89184 97439
89176 46549
11267 74840
85768 73290
66579 66443
25625 32345
50668 75216
05840 83862
38357 97505
74021 54211
77083 74730
46188 66443
23808 51358
16149 46820
63552 54432
99795 94891
89176 79601
62693 20552
44772 47138
40678 99795
28370 96303
43957 86259
01271 58605
25701 68191
00053 80821
16232 79544
15946 51358
77307 43957
06016 61059
31360 26571
62003 89184
27323 97652
89176 43662
85768 30207
23808 49169
74730 58297
73290 16232
73284 68191
80373 41876
39524 58264
39615 17777
61059 78689
51273 47138
31127 69360
73290 31127
92796 57165
38800 37286
86078 43957
32345 58463
77083 33071
28370 57165
77307 77307
49622 51273
84329 85768
33071 49169
37286 85475
15619 34364
95874 00053
85768 46188
09067 97326
73284 34364
33071 73290
82032 30207
32305 72623
78713 88774
68191 98104
08060 76717
84149 41221
28009 86479
46549 69360
46549 04316
46188 14008
83862 63003
10298 41876
98812 84149
74021 78689
09371 06016
24337 30188
98812 02198
38866 04345
74021 70170
47451 45715
99795 30188
28293 14737
23808 77083
85768 80821
04205 68025
97439 41966
79544 43662
68025 37076
41966 53572
75994 77307
99795 82798
83273 63003
52589 00750
23808 21162
10525 76665
26571 15946
14737 83862
32345 69786
98812 60644
63552 04636
62003 68025
60644 86078
80373 63552
68025 38800
20403 80821
45623 70496
78689 54158
32345 47451
82798 90251
Thinking
start 76276 src 76276
76276 53572 src 76276
76276 89728 src 76276
76276 36865 src 76276
53572 49169 src 76276
53572 25701 src 76276
53572 79018 src 76276
53572 86615 src 76276
53572 28370 src 76276
53572 63552 src 76276
89728 47451 src 76276
36865 04205 src 76276
36865 58057 src 76276
49169 57165 src 76276
25701 34072 src 76276
79018 84329 src 76276
79018 32224 src 76276
86615 68025 src 76276
63552 00078 src 76276
04205 38800 src 76276
04205 35129 src 76276
04205 78689 src 76276
04205 70170 src 76276
58057 00053 src 76276
34072 56636 src 76276
34072 84149 src 76276
84329 67012 src 76276
84329 96303 src 76276
32224 98728 src 76276
38800 82032 src 76276
38800 04316 src 76276
38800 66443 src 76276
35129 06016 src 76276
35129 80373 src 76276
78689 50668 src 76276
70170 00750 src 76276
00053 14008 src 76276
84149 30200 src 76276
84149 04636 src 76276
67012 61059 src 76276
04316 78088 src 76276
04316 09371 src 76276
66443 54432 src 76276
start 63483 src 63483
63483 94891 src 63483
63483 20403 src 63483
94891 79325 src 63483
94891 76717 src 63483
20403 97652 src 63483
20403 56070 src 63483
20403 79188 src 63483
79325 46549 src 63483
79325 44521 src 63483
79325 10525 src 63483
76717 77140 src 63483
97652 15946 src 63483
97652 31360 src 63483
97652 10764 src 63483
56070 09382 src 63483
56070 97028 src 63483
56070 08615 src 63483
56070 51130 src 63483
79188 31127 src 63483
79188 16149 src 63483
46549 22059 src 63483
46549 37286 src 63483
46549 80201 src 63483
44521 17777 src 63483
31360 99053 src 63483
09382 73284 src 63483
09382 10298 src 63483
97028 74840 src 63483
97028 69360 src 63483
08615 80821 src 63483
08615 24003 src 63483
51130 41106 src 63483
51130 77307 src 63483
16149 44709 src 63483
16149 84505 src 63483
22059 11267 src 63483
37286 54211 src 63483
99053 41876 src 63483
73284 41966 src 63483
69360 08060 src 63483
69360 86217 src 63483
24003 74021 src 63483
24003 34364 src 63483
41106 97326 src 63483
41106 68191 src 63483
41966 20395 src 63483
08060 46820 src 63483
34364 20552 src 63483
start 88632 src 88632
88632 45620 src 88632
88632 60644 src 88632
88632 50054 src 88632
45620 30188 src 88632
45620 01271 src 88632
45620 41221 src 88632
45620 24775 src 88632
45620 85475 src 88632
60644 66809 src 88632
50054 98104 src 88632
30188 28912 src 88632
30188 32345 src 88632
41221 79505 src 88632
41221 68768 src 88632
41221 69786 src 88632
41221 45715 src 88632
41221 62003 src 88632
41221 62717 src 88632
24775 24471 src 88632
24775 14491 src 88632
24775 32305 src 88632
85475 18693 src 88632
66809 58463 src 88632
66809 14107 src 88632
66809 21821 src 88632
66809 90251 src 88632
66809 52416 src 88632
98104 98812 src 88632
98104 70496 src 88632
68768 02198 src 88632
68768 15619 src 88632
68768 07431 src 88632
45715 73112 src 88632
45715 75216 src 88632
45715 15302 src 88632
62003 50212 src 88632
62003 97439 src 88632
24471 89184 src 88632
24471 90891 src 88632
14491 37076 src 88632
14491 04345 src 88632
18693 24337 src 88632
73112 86689 src 88632
04345 83273 src 88632
start 26571 src 26571
26571 75994 src 26571
26571 85950 src 26571
26571 52134 src 26571
26571 89176 src 26571
26571 72623 src 26571
75994 86479 src 26571
75994 92796 src 26571
75994 29697 src 26571
85950 38357 src 26571
52134 16232 src 26571
52134 66579 src 26571
52134 50707 src 26571
89176 79544 src 26571
89176 05840 src 26571
89176 93425 src 26571
89176 93428 src 26571
72623 88774 src 26571
72623 97505 src 26571
86479 87917 src 26571
86479 52589 src 26571
92796 62693 src 26571
92796 09067 src 26571
38357 14737 src 26571
38357 41533 src 26571
16232 92444 src 26571
16232 24468 src 26571
66579 63003 src 26571
93428 81563 src 26571
93428 92753 src 26571
88774 43662 src 26571
52589 28293 src 26571
52589 38866 src 26571
52589 49622 src 26571
24468 62631 src 26571
63003 45623 src 26571
63003 44577 src 26571
92753 28009 src 26571
62631 51186 src 26571
62631 82798 src 26571
28009 79601 src 26571
28009 51726 src 26571
51726 86259 src 26571
start 39615 src 39615
39615 19466 src 39615
39615 78713 src 39615
39615 74730 src 39615
39615 58605 src 39615
39615 84499 src 39615
39615 77083 src 39615
39615 83862 src 39615
39615 25625 src 39615
19466 47138 src 39615
19466 76665 src 39615
19466 39524 src 39615
19466 33071 src 39615
19466 43957 src 39615
19466 91999 src 39615
78713 58297 src 39615
74730 95874 src 39615
74730 51358 src 39615
74730 85768 src 39615
74730 51273 src 39615
58605 58264 src 39615
84499 27323 src 39615
84499 95639 src 39615
47138 30207 src 39615
47138 86078 src 39615
76665 21162 src 39615
76665 40678 src 39615
33071 46188 src 39615
95874 78163 src 39615
51358 73290 src 39615
58264 23808 src 39615
27323 99795 src 39615
27323 54158 src 39615
30207 22664 src 39615
23808 44772 src 39615
Output
45620 25625 no
22664 00078 no
39524 89176 no
86259 85950 yes
74021 44521 yes
68025 58057 yes
89176 17777 no
30200 76276 yes
52416 86615 no
62693 14107 no
41221 95639 no
76717 54211 yes
00078 98104 no
75216 89184 yes
78163 75216 no
68191 41876 yes
04636 04636 yes
90251 45620 yes
58297 91999 yes
41221 88632 yes
29697 44521 no
44521 46820 yes
95874 38866 no
09067 46820 no
99795 25625 yes
38800 84505 no
79544 85950 yes
98728 04316 yes
15946 69360 yes
58605 00053 no
07431 30207 no
35129 50212 no
97326 39615 no
62631 87917 yes
30200 56636 yes
83273 75216 yes
47138 43957 yes
77083 58605 yes
83273 04345 yes
84505 77307 yes
70170 95639 no
77140 10764 yes
57165 57165 yes
54432 90251 no
95874 99795 yes
80821 38866 no
08060 54432 no
24775 35129 no
93425 77140 no
79601 81563 yes
41533 38800 no
84505 68191 yes
66809 14737 no
45623 52134 yes
83862 83862 yes
19466 34072 no
50668 62717 no
49622 58057 no
37076 89184 yes
04636 37286 no
44772 46188 yes
08615 92444 no
62693 74840 no
15302 39615 no
14008 27323 no
87917 62003 no
38800 95639 no
08615 79601 no
62003 17777 no
83862 82032 no
79505 24471 yes
78088 80373 yes
08060 22059 yes
41966 20403 yes
73112 81563 no
63552 66443 yes
54211 84329 no
91999 19466 yes
08615 34364 yes
82032 28912 no
37286 54211 yes
56636 68768 no
97028 35129 no
41533 01271 no
52134 38357 yes
08615 31360 yes
31127 18693 no
73112 73290 no
66579 73290 no
80201 16149 yes
41221 04345 yes
89184 97439 yes
89176 46549 no
11267 74840 yes
85768 73290 yes
66579 66443 no
25625 32345 no
50668 75216 no
05840 83862 no
38357 97505 yes
74021 54211 yes
77083 74730 yes
46188 66443 no
23808 51358 yes
16149 46820 yes
63552 54432 yes
99795 94891 no
89176 79601 yes
62693 20552 no
44772 47138 yes
40678 99795 yes
28370 96303 yes
43957 86259 no
01271 58605 no
25701 68191 no
00053 80821 no
16232 79544 yes
15946 51358 no
77307 43957 no
06016 61059 yes
31360 26571 no
62003 89184 yes
27323 97652 no
89176 43662 yes
85768 30207 yes
23808 49169 no
74730 58297 yes
73290 16232 no
73284 68191 yes
80373 41876 no
39524 58264 yes
39615 17777 no
61059 78689 yes
51273 47138 yes
31127 69360 yes
73290 31127 no
92796 57165 no
38800 37286 no
86078 43957 yes
32345 58463 yes
77083 33071 yes
28370 57165 yes
77307 77307 yes
49622 51273 no
84329 85768 no
33071 49169 no
37286 85475 no
15619 34364 no
95874 00053 no
85768 46188 yes
09067 97326 no
73284 34364 yes
33071 73290 yes
82032 30207 no
32305 72623 no
78713 88774 no
68191 98104 no
08060 76717 yes
84149 41221 no
28009 86479 yes
46549 69360 yes
46549 04316 no
46188 14008 no
83862 63003 no
10298 41876 yes
98812 84149 no
74021 78689 no
09371 06016 yes
24337 30188 yes
98812 02198 yes
38866 04345 no
74021 70170 no
47451 45715 no
99795 30188 no
28293 14737 yes
23808 77083 yes
85768 80821 no
04205 68025 yes
97439 41966 no
79544 43662 yes
68025 37076 no
41966 53572 no
75994 77307 no
99795 82798 no
83273 63003 no
52589 00750 no
23808 21162 yes
10525 76665 no
26571 15946 no
14737 83862 no
32345 69786 yes
98812 60644 yes
63552 04636 yes
62003 68025 no
60644 86078 no
80373 63552 yes
68025 38800 yes
20403 80821 yes
45623 70496 no
78689 54158 no
32345 47451 no
82798 90251 no
End
