Graph
5850 8015
0138 0138
2013 5894
4898 0887
6736 4898
5254 8802
7896 5254
1010 6488
1969 8802
4336 8562
3475 8015
6277 4336
6690 8070
6690 5316
6325 6325
1669 8562
4283 2768
7482 8133
0138 5254
7111 7388
5699 6488
8015 5850
1669 5166
8015 1969
8015 6325
1683 3002
5166 9750
1669 3002
8562 3102
7388 6736
2013 2013
6277 2003
2768 8265
6488 1010
8802 5254
1716 1716
7482 8243
2768 4283
0887 7111
1716 0887
4898 1716
8015 8549
8243 8133
7760 7482
1010 5894
6596 6690
1683 8562
6736 8070
8562 9750
8562 8562
5699 5894
7198 5850
5254 8549
8133 5166
7388 6596
7111 6596
8015 0138
2003 8133
1342 3002
3102 6277
2768 5699
6277 1683
4898 7388
6488 0073
2768 5699
5254 1969
8133 6277
2768 5699
0887 7388
7388 4898
6277 1683
8070 1716
1683 1342
6690 4898
7896 7198
6690 1716
7388 5316
6488 4283
5254 7198
8070 7388
7111 7388
2768 0073
7111 5316
1716 7388
5316 1716
5699 2013
5254 8802
7760 1669
0887 7111
Queries
4283 8015
8070 5316
8562 4336
6325 5316
6325 8015
5316 0887
1010 1683
1969 8802
1010 8243
8015 2013
1683 1683
5894 8265
5894 6736
6596 8070
7896 7198
4283 1716
1969 8802
8070 7388
6690 4898
1683 6277
6690 8265
7111 4898
8015 6325
2768 5316
7198 4898
6736 5850
8562 1969
0138 7760
1716 6488
8070 2768
6736 1669
5254 1969
5850 8265
6596 0073
0138 7896
6488 8549
1669 8802
1716 6277
8265 1010
5316 7111
4898 3475
6277 7482
6325 2013
6488 4283
4283 7198
7482 0073
2013 6690
8243 0138
1683 2003
4283 8070
5254 8243
5699 1010
8070 0073
6690 7388
2768 2013
6596 6690
8070 8243
5850 7896
7198 2013
5699 5850
5166 0073
7111 8070
1010 7388
1010 1010
5850 8070
5316 6596
6736 9750
7482 1969
4898 4898
2013 1342
7111 0887
8549 1010
1010 2768
5166 6488
8265 7198
4336 6277
2003 0887
6596 8549
5316 1010
8549 3475
7482 1683
7896 2768
8070 7111
6736 7482
6690 6596
1010 5850
8265 6488
7111 2768
0887 7388
5316 2768
8549 5254
8562 3102
6488 2003
2013 5316
1010 5699
2013 1716
0138 9750
8015 8549
Thinking
start 1683 src 1683
1683 3002 src 1683
1683 8562 src 1683
1683 6277 src 1683
1683 1342 src 1683
3002 1669 src 1683
8562 4336 src 1683
8562 3102 src 1683
8562 9750 src 1683
6277 2003 src 1683
6277 8133 src 1683
1669 5166 src 1683
1669 7760 src 1683
8133 7482 src 1683
8133 8243 src 1683
start 7388 src 7388
7388 7111 src 7388
7388 6736 src 7388
7388 6596 src 7388
7388 4898 src 7388
7388 0887 src 7388
7388 5316 src 7388
7388 8070 src 7388
7388 1716 src 7388
6596 6690 src 7388
start 2768 src 2768
2768 4283 src 2768
2768 8265 src 2768
2768 5699 src 2768
2768 0073 src 2768
4283 6488 src 2768
5699 5894 src 2768
5699 2013 src 2768
6488 1010 src 2768
start 5254 src 5254
5254 8802 src 5254
5254 7896 src 5254
5254 0138 src 5254
5254 8549 src 5254
5254 1969 src 5254
5254 7198 src 5254
0138 8015 src 5254
7198 5850 src 5254
8015 3475 src 5254
8015 6325 src 5254
Output
4283 8015 no
8070 5316 yes
8562 4336 yes
6325 5316 no
6325 8015 yes
5316 0887 yes
1010 1683 no
1969 8802 yes
1010 8243 no
8015 2013 no
1683 1683 yes
5894 8265 yes
5894 6736 no
6596 8070 yes
7896 7198 yes
4283 1716 no
1969 8802 yes
8070 7388 yes
6690 4898 yes
1683 6277 yes
6690 8265 no
7111 4898 yes
8015 6325 yes
2768 5316 no
7198 4898 no
6736 5850 no
8562 1969 no
0138 7760 no
1716 6488 no
8070 2768 no
6736 1669 no
5254 1969 yes
5850 8265 no
6596 0073 no
0138 7896 yes
6488 8549 no
1669 8802 no
1716 6277 no
8265 1010 yes
5316 7111 yes
4898 3475 no
6277 7482 yes
6325 2013 no
6488 4283 yes
4283 7198 no
7482 0073 no
2013 6690 no
8243 0138 no
1683 2003 yes
4283 8070 no
5254 8243 no
5699 1010 yes
8070 0073 no
6690 7388 yes
2768 2013 yes
6596 6690 yes
8070 8243 no
5850 7896 yes
7198 2013 no
5699 5850 no
5166 0073 no
7111 8070 yes
1010 7388 no
1010 1010 yes
5850 8070 no
5316 6596 yes
6736 9750 no
7482 1969 no
4898 4898 yes
2013 1342 no
7111 0887 yes
8549 1010 no
1010 2768 yes
5166 6488 no
8265 7198 no
4336 6277 yes
2003 0887 no
6596 8549 no
5316 1010 no
8549 3475 yes
7482 1683 yes
7896 2768 no
8070 7111 yes
6736 7482 no
6690 6596 yes
1010 5850 no
8265 6488 yes
7111 2768 no
0887 7388 yes
5316 2768 no
8549 5254 yes
8562 3102 yes
6488 2003 no
2013 5316 no
1010 5699 yes
2013 1716 no
0138 9750 no
8015 8549 yes
End
