Graph
09338 55215
03552 21697
53013 42465
41245 04952
90952 51792
04952 69874
18206 73874
57655 10660
04952 88711
20118 09338
85621 41661
41661 50710
24879 11023
03552 99243
69153 50071
99935 18222
60271 11692
42465 63093
85099 99935
32513 41162
38197 31748
67403 39786
90260 83389
20560 20560
44453 06222
38823 18069
21020 81680
24333 98778
12911 49242
43774 28986
98778 77407
66283 76152
94123 64124
97913 07824
09338 21361
24653 15117
20600 50480
40121 79098
82979 68521
21020 05711
79098 48962
89789 19945
65960 45689
35134 24333
60641 35639
63539 82779
50062 63307
21697 83793
91761 60424
73361 87714
10187 87714
86750 86087
64918 73809
02923 63759
34248 58105
07648 46699
99935 64450
50062 37998
59455 69153
03930 31372
63307 13862
79698 55280
99684 63721
05711 69153
82779 99935
98305 50062
98051 54756
05170 00245
20600 86750
11731 31948
25268 93043
42889 24209
65889 20600
88262 18069
11230 32513
99575 34935
31372 42390
73809 73809
56462 34570
34455 42889
24653 64450
63759 99243
67150 89815
48087 88689
77652 50480
65818 92102
34401 36150
93313 50591
43067 65470
89416 07648
20118 73809
38718 91820
12830 43067
98778 11278
65214 66948
95720 73874
72918 27649
07824 64918
17290 95134
66553 88247
25171 35265
30318 07154
21699 71424
32513 56653
84130 56462
60424 65025
50591 12787
01153 31748
07648 82779
06222 79098
71566 28710
34078 31948
74996 80618
01879 98305
63244 10660
50071 66553
86750 90024
38912 30318
10187 12735
78896 23001
84489 70454
95134 68521
67988 64450
85423 41245
50071 42390
90260 25355
00016 21572
11564 59455
91654 92102
50285 73819
49533 57655
03562 70454
06027 13337
00140 18029
70103 65960
46180 13862
07851 24333
51564 89815
66283 42609
65470 72631
53521 37927
66283 99086
12787 93313
17290 15117
20623 24879
12911 57100
15085 50584
21572 71424
50586 22071
90446 17830
99735 60641
84441 18206
23001 60424
31985 95369
46699 70454
66912 12830
07648 31472
82079 45325
94123 42465
55215 51564
12787 25712
88834 77070
34570 11692
76152 58165
25355 04868
67577 04868
42770 94123
38718 49242
21361 46574
23335 24209
82602 88834
00140 88247
70454 82602
35265 73819
52764 32169
59199 33060
59199 42609
23200 77407
74996 56462
15085 37231
45325 82779
15117 74036
07676 03562
20623 45325
95134 45325
82602 43202
97721 82779
65657 59455
82602 31748
41484 98778
35134 18069
67150 99186
74847 76331
56664 90024
36195 17404
40269 24879
31472 03687
10554 73560
56462 31372
32372 92557
42390 21699
02923 26182
89748 94805
61919 42672
20600 90952
82493 00016
38912 67403
04946 23001
06704 72631
78053 89748
50071 93018
24209 91654
87714 98051
55873 56653
03562 56952
56664 55215
66553 20613
33892 90392
55671 00245
35257 65409
35537 26182
77652 67577
35257 15085
05170 98305
63244 17404
29279 91761
37673 46574
50586 17290
88689 32169
02070 50591
42465 56653
02949 51792
78896 02923
65214 73560
55873 32513
24333 98051
79698 08466
07154 91761
89789 37927
15117 07648
85099 01966
33060 31985
51646 83793
49242 64707
69874 90260
93827 12830
42672 91761
51262 87658
91654 92102
90731 56695
41661 12911
10187 80420
00140 26457
93043 25268
77290 72918
30318 63702
95134 18222
92102 40269
13862 09252
23200 36195
90731 08008
96102 31956
82979 16760
88247 56664
77972 94123
40121 91761
65960 95369
25631 03930
18029 37927
18206 69153
11692 49347
99086 37998
88247 26164
90463 88834
04946 46088
64918 74036
99243 57100
45325 85293
46901 45600
19889 73819
13862 11230
04868 82079
52187 97913
84441 26164
10660 42254
25631 73809
34228 62775
11278 07851
40121 48962
74036 04868
93043 32169
37927 71424
06027 26182
34306 94805
33060 17785
06027 12735
65657 73809
84130 25268
06027 61287
09252 39786
13337 38912
53870 50285
50591 99651
88711 88953
61287 94805
04998 90392
62028 55280
84963 26457
82602 73560
63721 88689
32513 42857
89748 12280
37673 81788
11023 65818
91820 56653
37844 53521
15117 20613
87658 55873
35265 10660
00245 10660
98778 12735
61287 38912
41162 95760
82602 88741
99575 04868
58105 08008
18652 40121
65889 60271
46901 89789
67577 91510
95836 31472
93054 13337
88689 42390
36812 50480
50071 36812
49347 69874
67988 88741
21361 88834
34248 62028
38718 56695
90446 25712
22071 34455
09252 39967
91641 84441
59199 02070
04868 93043
98778 95369
37998 08008
06027 90392
69460 89748
69460 93820
77407 49242
64918 51792
65025 99086
03562 20600
36150 38823
99684 63721
45325 25631
72631 64707
93043 65889
18029 71424
57655 60641
32372 77070
42770 15085
23001 11731
87714 35537
17830 35265
81680 83389
89748 42254
40121 42770
91761 36150
67988 90463
34401 98305
73809 70454
13337 05566
34228 80618
04952 45325
43657 39967
75738 01879
54842 67988
50480 68521
37927 95134
70454 22071
46901 82493
94916 68521
09252 78053
82979 07824
70750 58165
19889 73819
45600 11564
49347 09338
90446 99735
41245 93450
48962 96763
18206 34935
94805 78053
12787 41484
20600 56664
16481 38718
94916 66553
77290 99575
24333 35639
94916 73809
04946 89748
24653 88741
46574 84489
97721 51792
72918 77070
06704 76331
21697 34401
10187 77972
18222 50586
98778 55280
04952 62775
03562 46901
95760 25712
10554 92281
13337 53013
21361 04952
46088 42770
18206 03562
25631 82779
67150 31967
38718 24333
78460 56952
99243 37231
28710 37927
09338 94916
21361 00016
53521 68521
29279 87714
35537 29279
85099 89789
30318 42770
77972 42857
63721 84489
41484 65960
50591 37998
22071 65818
70750 67403
31472 03687
85293 26457
56695 50584
07676 99684
58105 73361
85621 06027
42857 50710
95836 66553
88741 52188
34228 37927
13205 95760
15117 78460
43202 04952
77972 73819
06704 56653
17290 31472
23001 19458
04952 92557
07851 34401
11278 10187
19945 90463
20623 95134
10554 31472
20613 22071
06222 83793
12787 56653
48087 45325
92102 07676
79698 65025
12280 31788
79698 06027
20118 97913
22319 77070
79098 63244
01455 80420
37998 90392
88741 49347
20600 67150
20613 63336
31985 57215
00245 93820
67988 93450
97721 63721
95134 67577
06704 95760
54587 35134
52764 22319
45600 71566
53013 41162
11564 84489
97721 20600
93450 48087
12911 01455
78896 35265
44453 06222
63539 70454
39967 20560
94790 66283
31948 93827
91761 01879
02949 22071
18029 52187
33060 67403
99735 46180
95369 04998
23335 48461
57100 90446
74847 37998
93043 64450
82779 00140
88711 01966
70454 42390
64450 99186
32372 70454
18029 24879
64707 19889
61919 08008
37844 11564
29279 57655
03930 94916
12280 15085
35639 77972
17404 29279
99684 11023
64124 31788
07648 51564
05566 90392
48461 88741
92557 92281
93970 13205
31788 53870
01455 26182
87714 21697
43067 42672
96102 35537
06027 59199
25631 89789
43067 17830
48087 88247
13205 31788
78460 77290
67150 71566
05170 43155
42806 31748
90463 63721
74996 24879
12911 17785
78896 58165
38197 81788
91820 13337
70454 65214
70750 56695
54587 62028
88262 40121
04952 54842
40269 42889
25631 37927
56462 93043
09338 93450
64450 65657
54587 80585
65657 91641
91654 27649
17830 93970
70103 42609
46699 18222
88953 91641
31967 20613
84963 21572
86750 09338
49242 53013
31956 42254
25268 56664
82493 77290
63244 98778
36812 84130
93970 02070
29279 99086
03930 43774
24333 83793
48087 90463
99735 66283
40121 35134
95369 34248
25268 62723
35134 91006
70454 68521
50584 50710
50480 38197
78460 85423
07851 50591
23001 10660
78896 42609
08008 70103
99735 50710
21020 18206
66948 52851
25712 58105
84441 63721
95134 99684
21572 67577
52188 65818
63307 62028
35265 19458
80585 70103
17830 31956
73560 65657
37231 24333
94790 08008
13337 85621
59199 42672
28986 91654
06704 34248
73560 56462
85621 34306
65889 22071
36195 66283
12911 50710
13337 63244
42889 16760
37231 35257
88262 40121
61287 26182
05711 67577
73361 18652
17830 20560
44453 51646
04998 04946
23001 13337
03687 67150
27649 83389
03687 82779
59455 17290
25268 24879
39786 33892
98305 99735
42889 07824
51262 94123
91820 05566
74036 90463
17404 76331
28710 42806
07851 57100
46574 92281
59199 35257
50584 35537
33892 93970
49242 42465
82079 52188
96102 55280
42806 15117
48087 46699
94790 66283
12830 56653
54756 21697
93043 37927
38898 24333
22071 82602
42857 88262
76152 45689
82779 23335
80618 62723
95369 03552
24209 25268
25712 37998
24209 23335
56462 82979
98051 91761
99935 28986
17404 50285
98778 33892
25631 51564
34570 42806
72918 20613
92102 05711
85423 93450
62723 92557
50584 08466
54587 65960
28986 92557
42770 63307
07851 10187
99243 25171
31985 17785
85423 31748
90260 64461
90463 04868
67403 46180
54756 29279
19889 91006
17404 25712
95134 59455
65889 07648
35537 63307
31967 07648
13337 54587
33892 98305
03687 66948
35265 69460
96763 31985
23200 03552
63093 18652
10187 45689
55215 34935
26182 74847
66912 37231
37673 25355
90392 73361
95720 63539
85293 74036
71566 95720
31956 36195
16760 71566
70103 80420
50071 88834
43202 63721
94790 42609
37927 52187
34455 09338
58105 78053
87658 73819
66948 93043
49347 18206
21572 42390
49242 19458
45600 90952
02923 38823
21572 88953
67150 91654
61919 57215
69153 95720
91006 12280
43657 32513
99186 93018
83389 43774
26164 05711
24333 09252
77972 42672
56664 88711
39967 61287
91761 12280
61919 67403
86087 84130
26457 95134
71566 24653
25631 89416
82493 63539
08466 94790
23001 98778
00245 58165
25268 32372
56462 70454
73361 54587
56664 95720
35537 07154
81788 59455
77972 24333
26182 07154
88741 65657
71424 25631
08008 60424
10554 24209
07154 20560
46180 50062
25171 65025
98778 55280
16481 63093
42770 26182
94123 86576
85293 65889
95720 10554
20600 11692
22319 90024
07851 57655
65409 34306
01645 74996
63759 18652
93313 78053
49533 94805
13205 38718
64461 31372
65470 11731
18029 95134
04998 54756
50071 04952
64461 31967
74847 44453
39967 12787
53013 41162
37844 51564
16481 23001
07824 77070
91510 17290
65025 88262
57100 00245
94123 31956
02949 16760
39967 19889
48461 73809
50591 41661
71424 01645
74036 73560
05566 12280
42465 31788
88741 65214
54587 63307
46901 99186
90260 46699
64918 01966
54756 58105
13862 99086
52187 17290
45689 15085
40121 30318
95369 81867
07851 51646
81680 25631
31956 02070
63702 34078
72918 68521
24333 46180
50071 91654
21361 84130
32169 95720
01455 40121
40121 93970
03687 24879
85423 94916
94916 91510
46901 71424
34248 51262
06704 59199
46088 34248
69153 18222
35134 63244
49242 32513
50591 17785
96102 50285
90024 00016
83793 96763
72918 94916
96763 19458
46699 90260
82079 52851
42609 19889
78053 00245
74996 20600
36195 54756
66948 77070
58105 17785
90952 50071
71566 78460
91820 31788
25631 34570
38898 04998
18069 06704
83389 64450
12830 91820
03930 25268
01879 38823
35265 93970
28986 80618
67403 78896
48087 77290
67988 90260
31748 82079
92102 05711
42609 12787
69153 46699
92102 62723
62028 75738
85621 93054
94123 26182
90024 00140
22319 82779
13337 65025
19945 56952
42390 45600
49533 79098
46574 21572
80618 65889
89789 99684
92281 42889
03552 65025
68521 62775
41245 90952
24333 72631
84489 42806
41162 42672
12911 50591
65657 09338
32731 91761
98778 01455
78896 87658
21699 77070
07154 34078
07648 72918
91761 33892
35134 33060
89815 45600
57215 48962
48461 50480
90260 21020
43067 93820
91641 91654
95134 46574
37231 63759
51646 91006
77972 65025
42390 11564
88741 95836
34248 65960
64918 46699
06704 50062
71424 90952
51564 50071
90446 36195
96763 60641
99651 94805
91761 73819
31372 37927
49242 35257
11692 82779
65025 36150
64450 42889
89416 88834
78896 94123
52187 03687
41484 69460
11230 94790
03562 67150
67988 60271
93313 11731
95134 46901
50071 93450
26182 73819
56462 82602
68379 12280
07824 18222
46180 35265
77070 25355
98305 36150
01879 31948
08466 77972
74996 62775
99186 50480
20560 35537
12735 91820
31372 34935
00140 67988
52187 82602
99186 85099
41661 42465
25268 42806
51646 96102
94123 67403
11692 67150
84489 00140
53870 36195
89416 62775
64461 86750
55671 91761
37673 62775
92281 60271
66912 19889
04952 51792
01879 35134
00016 51564
66912 18069
35257 12911
84130 64450
19945 20118
31956 31788
10187 03552
93827 99086
39967 34248
67403 63759
79698 42254
04946 04998
44453 95760
67403 65025
28710 20623
15117 84130
31985 13862
89789 85423
91510 70454
04952 83389
11230 78896
42889 07824
98305 61919
12830 65960
82493 21699
70103 31788
25631 03930
77070 91654
41661 96763
38197 88953
20560 18069
95134 73874
31967 89815
24209 71424
93820 58165
28710 88247
15117 07676
70103 99243
55280 70750
79698 66283
65960 42770
08466 40121
42609 11230
72918 63721
12830 09252
87658 05566
70750 35265
93313 64707
65960 76152
08008 50591
94790 36150
30318 20560
36812 59455
44453 90731
35639 49242
76331 60641
65214 59455
63244 39786
21572 64461
99186 95134
19458 19889
06027 63307
88834 43774
92281 04952
88262 43155
91654 26164
99575 72918
78053 41661
62775 24209
56462 92281
54756 34248
73361 53870
77652 25631
64450 72918
00245 86576
55280 33060
00016 81680
94790 13337
95369 04998
51564 88834
01153 50586
32169 82493
31948 06027
51564 77070
69460 63244
77972 19889
00245 43657
18069 65409
05170 60424
51262 56653
67988 66553
99086 65960
31472 73809
04952 84963
06704 93827
07824 97913
06704 65025
11692 88834
12911 06704
87714 61287
25171 34306
99935 36812
56462 84963
13337 63759
31372 41245
42609 56695
38823 42672
55215 11692
50586 34570
21361 15117
49242 56695
07851 81867
86576 02070
01153 23335
37231 34078
59199 86576
93313 59199
13862 67403
95720 68521
26457 19945
92557 83389
35257 55280
Queries
56695 52764
43774 17290
34078 43155
89416 35257
50586 10554
90024 90731
07154 94916
83389 74847
91761 24333
81680 99186
70750 31748
42390 23001
31372 99086
77290 78053
66912 21699
55671 71424
26164 90446
53521 26164
23335 66948
45325 48461
21572 16760
63759 60424
95134 65818
51262 28710
93018 38912
54756 34401
53013 19945
77652 93018
77972 97721
65818 96102
21697 17785
67577 11278
62723 42857
34570 20613
50285 50710
96763 65960
56695 58165
07824 86087
73361 91641
20613 76152
64124 24333
06027 91006
65214 58165
42806 46901
93827 17290
87658 24653
35639 55215
37844 31788
85293 04998
42770 99575
53870 02949
41245 32513
08466 12830
65214 99651
39786 65818
73560 49242
43155 64918
18029 62723
97721 08466
42609 07824
99186 26457
11731 09338
82493 69153
04868 95369
13862 76331
78460 91761
41245 29279
11278 01966
89416 21020
46699 31472
55215 59455
91510 37844
22319 55671
90446 08466
91006 88741
50586 62028
50584 84489
77070 42672
40121 44453
98305 86750
20623 50062
40269 84130
51262 98305
34455 34401
55280 69460
43202 72631
76331 33060
00016 18029
23335 49533
15117 43155
08008 90260
16760 98051
34401 11692
89789 99735
23335 74036
80420 15117
26164 69153
52851 89748
94123 81680
07154 81867
42465 04952
20118 30318
20613 35257
95369 48962
06222 78053
99651 63336
93820 07648
68379 05711
28986 26457
36150 15117
81867 54587
94790 85099
91510 70103
20613 94805
99735 05170
64918 93313
26457 99651
61287 31748
16760 68379
12830 31472
11278 60424
69460 85423
43067 42857
89815 84489
15117 37673
56653 55671
34935 50285
61287 74847
99086 56952
65214 42672
82079 55215
11731 26457
10660 54842
77070 93827
02949 01645
88741 79698
72631 99684
99086 63539
80585 81788
99651 88689
63759 54756
12830 76152
70750 48962
63093 77407
73809 81788
79698 82779
85621 37998
83793 02923
11023 01645
02949 43774
55671 94123
24653 98051
65960 45600
24333 92557
28710 78053
07824 20623
11692 63759
07851 57655
63244 85423
02923 24333
97913 42390
59199 42254
35134 55280
45600 21697
00245 84441
03552 69874
56664 91510
33060 65214
46088 31748
24653 37673
21361 22071
34306 42465
67988 24879
21699 52188
84130 86576
94123 90463
12280 93043
07154 65657
54842 64707
41484 38898
02923 93043
38912 72918
92557 46901
57215 62723
00140 65025
29279 12735
11230 65818
10660 15085
11731 50480
77972 64918
01879 07676
46574 03930
20613 57100
71424 39786
20118 79098
95369 42889
00140 43657
88262 35537
13337 36195
76152 45600
77070 24333
77070 40121
65889 99935
81680 65657
48461 94123
18029 81867
94790 19458
19945 76152
91510 24879
20118 84441
93827 44453
99935 46088
05711 61919
39967 04952
18069 77407
88247 53870
16481 64450
07851 88953
38823 85423
21572 38718
21699 82779
44453 63336
95760 91510
99684 61919
66948 31748
99935 45600
31472 56952
01879 82493
99684 41484
93827 40269
13337 36195
56695 93054
73361 77407
35537 42465
66283 89416
60424 65409
99651 04998
88834 65409
43155 65409
26182 56664
81680 98051
95836 11023
77407 13862
90260 05566
64461 99086
55215 86750
07648 90952
25631 34570
31748 33060
61287 88953
11564 29279
11692 61919
50586 23200
50480 04952
19458 01966
37231 16760
76331 33060
65470 55280
46180 38898
01153 42857
24879 36195
35257 93970
22319 42672
91641 25268
08008 63759
13862 04998
50071 74847
46574 76152
91820 62723
43202 53521
25268 07824
82493 87658
84130 82779
85099 66948
01966 56653
67150 79098
07154 66912
93827 77652
87658 76331
52188 65214
36195 66912
66912 97913
34455 65409
67988 64461
64707 55873
74847 86087
13337 77652
50071 53870
49242 85099
00016 02070
34570 32169
88247 94123
02070 07824
67988 02070
51646 31748
03552 35257
11692 50591
19945 83389
31956 45325
15085 60271
59199 71566
41484 77407
76331 50710
52764 50480
38197 12280
43774 63539
84130 50285
97721 75738
91761 40269
97913 21697
64450 89789
73819 24653
17290 20613
34306 87714
51564 73809
69874 42889
67150 63336
13205 65657
86576 46901
42390 99684
17830 13337
26164 16760
34306 21572
12280 46180
04998 54842
65214 74847
62028 09252
37998 20613
54587 98778
44453 55215
50710 74996
48461 70750
11023 11230
67988 04946
88247 28710
31985 41245
25712 05170
20600 23335
73874 05170
50586 82493
02070 42806
38718 96102
65214 02923
65818 31472
90952 91761
24879 86087
21361 83793
87658 78053
38912 78460
99243 12830
92102 04868
52764 84130
98778 38823
93043 04998
13862 71424
21361 88247
12830 97721
57655 73560
40269 34401
89815 44453
04952 90731
17404 66283
34570 63307
88834 00140
79098 84963
32169 56462
42770 00140
93043 69874
43774 01153
20118 04998
88689 02949
60424 78896
64918 71566
49347 04952
00140 16481
66912 85423
81867 70103
25268 92102
93827 78460
01879 89815
07851 59199
11023 92281
72918 77972
34306 36812
41484 95720
34248 99735
18029 85621
90463 11023
94805 66553
20118 65214
57655 51792
25268 91761
27649 59455
76152 65214
65657 13862
18069 52764
54756 17404
22071 05566
64450 45325
21020 24333
73874 42889
35639 63721
99935 96102
31967 06027
06222 03687
11278 34248
08466 50480
51792 46088
04868 60271
13337 17404
64450 00016
07154 93820
97721 35265
85293 88689
19945 93450
82602 38197
84489 12911
66283 54756
50071 80618
04946 64124
90731 91510
29279 00245
64707 72631
33060 18206
32731 10660
72631 55215
15117 83389
96763 56952
89815 34306
88689 40121
62775 43155
90463 88834
15117 33060
62723 45325
48087 52187
50584 01455
13862 39786
49347 65470
67403 66283
93043 67988
31372 73361
73560 50062
32169 73809
05170 55280
06704 09252
24209 04946
66553 82779
59199 33892
Thinking
start 65025 src 65025
65025 60424 src 65025
65025 99086 src 65025
65025 79698 src 65025
65025 25171 src 65025
65025 88262 src 65025
65025 13337 src 65025
65025 03552 src 65025
65025 77972 src 65025
65025 36150 src 65025
65025 67403 src 65025
65025 06704 src 65025
60424 91761 src 65025
60424 23001 src 65025
60424 08008 src 65025
60424 05170 src 65025
99086 66283 src 65025
99086 37998 src 65025
99086 29279 src 65025
99086 13862 src 65025
99086 93827 src 65025
99086 65960 src 65025
79698 55280 src 65025
79698 08466 src 65025
79698 06027 src 65025
79698 42254 src 65025
25171 35265 src 65025
25171 99243 src 65025
25171 34306 src 65025
88262 18069 src 65025
88262 40121 src 65025
88262 42857 src 65025
88262 43155 src 65025
13337 38912 src 65025
13337 93054 src 65025
13337 05566 src 65025
13337 53013 src 65025
13337 91820 src 65025
13337 85621 src 65025
13337 63244 src 65025
13337 54587 src 65025
13337 94790 src 65025
13337 63759 src 65025
03552 21697 src 65025
03552 95369 src 65025
03552 23200 src 65025
03552 10187 src 65025
77972 94123 src 65025
77972 73819 src 65025
77972 35639 src 65025
77972 42672 src 65025
77972 24333 src 65025
77972 19889 src 65025
36150 34401 src 65025
36150 38823 src 65025
36150 98305 src 65025
67403 39786 src 65025
67403 70750 src 65025
67403 33060 src 65025
67403 46180 src 65025
67403 61919 src 65025
67403 78896 src 65025
06704 72631 src 65025
06704 76331 src 65025
06704 56653 src 65025
06704 95760 src 65025
06704 34248 src 65025
06704 59199 src 65025
06704 50062 src 65025
06704 12911 src 65025
91761 07154 src 65025
91761 01879 src 65025
91761 98051 src 65025
91761 12280 src 65025
91761 32731 src 65025
91761 33892 src 65025
91761 55671 src 65025
23001 04946 src 65025
23001 11731 src 65025
23001 19458 src 65025
23001 10660 src 65025
23001 98778 src 65025
23001 16481 src 65025
08008 90731 src 65025
08008 58105 src 65025
08008 70103 src 65025
08008 50591 src 65025
05170 00245 src 65025
66283 76152 src 65025
66283 42609 src 65025
66283 99735 src 65025
66283 36195 src 65025
37998 90392 src 65025
37998 74847 src 65025
37998 25712 src 65025
29279 87714 src 65025
29279 35537 src 65025
29279 57655 src 65025
29279 17404 src 65025
29279 54756 src 65025
13862 63307 src 65025
13862 09252 src 65025
13862 11230 src 65025
13862 31985 src 65025
93827 12830 src 65025
93827 31948 src 65025
65960 45689 src 65025
65960 41484 src 65025
65960 42770 src 65025
55280 62028 src 65025
55280 96102 src 65025
55280 35257 src 65025
08466 50584 src 65025
06027 26182 src 65025
06027 12735 src 65025
06027 61287 src 65025
42254 89748 src 65025
42254 31956 src 65025
35265 17830 src 65025
35265 69460 src 65025
35265 93970 src 65025
99243 57100 src 65025
99243 37231 src 65025
34306 94805 src 65025
34306 65409 src 65025
18069 35134 src 65025
18069 66912 src 65025
18069 20560 src 65025
40121 79098 src 65025
40121 48962 src 65025
40121 18652 src 65025
40121 30318 src 65025
40121 01455 src 65025
42857 32513 src 65025
42857 50710 src 65025
05566 87658 src 65025
53013 42465 src 65025
53013 41162 src 65025
53013 49242 src 65025
91820 38718 src 65025
91820 31788 src 65025
85621 41661 src 65025
54587 80585 src 65025
54587 73361 src 65025
63759 02923 src 65025
21697 83793 src 65025
95369 04998 src 65025
95369 81867 src 65025
23200 77407 src 65025
10187 80420 src 65025
10187 11278 src 65025
10187 07851 src 65025
94123 64124 src 65025
94123 51262 src 65025
94123 86576 src 65025
73819 50285 src 65025
35639 60641 src 65025
42672 43067 src 65025
24333 38898 src 65025
19889 64707 src 65025
19889 91006 src 65025
19889 39967 src 65025
70750 58165 src 65025
70750 56695 src 65025
33060 17785 src 65025
61919 57215 src 65025
72631 65470 src 65025
56653 55873 src 65025
56653 12787 src 65025
95760 13205 src 65025
95760 44453 src 65025
34248 46088 src 65025
59199 02070 src 65025
59199 93313 src 65025
07154 34078 src 65025
01879 75738 src 65025
12280 15085 src 65025
12280 68379 src 65025
19458 96763 src 65025
16481 63093 src 65025
58105 78053 src 65025
50591 99651 src 65025
00245 93820 src 65025
00245 43657 src 65025
99735 90446 src 65025
36195 53870 src 65025
57655 49533 src 65025
96102 51646 src 65025
79098 06222 src 65025
30318 63702 src 65025
start 67988 src 67988
67988 64450 src 67988
67988 88741 src 67988
67988 90463 src 67988
67988 54842 src 67988
67988 93450 src 67988
67988 90260 src 67988
67988 60271 src 67988
67988 00140 src 67988
67988 66553 src 67988
64450 99935 src 67988
64450 24653 src 67988
64450 93043 src 67988
64450 99186 src 67988
64450 65657 src 67988
64450 83389 src 67988
64450 42889 src 67988
64450 84130 src 67988
64450 72918 src 67988
88741 82602 src 67988
88741 52188 src 67988
88741 49347 src 67988
88741 48461 src 67988
88741 65214 src 67988
88741 95836 src 67988
90463 88834 src 67988
90463 19945 src 67988
90463 63721 src 67988
90463 48087 src 67988
90463 74036 src 67988
90463 04868 src 67988
54842 04952 src 67988
93450 41245 src 67988
93450 09338 src 67988
93450 85423 src 67988
93450 50071 src 67988
90260 25355 src 67988
90260 69874 src 67988
90260 64461 src 67988
90260 46699 src 67988
90260 21020 src 67988
60271 11692 src 67988
60271 65889 src 67988
60271 92281 src 67988
00140 18029 src 67988
00140 88247 src 67988
00140 26457 src 67988
00140 82779 src 67988
00140 90024 src 67988
00140 84489 src 67988
66553 20613 src 67988
66553 94916 src 67988
99935 18222 src 67988
99935 85099 src 67988
99935 28986 src 67988
99935 36812 src 67988
24653 15117 src 67988
24653 71566 src 67988
93043 25268 src 67988
93043 32169 src 67988
93043 56462 src 67988
93043 37927 src 67988
93043 66948 src 67988
99186 67150 src 67988
99186 93018 src 67988
99186 46901 src 67988
99186 50480 src 67988
99186 95134 src 67988
65657 59455 src 67988
65657 73809 src 67988
65657 91641 src 67988
65657 73560 src 67988
83389 81680 src 67988
83389 27649 src 67988
83389 43774 src 67988
83389 92557 src 67988
42889 24209 src 67988
42889 34455 src 67988
42889 40269 src 67988
42889 16760 src 67988
42889 07824 src 67988
84130 86087 src 67988
84130 21361 src 67988
72918 77290 src 67988
72918 77070 src 67988
72918 68521 src 67988
72918 07648 src 67988
72918 99575 src 67988
82602 70454 src 67988
82602 43202 src 67988
82602 31748 src 67988
82602 22071 src 67988
82602 52187 src 67988
52188 65818 src 67988
52188 82079 src 67988
49347 18206 src 67988
48461 23335 src 67988
95836 31472 src 67988
88834 89416 src 67988
88834 51564 src 67988
19945 89789 src 67988
19945 56952 src 67988
19945 20118 src 67988
63721 99684 src 67988
63721 88689 src 67988
63721 97721 src 67988
63721 84441 src 67988
48087 45325 src 67988
74036 64918 src 67988
74036 85293 src 67988
04868 67577 src 67988
04952 88711 src 67988
04952 62775 src 67988
04952 51792 src 67988
04952 84963 src 67988
41245 90952 src 67988
41245 31372 src 67988
09338 55215 src 67988
09338 86750 src 67988
85423 78460 src 67988
50071 69153 src 67988
50071 42390 src 67988
50071 91654 src 67988
25355 37673 src 67988
64461 31967 src 67988
64461 21572 src 67988
21020 05711 src 67988
11692 34570 src 67988
11692 20600 src 67988
65889 80618 src 67988
92281 10554 src 67988
92281 46574 src 67988
18029 71424 src 67988
18029 24879 src 67988
88247 56664 src 67988
88247 26164 src 67988
88247 28710 src 67988
82779 63539 src 67988
82779 25631 src 67988
82779 03687 src 67988
82779 22319 src 67988
90024 00016 src 67988
84489 11564 src 67988
84489 42806 src 67988
20613 63336 src 67988
94916 03930 src 67988
94916 91510 src 67988
18222 50586 src 67988
85099 01966 src 67988
15117 17290 src 67988
15117 07676 src 67988
71566 45600 src 67988
71566 95720 src 67988
25268 62723 src 67988
25268 32372 src 67988
32169 52764 src 67988
32169 82493 src 67988
56462 74996 src 67988
56462 82979 src 67988
37927 53521 src 67988
37927 34228 src 67988
66948 52851 src 67988
67150 89815 src 67988
67150 03562 src 67988
50480 77652 src 67988
50480 38197 src 67988
95134 20623 src 67988
95134 73874 src 67988
59455 81788 src 67988
91641 88953 src 67988
40269 92102 src 67988
16760 02949 src 67988
07824 97913 src 67988
77070 21699 src 67988
99575 34935 src 67988
31748 01153 src 67988
65818 11023 src 67988
51564 37844 src 67988
71424 01645 src 67988
Output
56695 52764 no
43774 17290 yes
34078 43155 yes
89416 35257 no
50586 10554 yes
90024 90731 no
07154 94916 no
83389 74847 no
91761 24333 yes
81680 99186 yes
70750 31748 no
42390 23001 no
31372 99086 no
77290 78053 no
66912 21699 no
55671 71424 no
26164 90446 no
53521 26164 yes
23335 66948 yes
45325 48461 yes
21572 16760 yes
63759 60424 yes
95134 65818 yes
51262 28710 no
93018 38912 no
54756 34401 yes
53013 19945 no
77652 93018 yes
77972 97721 no
65818 96102 no
21697 17785 yes
67577 11278 no
62723 42857 no
34570 20613 yes
50285 50710 yes
96763 65960 yes
56695 58165 yes
07824 86087 yes
73361 91641 no
20613 76152 no
64124 24333 yes
06027 91006 yes
65214 58165 no
42806 46901 yes
93827 17290 no
87658 24653 no
35639 55215 no
37844 31788 no
85293 04998 no
42770 99575 no
53870 02949 no
41245 32513 no
08466 12830 yes
65214 99651 no
39786 65818 no
73560 49242 no
43155 64918 no
18029 62723 yes
97721 08466 no
42609 07824 no
99186 26457 yes
11731 09338 no
82493 69153 yes
04868 95369 no
13862 76331 yes
78460 91761 no
41245 29279 no
11278 01966 no
89416 21020 yes
46699 31472 yes
55215 59455 yes
91510 37844 yes
22319 55671 no
90446 08466 yes
91006 88741 no
50586 62028 no
50584 84489 no
77070 42672 no
40121 44453 yes
98305 86750 no
20623 50062 no
40269 84130 yes
51262 98305 yes
34455 34401 no
55280 69460 yes
43202 72631 no
76331 33060 yes
00016 18029 yes
23335 49533 no
15117 43155 no
08008 90260 no
16760 98051 no
34401 11692 no
89789 99735 no
23335 74036 yes
80420 15117 no
26164 69153 yes
52851 89748 no
94123 81680 no
07154 81867 yes
42465 04952 no
20118 30318 no
20613 35257 no
95369 48962 yes
06222 78053 yes
99651 63336 no
93820 07648 no
68379 05711 no
28986 26457 yes
36150 15117 no
81867 54587 yes
94790 85099 no
91510 70103 no
20613 94805 no
99735 05170 yes
64918 93313 no
26457 99651 no
61287 31748 no
16760 68379 no
12830 31472 no
11278 60424 yes
69460 85423 no
43067 42857 yes
89815 84489 yes
15117 37673 yes
56653 55671 yes
34935 50285 no
61287 74847 yes
99086 56952 no
65214 42672 no
82079 55215 yes
11731 26457 no
10660 54842 no
77070 93827 no
02949 01645 yes
88741 79698 no
72631 99684 no
99086 63539 no
80585 81788 no
99651 88689 no
63759 54756 yes
12830 76152 yes
70750 48962 yes
63093 77407 yes
73809 81788 yes
79698 82779 no
85621 37998 yes
83793 02923 yes
11023 01645 yes
02949 43774 yes
55671 94123 yes
24653 98051 no
65960 45600 no
24333 92557 no
28710 78053 no
07824 20623 yes
11692 63759 no
07851 57655 yes
63244 85423 no
02923 24333 yes
97913 42390 yes
59199 42254 yes
35134 55280 yes
45600 21697 no
00245 84441 no
03552 69874 no
56664 91510 yes
33060 65214 no
46088 31748 no
24653 37673 yes
21361 22071 yes
34306 42465 yes
67988 24879 yes
21699 52188 yes
84130 86576 no
94123 90463 no
12280 93043 no
07154 65657 no
54842 64707 no
41484 38898 yes
02923 93043 no
38912 72918 no
92557 46901 yes
57215 62723 no
00140 65025 no
29279 12735 yes
11230 65818 no
10660 15085 yes
11731 50480 no
77972 64918 no
01879 07676 no
46574 03930 yes
20613 57100 no
71424 39786 no
20118 79098 no
95369 42889 no
00140 43657 no
88262 35537 yes
13337 36195 yes
76152 45600 no
77070 24333 no
77070 40121 no
65889 99935 yes
81680 65657 yes
48461 94123 no
18029 81867 no
94790 19458 yes
19945 76152 no
91510 24879 yes
20118 84441 yes
93827 44453 yes
99935 46088 no
05711 61919 no
39967 04952 no
18069 77407 yes
88247 53870 no
16481 64450 no
07851 88953 no
38823 85423 no
21572 38718 no
21699 82779 yes
44453 63336 no
95760 91510 no
99684 61919 no
66948 31748 yes
99935 45600 yes
31472 56952 yes
01879 82493 no
99684 41484 no
93827 40269 no
13337 36195 yes
56695 93054 yes
73361 77407 yes
35537 42465 yes
66283 89416 no
60424 65409 yes
99651 04998 yes
88834 65409 no
43155 65409 yes
26182 56664 no
81680 98051 no
95836 11023 yes
77407 13862 yes
90260 05566 no
64461 99086 no
55215 86750 yes
07648 90952 yes
25631 34570 yes
31748 33060 no
61287 88953 no
11564 29279 no
11692 61919 no
50586 23200 no
50480 04952 yes
19458 01966 no
37231 16760 no
76331 33060 yes
65470 55280 yes
46180 38898 yes
01153 42857 no
24879 36195 no
35257 93970 yes
22319 42672 no
91641 25268 yes
08008 63759 yes
13862 04998 yes
50071 74847 no
46574 76152 no
91820 62723 no
43202 53521 yes
25268 07824 yes
82493 87658 no
84130 82779 yes
85099 66948 yes
01966 56653 no
67150 79098 no
07154 66912 yes
93827 77652 no
87658 76331 yes
52188 65214 yes
36195 66912 yes
66912 97913 no
34455 65409 no
67988 64461 yes
64707 55873 yes
74847 86087 no
13337 77652 no
50071 53870 no
49242 85099 no
00016 02070 no
34570 32169 yes
88247 94123 no
02070 07824 no
67988 02070 no
51646 31748 no
03552 35257 yes
11692 50591 no
19945 83389 yes
31956 45325 no
15085 60271 no
59199 71566 no
41484 77407 yes
76331 50710 yes
52764 50480 yes
38197 12280 no
43774 63539 yes
84130 50285 no
97721 75738 no
91761 40269 no
97913 21697 no
64450 89789 yes
73819 24653 no
17290 20613 yes
34306 87714 yes
51564 73809 yes
69874 42889 yes
67150 63336 yes
13205 65657 no
86576 46901 no
42390 99684 yes
17830 13337 yes
26164 16760 yes
34306 21572 no
12280 46180 yes
04998 54842 no
65214 74847 no
62028 09252 yes
37998 20613 no
54587 98778 yes
44453 55215 no
50710 74996 no
48461 70750 no
11023 11230 no
67988 04946 no
88247 28710 yes
31985 41245 no
25712 05170 yes
20600 23335 yes
73874 05170 no
50586 82493 yes
02070 42806 no
38718 96102 yes
65214 02923 no
65818 31472 yes
90952 91761 no
24879 86087 yes
21361 83793 no
87658 78053 yes
38912 78460 no
99243 12830 yes
92102 04868 yes
52764 84130 yes
98778 38823 yes
93043 04998 no
13862 71424 no
21361 88247 yes
12830 97721 no
57655 73560 no
40269 34401 no
89815 44453 no
04952 90731 no
17404 66283 yes
34570 63307 no
88834 00140 yes
79098 84963 no
32169 56462 yes
42770 00140 no
93043 69874 yes
43774 01153 yes
20118 04998 no
88689 02949 yes
60424 78896 yes
64918 71566 yes
49347 04952 yes
00140 16481 no
66912 85423 no
81867 70103 yes
25268 92102 yes
93827 78460 no
01879 89815 no
07851 59199 yes
11023 92281 yes
72918 77972 no
34306 36812 no
41484 95720 no
34248 99735 yes
18029 85621 no
90463 11023 yes
94805 66553 no
20118 65214 yes
57655 51792 no
25268 91761 no
27649 59455 yes
76152 65214 no
65657 13862 no
18069 52764 no
54756 17404 yes
22071 05566 no
64450 45325 yes
21020 24333 no
73874 42889 yes
35639 63721 no
99935 96102 no
31967 06027 no
06222 03687 no
11278 34248 yes
08466 50480 no
51792 46088 no
04868 60271 yes
13337 17404 yes
64450 00016 yes
07154 93820 yes
97721 35265 no
85293 88689 yes
19945 93450 yes
82602 38197 yes
84489 12911 no
66283 54756 yes
50071 80618 yes
04946 64124 yes
90731 91510 no
29279 00245 yes
64707 72631 yes
33060 18206 no
32731 10660 yes
72631 55215 no
15117 83389 yes
96763 56952 no
89815 34306 no
88689 40121 no
62775 43155 no
90463 88834 yes
15117 33060 no
62723 45325 yes
48087 52187 yes
50584 01455 yes
13862 39786 yes
49347 65470 no
67403 66283 yes
93043 67988 yes
31372 73361 no
73560 50062 no
32169 73809 yes
05170 55280 yes
06704 09252 yes
24209 04946 no
66553 82779 yes
59199 33892 yes
End
