Graph
32207 58684
24901 17734
68468 61683
40825 60650
68074 80945
13291 47183
29218 15952
09798 29917
12700 57720
23288 15043
92455 38239
95229 44501
10532 74208
49297 53097
42944 84332
47703 60901
43294 27415
99069 77550
08023 93051
85345 56946
72224 35326
25233 27923
02472 90987
57630 32365
53606 79593
15353 13038
09260 62616
49870 39732
67737 86217
46482 39007
37832 11689
99667 15844
29917 16753
80945 47703
97078 59493
91521 78731
68468 00862
90915 77538
62616 20617
86196 39007
76757 80945
62616 62616
67597 75717
85775 52192
43257 27923
12627 73764
50113 79500
84400 59367
49870 48107
48234 61683
78984 51855
90915 35454
79593 48107
78207 49297
37832 20617
26912 66947
84664 29218
74208 94374
37913 09518
13038 59367
58611 12700
66947 09798
61683 15844
26912 02472
93321 15844
46506 58611
70704 87614
39732 27352
46067 25699
88183 66094
78981 64249
16753 77745
12700 51984
49297 76757
49849 52908
49655 50081
98085 94374
15043 11689
53683 02472
10532 47400
60650 40840
44501 05752
69121 33325
92773 78984
32207 58393
82432 61743
01938 90724
64249 18829
29218 06179
77296 00029
50113 44285
45000 36476
36333 59367
32365 97776
85775 00029
78981 75773
71810 49870
38635 17514
77885 82478
44456 56946
84400 84400
86196 02472
25233 42944
23284 09260
86821 22600
83138 57167
05268 31863
11847 15844
31594 50081
29283 13038
61743 32949
82432 51855
11689 36476
16539 82752
97789 56915
85775 19490
38635 56915
28771 16963
56745 44501
83138 44456
77550 57167
78984 15952
26912 09048
27354 99406
22600 15229
68468 79593
15353 77609
15952 76181
51984 27354
43294 52235
68468 35326
79210 42944
37725 58611
13038 50081
60901 60650
61627 72224
00227 91859
31863 61683
02144 67597
53683 92789
54928 17257
74208 62671
21179 84817
59493 22871
56771 46259
38841 67597
85345 10965
66830 74327
69121 43257
67774 42944
85911 24687
77885 93051
78207 52389
91011 82432
49029 24687
24687 42944
39732 15844
50553 67737
82752 66954
79337 50081
17734 56915
02472 86196
75915 07293
78981 06179
42944 10809
79337 49870
38635 83762
62671 76031
97078 25233
42944 06179
53606 76757
52389 08861
89815 00844
16753 66947
70704 67737
91859 59130
92789 68313
07293 34790
43469 32207
29917 88682
14137 43257
20564 19490
15844 93321
73106 68468
95454 56915
18377 67597
78731 62616
40825 28801
59350 95683
88183 66094
30616 88183
00844 54007
36405 00227
53338 86217
77885 23288
41006 95454
91011 41491
84332 35526
11689 78981
29917 75915
64087 15353
76181 11689
92773 14137
00862 63393
17835 50113
91521 08023
60650 53097
11847 78207
46412 59130
13038 39732
56946 34790
51855 43257
28801 00844
52542 13852
63393 61627
92789 49226
49870 58393
87720 59493
04138 51984
61683 76558
25699 09048
57720 38239
36282 88308
30616 61207
85775 32365
69121 87720
10965 52192
63393 75052
28771 49870
94105 49029
66094 90252
49280 33536
67597 32207
77609 65741
50594 58393
02138 33536
40840 05268
82432 04138
73106 71810
73764 94105
13563 93051
99667 16123
16963 79593
58591 54928
54928 47183
70704 32365
49029 25233
68629 45000
95167 13493
97776 94518
05467 09260
97078 67774
46067 24901
00029 01334
47703 63393
65741 59350
09518 24687
31398 78981
12700 28049
51468 95167
50628 61683
26912 10965
49655 32207
53683 86196
79500 24501
68313 10532
62616 67774
38635 74208
44456 01938
44285 56745
02138 05752
21179 77609
09518 67407
18377 13038
61627 28771
22600 66094
44501 52908
13852 43294
35326 97913
46506 14137
09260 10809
36405 17835
77867 64249
16753 10532
85911 27354
33536 83138
40934 67737
19707 00029
77867 92773
23284 77885
98085 75915
97789 47400
17835 77745
23284 27354
38635 49226
87614 57167
40840 52235
78731 69350
61207 82752
82432 49029
38635 77745
19707 85775
84817 64087
86196 16753
07293 57167
27923 15043
52908 74208
68468 47703
16963 90252
68629 75132
92773 57720
13493 76757
77885 51855
75132 93051
39910 20069
18829 15043
17835 52192
37725 12627
56915 34790
85878 27923
32949 37913
40840 69191
65741 58462
07940 94105
47400 50113
06726 01938
46412 16753
17514 07293
14137 23284
41006 46482
95454 77739
40934 26912
05467 51984
49029 27354
84400 13493
60997 47400
85878 57720
20617 58611
88682 39007
25233 74276
90724 05752
65741 88183
47400 57630
75773 84332
65741 82786
94566 19707
38813 70704
63393 73106
72224 59367
52542 72224
74276 10809
79210 75773
10532 95229
93051 40989
15844 98297
40989 31398
39007 40934
80945 76757
37832 74276
46506 15043
51984 62616
86217 26912
38635 33536
30616 08861
38813 60997
64087 76757
74208 36282
52908 30864
13291 95683
61207 77538
19707 50113
29218 22871
58462 52389
15043 15952
44456 29917
91521 31398
14137 67774
36282 74327
52235 75052
78207 54928
46482 77550
44285 49280
51882 97913
98085 90987
76558 76757
05467 49029
38841 61207
02494 02494
98297 48107
85878 75520
18377 31594
90724 57630
22871 75132
07940 14137
52235 58684
17514 49226
77609 30616
22600 88183
27415 50628
75132 32949
46482 44501
86196 53683
57720 22871
50553 92789
77885 79210
56946 34790
68074 75052
37913 93051
27354 64249
70704 38813
63393 53606
15844 40840
08861 88183
99667 61207
28801 02144
41006 83138
24501 07790
15952 40989
38813 01938
22600 84400
61743 23288
96900 30864
46259 02144
42944 37913
51984 37913
38239 66078
40825 50081
92455 98798
98798 37832
66830 02138
50628 11847
11689 75773
59367 78207
36282 67737
90915 78207
37725 51855
26912 60997
27923 75773
10965 77296
87614 26065
59493 14137
20564 57630
67597 61207
17514 97776
52235 60650
95229 36282
23288 79210
46259 51882
59493 32949
86821 51468
64249 85267
50113 09798
78207 66094
45000 82478
58393 77538
28771 73106
76031 26912
29283 28771
36333 52542
63393 15844
77538 35326
48107 89815
37913 20069
53097 38192
43294 16963
97776 25699
97078 61743
13291 31863
69191 16539
69350 75520
07790 67737
37725 14137
96900 19490
56771 43294
49849 68313
76031 53338
69191 50594
27352 90252
82432 67774
77739 44501
74276 58611
59130 88308
44285 83762
94518 60997
96900 10532
10965 99069
88183 97913
05752 75915
27923 61743
24687 25233
40989 57720
79500 91859
66954 16539
77550 01334
88183 40825
83762 83762
85911 08023
44285 95454
06179 23284
05752 57167
73764 98798
77885 78984
88185 74276
97078 64249
28049 08023
87720 20069
84817 51468
91011 59493
31863 97913
28049 41491
61207 95167
53097 61207
94518 60997
18829 74276
42759 85878
11847 97913
17514 32365
00844 95683
24687 42759
94374 74208
41491 97078
08023 13563
10809 66078
94374 76031
36476 40989
54928 16539
91859 29488
83138 16753
00227 29488
68313 86217
30864 49280
67407 10809
90724 77296
62671 49226
28771 16963
85911 37913
35526 98798
12700 91521
62616 99406
90915 43469
44501 32365
97776 85775
15952 27354
51468 58393
20564 90724
99406 91521
77296 95229
16753 66830
97913 61207
85878 23284
61683 61627
45000 51855
45386 56946
20617 08023
46259 78207
52235 95167
33325 92455
11847 58591
43257 73764
91859 00029
88682 17514
11847 60901
77739 74327
92773 29218
43257 28049
30616 18377
66947 46067
27923 84664
33325 93051
74327 56915
09518 42944
38841 53606
42759 14137
58684 48234
14137 49029
61683 68074
68313 77739
24501 97776
88308 59130
26065 36282
17514 90987
74327 94374
75915 52192
90915 27415
61743 42759
72224 39732
00029 46412
58462 82786
46067 41006
37913 85878
48107 16963
82478 69121
80945 59350
54928 71810
94105 82432
93051 49029
30944 05752
50594 78207
31863 32207
85878 32949
30864 17734
45518 00029
61683 13493
37913 78981
02494 58611
73764 09260
13852 90252
43294 95683
56915 57630
58462 47703
79210 46506
07940 51855
85911 77867
99406 27354
33325 84664
06726 53338
75052 31863
20564 10532
77609 08861
83138 56915
75717 15229
42944 78731
59367 52235
74327 07293
69191 59350
79210 23288
46412 77745
85911 08023
61207 58462
40934 90987
84400 49297
34790 36405
77296 45386
27415 35326
53606 71810
84664 11689
56946 85775
59130 17514
38239 27923
19707 46412
77745 10965
91859 07293
89815 21179
17257 76757
85878 20069
66947 50553
92455 76181
76031 88308
36476 73764
90252 51468
61683 00844
13291 97913
44285 79500
23284 66078
05752 96900
90252 72224
50113 02472
00844 11847
66830 67737
13493 78207
94374 92789
44456 96900
83762 90724
90724 56915
52192 16753
64087 47183
79500 94566
31594 49297
44285 94374
27923 88185
62616 20069
54928 28771
69191 28801
67407 09260
58393 71810
75773 13563
67597 53606
59367 52235
16753 13918
19707 77739
46482 67737
66078 98798
22600 84400
87614 87614
14137 68629
82752 89815
36405 90724
40934 79500
06726 56745
36405 02138
85345 79500
01334 94374
90987 98085
13563 37725
92773 82432
46506 15043
16753 00227
66954 29283
36476 09260
86821 98297
29218 69121
78207 43294
72224 15844
78981 36476
58591 43469
78981 82432
49655 82752
42944 22871
11689 98798
62318 06179
63393 28771
35526 18829
01334 94566
28801 00862
39732 27415
56745 00029
49870 21179
86196 49226
12700 66078
78981 85911
56771 05268
46259 15844
47400 95229
15229 95683
85267 77867
79500 49280
28801 61683
35326 51468
30944 45518
27415 15844
56745 98085
77538 95683
13852 66094
95683 66954
29218 37725
29917 07790
45000 59493
33325 74276
77296 33536
61207 35326
07940 93051
69191 38841
07940 06179
40934 32365
13563 82432
13563 42759
15952 23288
53338 41006
68074 29283
15952 10809
76181 87720
86827 52192
47183 00844
69191 53606
50594 75052
58462 21179
83138 26065
00844 58684
61743 97078
98085 77739
68468 27352
10809 99406
16123 71810
29218 10809
46506 75132
39732 56771
13038 76757
45000 62616
40825 02144
77550 36282
84332 18829
31594 29283
95454 00029
40825 43294
68468 80945
30864 85775
47703 49297
95167 00862
87614 57630
16539 61207
79500 77296
77296 97776
67407 11689
75915 70704
00844 21179
39910 20617
74208 44501
63393 58462
83138 00029
37913 79210
47400 38635
88185 06179
66078 12627
94518 17514
24901 44285
88185 15043
95229 29917
62616 09260
17835 32365
75915 70704
15229 00862
36282 47400
16963 77609
Queries
27923 06179
46067 15229
52235 31863
06179 27415
02138 90252
52389 90724
66947 67737
38635 56915
90987 86217
46412 31398
46067 46412
30616 49280
90915 61207
56915 00227
77885 12627
05467 91521
16753 46412
95229 27415
86196 16123
12700 85267
49226 40989
90252 18377
02494 40989
05467 27923
02138 00844
14137 04138
67407 68629
10809 51984
29488 04138
04138 49029
30616 52389
46259 05467
75915 21179
09798 57167
20617 67774
83138 56946
63393 52908
32207 68468
73764 42944
17257 20069
01334 19490
47400 56771
17734 93321
86821 50628
86821 56745
88185 60901
49297 09260
27923 78731
68313 58684
47703 75717
50628 74327
38841 82752
70704 74327
80945 76757
77538 27923
11689 02494
13563 48234
77745 94105
13918 34790
18377 78984
56745 18377
74208 77550
40934 85345
83138 77609
30616 94518
68629 35454
40840 84664
29917 26912
02472 67737
61683 56915
61743 36476
44501 10965
29917 08023
07790 79210
98798 40840
65741 50594
35526 33325
02138 30864
33325 85267
78207 41491
38841 53606
47400 76181
39732 02144
56745 90987
67597 10809
06726 77296
87720 45518
45518 83762
08861 37725
13493 96900
38841 11689
53097 54007
07940 15229
75717 12700
92773 42944
00844 62671
68074 80945
52235 78207
90724 09048
66954 82478
39910 40989
36333 76181
96900 92789
79593 00029
13038 61207
95229 67737
27354 84400
42944 95454
56771 93321
99069 86827
86827 36282
88183 38813
18377 94518
85267 94566
00844 19707
17835 29917
85911 43257
49226 46412
27923 20617
13291 86821
36405 47400
82432 76181
98798 42944
75052 58591
31594 13291
88308 56745
85911 97789
26912 73764
49280 29917
57720 90915
53338 85878
95454 98085
49870 40840
52908 78984
60650 52542
73764 20069
56915 53683
15043 49029
92773 73764
93321 22871
20617 17514
48107 17257
46259 78984
45386 66078
50081 38192
28801 73106
06179 37913
39910 41491
62616 77739
20617 66094
22600 57167
98297 09798
20069 28049
62616 77885
46259 66078
Thinking
start 56915 src 56915
56915 97789 src 56915
56915 38635 src 56915
56915 17734 src 56915
56915 95454 src 56915
56915 34790 src 56915
56915 74327 src 56915
56915 57630 src 56915
56915 83138 src 56915
56915 90724 src 56915
97789 47400 src 56915
38635 17514 src 56915
38635 83762 src 56915
38635 74208 src 56915
38635 49226 src 56915
38635 77745 src 56915
38635 33536 src 56915
17734 24901 src 56915
17734 30864 src 56915
95454 41006 src 56915
95454 77739 src 56915
95454 44285 src 56915
95454 00029 src 56915
34790 07293 src 56915
34790 56946 src 56915
34790 36405 src 56915
74327 66830 src 56915
74327 36282 src 56915
74327 94374 src 56915
57630 32365 src 56915
57630 20564 src 56915
57630 87614 src 56915
83138 57167 src 56915
83138 44456 src 56915
83138 16753 src 56915
83138 26065 src 56915
90724 01938 src 56915
90724 05752 src 56915
90724 77296 src 56915
47400 10532 src 56915
47400 50113 src 56915
47400 60997 src 56915
47400 95229 src 56915
17514 97776 src 56915
17514 88682 src 56915
17514 90987 src 56915
17514 59130 src 56915
17514 94518 src 56915
74208 62671 src 56915
74208 52908 src 56915
74208 44501 src 56915
49226 92789 src 56915
49226 86196 src 56915
77745 17835 src 56915
77745 46412 src 56915
77745 10965 src 56915
33536 49280 src 56915
33536 02138 src 56915
24901 46067 src 56915
30864 96900 src 56915
30864 85775 src 56915
41006 46482 src 56915
41006 53338 src 56915
77739 68313 src 56915
77739 19707 src 56915
77739 98085 src 56915
44285 56745 src 56915
44285 79500 src 56915
00029 01334 src 56915
00029 91859 src 56915
00029 45518 src 56915
07293 75915 src 56915
56946 85345 src 56915
56946 45386 src 56915
36405 00227 src 56915
66830 67737 src 56915
36282 88308 src 56915
36282 77550 src 56915
94374 76031 src 56915
32365 70704 src 56915
32365 40934 src 56915
20564 19490 src 56915
44456 29917 src 56915
16753 66947 src 56915
16753 52192 src 56915
16753 13918 src 56915
01938 06726 src 56915
01938 38813 src 56915
05752 30944 src 56915
50113 09798 src 56915
50113 02472 src 56915
60997 26912 src 56915
97776 25699 src 56915
97776 24501 src 56915
88682 39007 src 56915
52908 49849 src 56915
92789 53683 src 56915
92789 50553 src 56915
10965 99069 src 56915
53338 86217 src 56915
19707 94566 src 56915
91859 29488 src 56915
67737 07790 src 56915
52192 86827 src 56915
26912 09048 src 56915
start 84817 src 84817
84817 21179 src 84817
84817 64087 src 84817
84817 51468 src 84817
21179 77609 src 84817
21179 89815 src 84817
21179 49870 src 84817
21179 58462 src 84817
21179 00844 src 84817
64087 15353 src 84817
64087 76757 src 84817
64087 47183 src 84817
51468 95167 src 84817
51468 86821 src 84817
51468 58393 src 84817
51468 90252 src 84817
51468 35326 src 84817
77609 65741 src 84817
77609 30616 src 84817
77609 08861 src 84817
77609 16963 src 84817
89815 48107 src 84817
89815 82752 src 84817
49870 39732 src 84817
49870 71810 src 84817
49870 79337 src 84817
49870 28771 src 84817
58462 52389 src 84817
58462 82786 src 84817
58462 47703 src 84817
58462 61207 src 84817
58462 63393 src 84817
00844 54007 src 84817
00844 28801 src 84817
00844 95683 src 84817
00844 61683 src 84817
00844 11847 src 84817
00844 58684 src 84817
15353 13038 src 84817
76757 80945 src 84817
76757 49297 src 84817
76757 53606 src 84817
76757 13493 src 84817
76757 76558 src 84817
76757 17257 src 84817
47183 13291 src 84817
47183 54928 src 84817
95167 52235 src 84817
95167 00862 src 84817
86821 22600 src 84817
86821 98297 src 84817
58393 32207 src 84817
58393 50594 src 84817
58393 77538 src 84817
90252 66094 src 84817
90252 27352 src 84817
90252 13852 src 84817
90252 72224 src 84817
35326 68468 src 84817
35326 97913 src 84817
35326 27415 src 84817
65741 59350 src 84817
65741 88183 src 84817
30616 18377 src 84817
16963 79593 src 84817
16963 43294 src 84817
82752 16539 src 84817
82752 66954 src 84817
82752 49655 src 84817
39732 15844 src 84817
39732 56771 src 84817
71810 73106 src 84817
71810 16123 src 84817
79337 50081 src 84817
28771 61627 src 84817
28771 29283 src 84817
52389 78207 src 84817
47703 60901 src 84817
61207 38841 src 84817
61207 99667 src 84817
61207 67597 src 84817
61207 53097 src 84817
63393 75052 src 84817
28801 40825 src 84817
28801 02144 src 84817
28801 69191 src 84817
95683 15229 src 84817
61683 48234 src 84817
61683 31863 src 84817
61683 50628 src 84817
61683 68074 src 84817
11847 58591 src 84817
13038 59367 src 84817
49297 84400 src 84817
49297 31594 src 84817
52235 40840 src 84817
52235 60650 src 84817
32207 43469 src 84817
77538 90915 src 84817
13852 52542 src 84817
97913 51882 src 84817
15844 93321 src 84817
15844 46259 src 84817
56771 05268 src 84817
67597 75717 src 84817
53097 38192 src 84817
59367 36333 src 84817
90915 35454 src 84817
start 85878 src 85878
85878 27923 src 85878
85878 57720 src 85878
85878 75520 src 85878
85878 42759 src 85878
85878 23284 src 85878
85878 37913 src 85878
85878 32949 src 85878
85878 20069 src 85878
27923 25233 src 85878
27923 43257 src 85878
27923 15043 src 85878
27923 75773 src 85878
27923 61743 src 85878
27923 84664 src 85878
27923 38239 src 85878
27923 88185 src 85878
57720 12700 src 85878
57720 92773 src 85878
57720 22871 src 85878
57720 40989 src 85878
75520 69350 src 85878
42759 24687 src 85878
42759 14137 src 85878
42759 13563 src 85878
23284 09260 src 85878
23284 77885 src 85878
23284 27354 src 85878
23284 06179 src 85878
23284 66078 src 85878
37913 09518 src 85878
37913 93051 src 85878
37913 42944 src 85878
37913 51984 src 85878
37913 85911 src 85878
37913 78981 src 85878
37913 79210 src 85878
32949 75132 src 85878
32949 59493 src 85878
20069 39910 src 85878
20069 87720 src 85878
20069 62616 src 85878
25233 97078 src 85878
25233 49029 src 85878
25233 74276 src 85878
43257 69121 src 85878
43257 51855 src 85878
43257 73764 src 85878
43257 28049 src 85878
15043 23288 src 85878
15043 11689 src 85878
15043 18829 src 85878
15043 46506 src 85878
15043 15952 src 85878
75773 84332 src 85878
61743 82432 src 85878
84664 29218 src 85878
84664 33325 src 85878
38239 92455 src 85878
12700 58611 src 85878
12700 91521 src 85878
92773 78984 src 85878
92773 77867 src 85878
40989 31398 src 85878
40989 36476 src 85878
69350 78731 src 85878
14137 67774 src 85878
14137 07940 src 85878
14137 37725 src 85878
14137 68629 src 85878
13563 08023 src 85878
09260 05467 src 85878
09260 10809 src 85878
09260 67407 src 85878
77885 82478 src 85878
27354 99406 src 85878
27354 64249 src 85878
06179 62318 src 85878
66078 98798 src 85878
66078 12627 src 85878
51984 04138 src 85878
59493 91011 src 85878
59493 45000 src 85878
39910 20617 src 85878
87720 76181 src 85878
97078 41491 src 85878
49029 94105 src 85878
74276 37832 src 85878
18829 35526 src 85878
58611 02494 src 85878
77867 85267 src 85878
Output
27923 06179 yes
46067 15229 no
52235 31863 yes
06179 27415 no
02138 90252 no
52389 90724 no
66947 67737 yes
38635 56915 yes
90987 86217 yes
46412 31398 no
46067 46412 yes
30616 49280 no
90915 61207 yes
56915 00227 yes
77885 12627 yes
05467 91521 yes
16753 46412 yes
95229 27415 no
86196 16123 no
12700 85267 yes
49226 40989 no
90252 18377 yes
02494 40989 yes
05467 27923 yes
02138 00844 no
14137 04138 yes
67407 68629 yes
10809 51984 yes
29488 04138 no
04138 49029 yes
30616 52389 yes
46259 05467 no
75915 21179 no
09798 57167 yes
20617 67774 yes
83138 56946 yes
63393 52908 no
32207 68468 yes
73764 42944 yes
17257 20069 no
01334 19490 yes
47400 56771 no
17734 93321 no
86821 50628 yes
86821 56745 no
88185 60901 no
49297 09260 no
27923 78731 yes
68313 58684 no
47703 75717 yes
50628 74327 no
38841 82752 yes
70704 74327 yes
80945 76757 yes
77538 27923 no
11689 02494 yes
13563 48234 no
77745 94105 no
13918 34790 yes
18377 78984 no
56745 18377 no
74208 77550 yes
40934 85345 yes
83138 77609 no
30616 94518 no
68629 35454 no
40840 84664 no
29917 26912 yes
02472 67737 yes
61683 56915 no
61743 36476 yes
44501 10965 yes
29917 08023 no
07790 79210 no
98798 40840 no
65741 50594 yes
35526 33325 yes
02138 30864 yes
33325 85267 yes
78207 41491 no
38841 53606 yes
47400 76181 no
39732 02144 yes
56745 90987 yes
67597 10809 no
06726 77296 yes
87720 45518 no
45518 83762 yes
08861 37725 no
13493 96900 no
38841 11689 no
53097 54007 yes
07940 15229 no
75717 12700 no
92773 42944 yes
00844 62671 no
68074 80945 yes
52235 78207 yes
90724 09048 yes
66954 82478 no
39910 40989 yes
36333 76181 no
96900 92789 yes
79593 00029 no
13038 61207 yes
95229 67737 yes
27354 84400 no
42944 95454 no
56771 93321 yes
99069 86827 yes
86827 36282 yes
88183 38813 no
18377 94518 no
85267 94566 no
00844 19707 no
17835 29917 yes
85911 43257 yes
49226 46412 yes
27923 20617 yes
13291 86821 yes
36405 47400 yes
82432 76181 yes
98798 42944 yes
75052 58591 yes
31594 13291 yes
88308 56745 yes
85911 97789 no
26912 73764 no
49280 29917 yes
57720 90915 no
53338 85878 no
95454 98085 yes
49870 40840 yes
52908 78984 no
60650 52542 yes
73764 20069 yes
56915 53683 yes
15043 49029 yes
92773 73764 yes
93321 22871 no
20617 17514 no
48107 17257 yes
46259 78984 no
45386 66078 no
50081 38192 yes
28801 73106 yes
06179 37913 yes
39910 41491 yes
62616 77739 no
20617 66094 no
22600 57167 no
98297 09798 no
20069 28049 yes
62616 77885 yes
46259 66078 no
End
