Graph
85033 63658
94028 45079
80822 74742
26166 17828
66320 37085
60569 68468
60594 02576
69361 80053
65990 23749
61217 38311
47622 78645
58127 10617
71017 21669
40805 78670
72262 30782
26630 25993
60569 89702
60594 26432
04212 99942
00765 31499
41566 22118
97439 85596
55941 39728
95708 04512
40606 85773
53220 61118
19872 71008
12480 94347
28465 05411
83320 74240
15414 70778
79570 59371
77525 31360
91346 37856
88310 17828
84108 94511
86776 57773
70778 17364
68020 87640
82277 48179
27306 44165
70387 47655
71870 16956
96281 92543
06844 39143
19872 71409
15414 58328
26166 65156
35834 45211
99689 97522
61508 74457
79973 49917
88372 14075
99399 28979
66214 79889
67604 04212
04879 71558
56783 47180
19830 96984
13121 69865
73200 25993
31360 60229
20693 79889
74566 81927
15729 96573
07055 85221
16892 17315
48544 53853
49571 39345
99399 55234
80822 95604
14286 60229
53237 01349
38311 87383
81730 62859
53237 02550
74742 55895
83320 87594
32561 61806
17315 99257
97194 60229
54040 26166
16892 51426
37856 99176
13437 97147
06844 42175
99689 99689
71069 57396
98841 25607
73200 89898
47180 45211
12645 17353
85773 71008
43832 95560
39422 29099
85773 45211
01458 09696
47628 27348
31499 58127
55883 85973
80824 16956
90635 89041
95708 28385
31005 45083
45211 68212
91703 59744
94028 35834
52318 37856
13294 76472
74528 19545
54900 65990
32561 96528
49781 60229
83372 74776
74566 69547
05649 77525
02245 64289
74002 99176
14421 48179
85033 95708
41697 26630
13508 10617
47264 08587
29545 94347
48765 61508
15729 92543
25236 83372
56115 49571
58127 16956
15899 56160
93858 21733
85973 96151
55941 31499
36741 05411
37178 48102
38859 34564
59371 29306
01828 96984
95604 06748
21669 61670
26677 03199
79889 81927
53996 21997
25057 79889
56148 36585
63118 09696
59744 15647
56148 55895
46033 69361
37856 69865
41185 85773
65156 02761
94028 94228
83372 24497
82672 26677
97194 18660
81575 62622
14421 62625
92543 08496
08183 58912
99176 52318
18785 19872
99399 22739
74776 35843
32008 05822
49503 55941
19545 49503
43595 53996
53237 65467
32561 77525
93405 35834
13895 58328
19830 55883
63658 16892
14075 61118
47180 66197
24491 13508
08631 03156
05649 72239
52522 01196
21669 91346
01349 91703
22971 29306
58328 79155
41185 56783
51426 49546
17353 01237
25236 43832
05822 73522
14421 26357
60594 26432
94924 45509
27348 35634
37200 09218
81411 88248
59702 68468
78645 68678
91326 85773
83061 88248
98538 80246
40233 45211
63118 99689
23749 39345
53220 20126
34589 40953
48249 77843
89893 71178
89041 37039
61288 41530
02761 49214
71851 36585
39345 86619
96573 15899
22073 49917
71069 49917
74240 37085
73327 77115
59285 80053
08351 61118
72239 49781
05822 12560
88136 65499
08773 47655
30417 08773
03156 74457
05429 85773
93308 40606
27470 40179
17024 05649
17353 58127
53237 15414
97147 87594
96984 78670
71069 81411
40953 61371
82277 26357
36741 69547
13285 96096
13437 87175
32658 49571
69547 56160
93858 66214
08773 98538
09696 37085
77115 51426
52318 44165
05411 36585
15414 24645
47264 19835
38895 21669
61806 49781
86619 90576
99724 18785
81070 83362
39728 63658
80824 14286
74776 40805
74457 46596
71558 22118
38347 15899
33829 21997
68212 76761
17488 27481
19363 40606
54384 54384
96573 08479
96528 32561
15729 04879
47622 78645
19545 14286
55883 78670
97125 57776
80822 20693
73048 45211
99176 88136
60229 53157
22862 73200
87900 05649
92543 48102
85596 58912
22000 15729
05822 56980
18785 93405
55523 54384
19830 08899
24491 85033
83061 71178
99689 83320
94228 14075
15457 33829
68678 38922
69547 17921
08183 47180
05411 14421
13121 29731
18785 48932
22971 70778
77115 13508
73327 18660
88136 27348
08351 26432
68678 39345
17353 19545
31499 04512
41566 71851
91436 59371
27306 99942
27348 37856
73327 16892
73522 32008
71409 26166
29764 26166
37200 71026
60569 59371
44833 73327
17828 68212
62622 77115
36585 13105
38347 82277
43595 19363
80432 81927
54040 54384
04588 25694
95292 24435
57396 22739
48765 30169
83737 15729
08587 64289
29306 31976
96850 96096
05429 08351
44359 59285
98841 38311
57776 48179
80822 22228
91566 74742
77115 46338
24497 15482
38895 96096
45211 93739
65499 52318
58127 29545
74240 29545
86619 39345
81757 10062
17353 66320
17024 17024
22118 97125
31360 49781
19545 00765
07055 77843
68020 74240
79973 99399
29818 08899
40179 59744
30169 59056
34564 85221
08899 67604
56115 94511
95604 06748
48765 14075
45509 53157
61806 46338
71069 89893
81070 44165
85033 13437
12560 89702
74742 04879
73048 65156
62625 82277
71409 45211
01458 01237
55234 22073
99724 93308
94511 02550
13378 19545
79155 89702
45083 53996
81411 66747
73327 83320
89893 49917
65467 86619
65286 97522
54297 35834
62622 97147
12560 27470
59702 71069
20126 53996
13508 39728
29306 73522
40277 49571
54297 57734
37039 48179
88372 26432
96573 73418
46696 41697
14286 39728
96573 39422
81757 01828
93308 94228
19830 74776
18660 63658
29306 91436
74566 48102
38311 04588
28385 83482
35634 43832
14421 52522
89898 40805
73200 88136
44165 80053
25900 31856
80768 55523
53220 85596
62112 93739
99257 77115
83320 37044
37039 07055
17315 29545
59491 31005
58328 70387
53157 00765
55234 23749
55350 79973
81575 72239
30782 86776
46338 18660
01349 88248
10617 60229
26357 92543
67848 45211
17024 13508
39728 58127
13378 49781
74776 13285
37462 08496
49571 53237
70778 04588
77115 12480
89132 58328
49214 54297
59056 20126
88248 40179
73200 73200
35634 24497
29731 44165
97125 44270
67360 18785
58127 14286
49409 29818
90475 27348
66214 56022
49571 79570
53996 82672
04879 14421
86776 47628
99257 61806
49917 57396
44859 94511
12645 87175
15414 31835
69361 50312
87900 49546
46596 37973
50312 40805
74776 08899
91703 68468
61508 48932
08351 74457
54384 49214
57734 17828
40606 40606
10062 24435
44270 56148
54900 22739
40805 97788
28979 78645
00409 49214
37856 95292
08631 65156
10405 74566
19830 24435
41185 18785
57773 01828
69865 59738
58912 20126
81411 13895
08183 80768
91566 08587
38922 30417
61371 22862
74457 54040
46696 96096
50812 43057
29306 54900
18660 13508
78670 24435
83362 90187
29818 88136
41185 35834
31976 70387
45083 19872
97959 57773
36741 73418
82277 71558
22971 12560
46596 49214
53237 25607
40179 28979
81927 17921
22118 26357
24620 15729
04879 71851
56148 22228
87175 10617
24620 71851
92543 56148
86776 97788
44270 08496
71870 49503
74566 22000
49214 48765
32561 61806
38895 65499
55523 93739
26677 19872
13294 13508
99942 44165
97439 31856
09696 76472
08479 37200
56022 74566
39728 16956
09696 12480
29818 83372
50312 85973
48102 97125
85973 97959
09218 52522
51426 83320
13285 80053
91326 47180
74240 29545
90187 99176
77843 56160
48932 56783
71008 54040
49571 78645
13895 79155
77115 58127
14421 80822
25900 08351
97194 46338
40805 71017
80246 65467
02576 27481
81575 76472
00219 39422
22862 27348
83061 53237
47628 58892
34564 55895
96528 81575
59788 12560
82672 20126
19363 97439
13285 95560
98538 59702
46696 69865
52515 82277
74528 60229
29818 59738
28465 01196
66747 59371
47622 61217
54297 18785
05588 19835
63658 29545
17828 54384
37039 06748
37178 00219
77843 22000
26701 17024
42175 19830
29818 90470
84108 39345
97194 81575
19835 93858
62859 74528
86776 81070
91346 26630
60594 37973
99724 17488
01237 63658
99689 13437
89898 95560
37039 38347
97959 99176
95604 81927
57776 29099
85986 59738
49214 45079
91436 28979
52522 22000
28465 89041
12141 82277
48249 36585
80822 38859
47180 71409
80822 61321
57773 90475
68468 86619
74528 62859
67848 34211
38347 29099
96984 69361
83737 10405
47655 59788
89041 96281
38895 67604
79155 55234
79973 13895
21669 69865
12141 73418
68468 57396
87900 95708
60355 81757
21669 24435
59738 85544
28857 49917
40277 87383
31499 01237
61217 48076
28385 12480
31360 13378
26761 96281
91566 90635
26432 67848
63118 97522
46596 59056
86619 80246
53237 47655
22000 26761
71017 78670
83737 17921
70778 28979
94924 44833
46338 12645
28857 56115
87175 74528
26432 94028
66214 08496
48249 38859
65499 99942
37044 13294
05429 29764
66747 25694
07055 76321
76321 38347
24435 19830
13105 96281
07055 71851
26357 08587
26761 01196
16956 87594
49781 37085
14075 71409
56115 17364
13437 26701
87900 31499
71026 48179
74240 68020
19363 19872
44359 67604
37462 22118
15729 64289
40233 05429
67848 49214
54040 03199
16956 09696
36585 41566
67360 56783
84108 56980
41530 35843
60594 03199
05411 34564
61670 59738
89132 60569
45079 31856
68468 15647
05588 89041
54297 86944
06844 42175
62625 96573
51426 73327
27306 40805
71870 18660
89898 88136
08631 19289
80822 10405
08899 97788
55895 15899
69547 90635
85221 71026
89702 17364
20126 56783
37039 39422
04212 83362
49214 15457
36585 77843
73200 55883
48840 48765
34589 47628
23817 49917
47180 68212
63658 55941
10405 08479
63658 66320
13895 22073
10617 13378
06364 79973
57396 13895
94028 25900
84108 78645
24491 13437
44833 60229
69547 15729
76761 30169
49409 44359
66320 94347
96850 15482
37039 52522
31933 49781
27481 88310
48179 69547
01237 00765
22000 66214
41566 69547
71017 44165
14421 74742
88248 06364
96528 49781
76761 17828
52318 27348
89132 29306
96151 29731
01349 29306
32561 37085
49409 30782
14075 80768
46596 08351
71851 12141
50312 88136
13437 63658
35843 24435
71178 01349
67360 88372
95292 35843
35834 17828
10062 57773
42175 13285
60594 31856
43057 48102
83372 06844
01237 51426
89041 22228
66747 49571
59738 83362
86944 48932
95292 26630
19872 31856
59056 47180
83737 02245
68678 31835
33829 93405
44833 73327
57776 55895
63658 87594
26630 69865
28857 61217
90576 13895
53237 91703
60355 59738
46696 46696
01458 16956
74566 40810
88136 10062
13121 24435
13895 78645
32008 78645
65990 15647
61118 53996
29818 80053
71558 91566
59056 71008
38895 85544
83372 83372
48544 25900
91326 56783
03678 82277
37200 74566
80768 08631
17828 00409
88248 68678
45083 73048
22000 35215
28465 39422
71409 19363
15414 84108
85544 60355
56115 15647
99399 32658
34564 92543
94347 17024
71851 02245
94924 83482
20126 19289
25993 49409
97147 16956
97522 99689
37973 26432
15482 10062
22739 48076
93308 80768
97959 41530
83362 52318
01349 65990
81575 94347
83482 51426
02245 66214
81411 31976
91703 40179
46033 46033
61118 57734
53220 47180
80824 62622
95708 87640
81730 09696
28857 59702
68468 27470
73048 02761
48405 01237
42175 44359
68468 83061
86776 83362
32008 98538
96850 78670
47655 60569
22739 23817
48102 93858
89132 56980
24645 54900
66214 40810
38859 29099
93739 76259
38922 94511
47180 17828
26432 53220
53157 17353
77115 97522
53996 93405
56980 98841
91326 17488
82277 08479
01237 09696
95604 38859
94437 08899
90470 95292
96151 50312
03199 88310
00219 38859
85973 46033
52318 27348
14286 97147
07055 92543
69865 74002
27348 44359
59491 99739
82277 01196
22228 37178
88310 26677
97439 93308
39345 78645
58892 99176
62112 93308
31360 63658
43832 44165
54297 49214
05429 56783
74742 74566
48765 08183
28465 26761
41185 94228
89041 02245
03156 00409
69865 71017
05704 96573
97959 99942
91326 61508
93739 27481
37973 88310
67604 25993
93858 73418
28385 17315
48544 65156
37044 12480
26357 40810
99689 29545
44833 97194
28857 71069
37856 99942
44859 73522
85596 54384
54297 48840
97959 25993
27348 40953
79889 02245
48765 62112
34564 05704
96096 91346
98841 59788
21733 48179
37039 17921
89893 25694
71017 15482
56160 96573
13294 24491
73522 23749
08899 97959
18660 85033
15457 20126
25236 80053
55883 85986
00409 67360
89041 74566
85986 72262
37085 63658
61806 49781
55941 12480
32561 83320
26357 80822
13895 22739
49546 95708
92543 41566
96984 80053
99739 37973
99689 87175
37856 35634
61321 19835
96281 40810
97522 97147
80246 91436
83482 87175
58892 24435
12645 51426
26432 43595
16892 46338
68678 44859
97194 01237
52318 44359
87640 62859
29306 98841
56022 05704
67848 93405
94437 37856
35215 22000
83482 74528
22228 37039
83482 68020
47655 81411
83362 59285
48179 55895
96573 71851
01237 28385
02245 83737
47655 61217
59738 96151
13508 01237
80246 39345
61118 27481
34211 40233
48249 05704
12480 99689
91346 35843
46338 17315
95604 37462
86944 45211
55523 34211
19872 73048
71558 96281
31360 58127
74566 37039
85544 19830
05429 19872
69865 88136
80053 46696
28385 29545
50312 08899
08631 71008
71069 53237
17488 37973
53157 76472
06844 59285
34589 72262
03678 14421
86619 06364
37085 95708
15482 95292
49571 81411
38895 13285
99739 40606
05411 96573
25607 38311
56115 89132
31933 97147
76472 49781
94511 89702
40179 84108
78670 91346
85033 72239
49917 68468
61806 12645
05649 74240
15457 26432
57734 99724
13508 83320
27470 59744
34211 40233
Queries
16892 09696
88136 35834
35634 59285
56022 69865
81730 88372
44359 31976
22862 08631
13285 89702
70387 19835
93308 47180
90475 34589
65286 72239
87594 12480
45079 61508
71026 91566
80432 38895
13105 27306
49917 25993
77115 44833
65990 17488
31933 66320
22971 59744
57776 62112
71069 06364
13378 81575
53853 29764
96850 83372
61508 15899
81757 10062
96281 05588
01828 95560
85773 76259
37039 49503
91436 31499
98841 26357
09218 66214
93858 15729
97125 91566
93739 12645
45079 56783
70387 86619
68020 69361
71851 59788
97788 90470
70387 79155
69361 89898
56783 78670
37200 32008
81757 97522
13294 09696
34211 95604
55883 35634
13895 26166
85986 71017
17921 36585
48932 15457
22073 82277
65156 93739
05411 60569
16892 42175
85986 25900
15457 08587
74457 65467
94347 08351
55234 26761
05411 85221
01196 81927
10617 47628
18660 43832
80246 61670
62625 55895
48102 70387
38347 56022
81927 74566
13121 85544
41530 56980
99689 22228
35834 19545
61670 12480
03678 01196
46033 39143
83482 87175
99942 85544
59738 19830
27470 65467
55350 52522
26761 20693
81927 97788
31005 79570
66197 40953
97522 98538
21733 29306
38347 17353
13121 97959
00409 57734
44270 83320
69361 49214
85973 91703
17488 45083
74566 55895
99399 30782
54900 56980
65499 99399
08631 12560
29764 40953
22073 47655
31360 44833
99176 49214
10405 19835
38347 87175
15899 90187
10062 80053
25694 50812
22000 66214
81757 13285
87640 71026
49409 86944
97959 57734
81757 68020
38922 59788
65156 84108
13105 83320
61288 69865
64289 39422
52318 18785
94511 24497
01828 83362
77115 69361
69547 52522
17364 71870
08351 85033
19545 65499
90635 94511
59788 55350
40953 49409
44859 28857
61508 81730
13105 60569
71870 49503
06844 91566
76321 49781
88136 49503
71558 56022
80053 08479
52515 32008
44165 40606
14286 80824
88136 45079
61118 60594
74566 27306
06748 02245
29545 16956
35843 55883
27470 45079
01196 03678
21733 02550
10062 27306
89893 29306
87900 94511
78670 37044
14286 58127
48076 00219
57396 62622
27481 84108
04512 80824
65156 71008
81411 23817
74742 40277
97959 77115
48932 53853
27348 95560
15647 68468
85596 65990
81070 25993
17828 40606
70778 08773
85973 49917
49917 64289
36585 45211
77115 96528
59738 24497
26357 56022
58892 22862
65286 05649
53237 58328
13895 49571
61806 74742
90475 81730
55234 10617
59371 34564
13121 96850
13105 00765
Thinking
start 92543 src 92543
92543 96281 src 92543
92543 15729 src 92543
92543 08496 src 92543
92543 48102 src 92543
92543 26357 src 92543
92543 56148 src 92543
92543 34564 src 92543
92543 07055 src 92543
92543 41566 src 92543
96281 89041 src 92543
96281 26761 src 92543
96281 13105 src 92543
96281 40810 src 92543
96281 71558 src 92543
15729 96573 src 92543
15729 04879 src 92543
15729 22000 src 92543
15729 83737 src 92543
15729 24620 src 92543
15729 64289 src 92543
15729 69547 src 92543
08496 37462 src 92543
08496 44270 src 92543
08496 66214 src 92543
48102 37178 src 92543
48102 74566 src 92543
48102 97125 src 92543
48102 43057 src 92543
48102 93858 src 92543
26357 14421 src 92543
26357 82277 src 92543
26357 22118 src 92543
26357 08587 src 92543
26357 80822 src 92543
56148 36585 src 92543
56148 55895 src 92543
56148 22228 src 92543
34564 38859 src 92543
34564 85221 src 92543
34564 05411 src 92543
34564 05704 src 92543
07055 77843 src 92543
07055 37039 src 92543
07055 76321 src 92543
07055 71851 src 92543
89041 90635 src 92543
89041 28465 src 92543
89041 05588 src 92543
89041 02245 src 92543
26761 01196 src 92543
71558 91566 src 92543
96573 15899 src 92543
96573 08479 src 92543
96573 73418 src 92543
96573 39422 src 92543
96573 62625 src 92543
96573 56160 src 92543
04879 74742 src 92543
22000 52522 src 92543
22000 35215 src 92543
83737 10405 src 92543
83737 17921 src 92543
69547 36741 src 92543
69547 48179 src 92543
37462 95604 src 92543
66214 79889 src 92543
66214 56022 src 92543
37178 00219 src 92543
74566 81927 src 92543
74566 37200 src 92543
97125 57776 src 92543
43057 50812 src 92543
93858 21733 src 92543
93858 19835 src 92543
14421 03678 src 92543
82277 38347 src 92543
82277 52515 src 92543
82277 12141 src 92543
08587 47264 src 92543
80822 20693 src 92543
80822 61321 src 92543
36585 48249 src 92543
38859 29099 src 92543
85221 71026 src 92543
37039 06748 src 92543
52522 09218 src 92543
79889 25057 src 92543
81927 80432 src 92543
start 97959 src 97959
97959 57773 src 97959
97959 85973 src 97959
97959 99176 src 97959
97959 41530 src 97959
97959 99942 src 97959
97959 25993 src 97959
97959 08899 src 97959
57773 86776 src 97959
57773 01828 src 97959
57773 90475 src 97959
57773 10062 src 97959
85973 55883 src 97959
85973 96151 src 97959
85973 50312 src 97959
85973 46033 src 97959
99176 37856 src 97959
99176 74002 src 97959
99176 52318 src 97959
99176 88136 src 97959
99176 90187 src 97959
99176 58892 src 97959
41530 61288 src 97959
41530 35843 src 97959
99942 04212 src 97959
99942 27306 src 97959
99942 44165 src 97959
99942 65499 src 97959
25993 26630 src 97959
25993 73200 src 97959
25993 49409 src 97959
25993 67604 src 97959
08899 19830 src 97959
08899 29818 src 97959
08899 74776 src 97959
08899 97788 src 97959
08899 94437 src 97959
86776 30782 src 97959
86776 47628 src 97959
86776 81070 src 97959
86776 83362 src 97959
01828 96984 src 97959
01828 81757 src 97959
90475 27348 src 97959
10062 24435 src 97959
10062 15482 src 97959
55883 78670 src 97959
55883 85986 src 97959
96151 29731 src 97959
96151 59738 src 97959
50312 69361 src 97959
50312 40805 src 97959
37856 91346 src 97959
37856 69865 src 97959
37856 95292 src 97959
37856 35634 src 97959
52318 44359 src 97959
88136 89898 src 97959
44165 80053 src 97959
44165 71017 src 97959
44165 43832 src 97959
65499 38895 src 97959
26630 41697 src 97959
73200 22862 src 97959
19830 42175 src 97959
19830 85544 src 97959
29818 83372 src 97959
29818 90470 src 97959
74776 13285 src 97959
30782 72262 src 97959
47628 34589 src 97959
83362 59285 src 97959
81757 60355 src 97959
27348 40953 src 97959
24435 21669 src 97959
24435 13121 src 97959
15482 24497 src 97959
15482 96850 src 97959
59738 61670 src 97959
91346 96096 src 97959
69865 46696 src 97959
89898 95560 src 97959
80053 25236 src 97959
22862 61371 src 97959
42175 06844 src 97959
06844 39143 src 97959
start 58127 src 58127
58127 10617 src 58127
58127 31499 src 58127
58127 16956 src 58127
58127 17353 src 58127
58127 29545 src 58127
58127 39728 src 58127
58127 14286 src 58127
58127 77115 src 58127
58127 31360 src 58127
10617 13508 src 58127
10617 60229 src 58127
10617 87175 src 58127
10617 13378 src 58127
31499 00765 src 58127
31499 55941 src 58127
31499 04512 src 58127
31499 01237 src 58127
31499 87900 src 58127
16956 71870 src 58127
16956 80824 src 58127
16956 87594 src 58127
16956 09696 src 58127
16956 01458 src 58127
16956 97147 src 58127
17353 12645 src 58127
17353 19545 src 58127
17353 66320 src 58127
17353 53157 src 58127
29545 94347 src 58127
29545 74240 src 58127
29545 17315 src 58127
29545 63658 src 58127
29545 99689 src 58127
29545 28385 src 58127
77115 73327 src 58127
77115 51426 src 58127
77115 62622 src 58127
77115 46338 src 58127
77115 99257 src 58127
77115 12480 src 58127
77115 97522 src 58127
31360 77525 src 58127
31360 49781 src 58127
13508 24491 src 58127
13508 17024 src 58127
13508 18660 src 58127
13508 13294 src 58127
13508 83320 src 58127
60229 97194 src 58127
60229 74528 src 58127
60229 44833 src 58127
87175 13437 src 58127
87175 83482 src 58127
55941 49503 src 58127
04512 95708 src 58127
01237 48405 src 58127
87900 05649 src 58127
87900 49546 src 58127
09696 63118 src 58127
09696 37085 src 58127
09696 76472 src 58127
09696 81730 src 58127
97147 31933 src 58127
12645 61806 src 58127
53157 45509 src 58127
94347 81575 src 58127
74240 68020 src 58127
17315 16892 src 58127
63658 85033 src 58127
12480 37044 src 58127
97522 65286 src 58127
77525 32561 src 58127
49781 72239 src 58127
49781 96528 src 58127
17024 26701 src 58127
74528 62859 src 58127
44833 94924 src 58127
95708 87640 src 58127
start 71409 src 71409
71409 19872 src 71409
71409 26166 src 71409
71409 45211 src 71409
71409 47180 src 71409
71409 14075 src 71409
71409 19363 src 71409
19872 71008 src 71409
19872 18785 src 71409
19872 45083 src 71409
19872 26677 src 71409
19872 31856 src 71409
19872 73048 src 71409
19872 05429 src 71409
26166 17828 src 71409
26166 65156 src 71409
26166 54040 src 71409
26166 29764 src 71409
45211 35834 src 71409
45211 85773 src 71409
45211 68212 src 71409
45211 40233 src 71409
45211 93739 src 71409
45211 67848 src 71409
45211 86944 src 71409
47180 56783 src 71409
47180 66197 src 71409
47180 08183 src 71409
47180 91326 src 71409
47180 59056 src 71409
47180 53220 src 71409
14075 88372 src 71409
14075 61118 src 71409
14075 94228 src 71409
14075 48765 src 71409
14075 80768 src 71409
19363 40606 src 71409
19363 43595 src 71409
19363 97439 src 71409
71008 08631 src 71409
18785 99724 src 71409
18785 93405 src 71409
18785 48932 src 71409
18785 67360 src 71409
18785 41185 src 71409
18785 54297 src 71409
45083 31005 src 71409
45083 53996 src 71409
26677 03199 src 71409
26677 82672 src 71409
26677 88310 src 71409
31856 25900 src 71409
31856 45079 src 71409
31856 60594 src 71409
73048 02761 src 71409
05429 08351 src 71409
17828 57734 src 71409
17828 54384 src 71409
17828 76761 src 71409
17828 00409 src 71409
65156 48544 src 71409
54040 74457 src 71409
35834 94028 src 71409
40233 34211 src 71409
93739 62112 src 71409
93739 55523 src 71409
93739 76259 src 71409
93739 27481 src 71409
67848 26432 src 71409
67848 49214 src 71409
56783 20126 src 71409
08183 58912 src 71409
91326 17488 src 71409
91326 61508 src 71409
59056 30169 src 71409
59056 46596 src 71409
53220 85596 src 71409
94228 93308 src 71409
48765 48840 src 71409
40606 99739 src 71409
08631 03156 src 71409
08631 19289 src 71409
93405 33829 src 71409
31005 59491 src 71409
53996 21997 src 71409
88310 37973 src 71409
60594 02576 src 71409
48544 53853 src 71409
26432 15457 src 71409
start 02550 src 02550
02550 53237 src 02550
02550 94511 src 02550
53237 01349 src 02550
53237 65467 src 02550
53237 15414 src 02550
53237 49571 src 02550
53237 25607 src 02550
53237 83061 src 02550
53237 47655 src 02550
53237 91703 src 02550
53237 71069 src 02550
94511 84108 src 02550
94511 56115 src 02550
94511 44859 src 02550
94511 38922 src 02550
94511 89702 src 02550
01349 88248 src 02550
01349 29306 src 02550
01349 71178 src 02550
01349 65990 src 02550
65467 86619 src 02550
65467 80246 src 02550
15414 70778 src 02550
15414 58328 src 02550
15414 24645 src 02550
15414 31835 src 02550
49571 39345 src 02550
49571 32658 src 02550
49571 40277 src 02550
49571 79570 src 02550
49571 78645 src 02550
49571 66747 src 02550
49571 81411 src 02550
25607 98841 src 02550
25607 38311 src 02550
83061 68468 src 02550
47655 70387 src 02550
47655 08773 src 02550
47655 59788 src 02550
47655 60569 src 02550
47655 61217 src 02550
91703 59744 src 02550
91703 40179 src 02550
71069 57396 src 02550
71069 49917 src 02550
71069 89893 src 02550
71069 59702 src 02550
71069 28857 src 02550
84108 56980 src 02550
56115 17364 src 02550
56115 15647 src 02550
56115 89132 src 02550
44859 73522 src 02550
44859 68678 src 02550
38922 30417 src 02550
89702 12560 src 02550
89702 79155 src 02550
88248 06364 src 02550
29306 59371 src 02550
29306 22971 src 02550
29306 31976 src 02550
29306 91436 src 02550
29306 54900 src 02550
65990 23749 src 02550
86619 90576 src 02550
80246 98538 src 02550
70778 04588 src 02550
70778 28979 src 02550
58328 13895 src 02550
32658 99399 src 02550
40277 87383 src 02550
78645 47622 src 02550
78645 32008 src 02550
66747 25694 src 02550
68468 27470 src 02550
61217 48076 src 02550
57396 22739 src 02550
49917 79973 src 02550
49917 22073 src 02550
49917 23817 src 02550
56980 05822 src 02550
79155 55234 src 02550
79973 55350 src 02550
Output
16892 09696 yes
88136 35834 no
35634 59285 yes
56022 69865 no
81730 88372 no
44359 31976 no
22862 08631 no
13285 89702 no
70387 19835 no
93308 47180 yes
90475 34589 yes
65286 72239 yes
87594 12480 yes
45079 61508 yes
71026 91566 yes
80432 38895 no
13105 27306 no
49917 25993 no
77115 44833 yes
65990 17488 no
31933 66320 yes
22971 59744 yes
57776 62112 no
71069 06364 yes
13378 81575 yes
53853 29764 yes
96850 83372 yes
61508 15899 no
81757 10062 yes
96281 05588 yes
01828 95560 yes
85773 76259 yes
37039 49503 no
91436 31499 no
98841 26357 no
09218 66214 yes
93858 15729 yes
97125 91566 yes
93739 12645 no
45079 56783 yes
70387 86619 yes
68020 69361 no
71851 59788 no
97788 90470 yes
70387 79155 yes
69361 89898 yes
56783 78670 no
37200 32008 no
81757 97522 no
13294 09696 yes
34211 95604 no
55883 35634 yes
13895 26166 no
85986 71017 yes
17921 36585 yes
48932 15457 yes
22073 82277 no
65156 93739 yes
05411 60569 no
16892 42175 no
85986 25900 no
15457 08587 no
74457 65467 no
94347 08351 no
55234 26761 no
05411 85221 yes
01196 81927 yes
10617 47628 no
18660 43832 no
80246 61670 no
62625 55895 yes
48102 70387 no
38347 56022 yes
81927 74566 yes
13121 85544 yes
41530 56980 no
99689 22228 no
35834 19545 no
61670 12480 no
03678 01196 yes
46033 39143 yes
83482 87175 yes
99942 85544 yes
59738 19830 yes
27470 65467 yes
55350 52522 no
26761 20693 yes
81927 97788 no
31005 79570 no
66197 40953 no
97522 98538 no
21733 29306 no
38347 17353 no
13121 97959 yes
00409 57734 yes
44270 83320 no
69361 49214 no
85973 91703 no
17488 45083 yes
74566 55895 yes
99399 30782 no
54900 56980 yes
65499 99399 no
08631 12560 no
29764 40953 no
22073 47655 yes
31360 44833 yes
99176 49214 no
10405 19835 yes
38347 87175 no
15899 90187 no
10062 80053 yes
25694 50812 no
22000 66214 yes
81757 13285 yes
87640 71026 no
49409 86944 no
97959 57734 no
81757 68020 no
38922 59788 yes
65156 84108 no
13105 83320 no
61288 69865 yes
64289 39422 yes
52318 18785 no
94511 24497 no
01828 83362 yes
77115 69361 no
69547 52522 yes
17364 71870 no
08351 85033 no
19545 65499 no
90635 94511 no
59788 55350 yes
40953 49409 yes
44859 28857 yes
61508 81730 no
13105 60569 no
71870 49503 yes
06844 91566 no
76321 49781 no
88136 49503 no
71558 56022 yes
80053 08479 no
52515 32008 no
44165 40606 no
14286 80824 yes
88136 45079 no
61118 60594 yes
74566 27306 no
06748 02245 yes
29545 16956 yes
35843 55883 yes
27470 45079 no
01196 03678 yes
21733 02550 no
10062 27306 yes
89893 29306 yes
87900 94511 no
78670 37044 no
14286 58127 yes
48076 00219 no
57396 62622 no
27481 84108 no
04512 80824 yes
65156 71008 yes
81411 23817 yes
74742 40277 no
97959 77115 no
48932 53853 yes
27348 95560 yes
15647 68468 yes
85596 65990 no
81070 25993 yes
17828 40606 yes
70778 08773 yes
85973 49917 no
49917 64289 no
36585 45211 no
77115 96528 yes
59738 24497 yes
26357 56022 yes
58892 22862 yes
65286 05649 yes
53237 58328 yes
13895 49571 yes
61806 74742 no
90475 81730 no
55234 10617 no
59371 34564 no
13121 96850 yes
13105 00765 no
End
