Graph
00119 23624
12459 06174
62792 02841
88390 67101
32889 09417
93979 00327
36162 54387
78656 66859
41203 16317
80264 53027
16918 61412
90856 37974
53892 20192
00513 26212
85557 57248
08209 70631
64226 36162
98447 12166
14506 12166
96502 94400
51685 96100
22871 12866
19774 33518
29034 52675
32556 82303
42314 09417
45392 15644
34343 81442
29034 00119
99590 54387
73109 49869
51853 56548
09431 73664
20491 84894
38662 72182
45524 13908
49772 38396
35047 06111
86288 89365
50021 86288
47881 91056
84894 15341
36555 38786
20516 65210
23651 60468
45392 12166
38295 01960
36555 51853
36197 67350
15948 00631
29028 12866
60178 61708
19774 02841
17084 09204
49869 35074
38662 20516
63777 06174
08761 00327
98447 28982
85557 15156
25136 41799
63252 81632
31336 03999
36162 98447
76358 55620
35074 03236
15948 99687
72113 42176
69805 47005
65383 90856
62792 97563
49862 62684
45392 01026
73859 79989
47881 96141
39114 36162
36179 20192
13908 66444
03999 38868
90805 68043
03709 03709
22780 39329
15341 50021
36555 90076
77456 37974
75324 32556
60178 07389
35074 22780
99864 34575
41203 55968
90856 85557
62684 09431
94517 43573
63777 02711
76358 24074
62058 84409
55968 00513
35074 60468
81632 84894
82428 00327
35047 12713
63252 06111
62058 27806
54488 02711
96141 60178
51685 99687
16918 81632
53892 76358
29466 94113
02251 99811
43573 99590
39595 65210
73833 12459
31742 55620
42314 65274
85385 73859
86288 12459
82562 00826
00119 77456
38786 59619
92289 75916
57920 05313
47221 37232
60160 35074
09204 38868
60160 97563
15003 65383
20192 74784
93439 73833
75439 29028
69805 96502
73971 82562
82428 35248
97563 97563
23076 71228
45392 19926
01960 97563
89965 79989
33257 29028
37232 66859
98447 99687
31742 90076
25098 56823
76358 72182
23602 63252
78656 20253
23651 29466
45524 99864
16485 71086
34575 41799
96100 14506
74784 55620
65383 87579
97563 38258
94400 76358
53892 29687
97036 24078
92458 20253
61265 84894
38258 69882
28628 65383
46856 49862
06221 24624
09204 31336
46580 07977
47221 39477
45392 75916
47881 28982
82303 01026
65274 24074
97563 48563
98447 99687
62684 42107
42176 20192
47221 26110
65838 57920
54387 15156
90076 20491
54488 21363
76493 72113
49772 62327
57248 24852
15003 56823
11653 15226
12166 09204
99811 13908
84518 92967
85557 93979
26110 29865
84894 63425
94517 84752
65210 12459
29466 47228
23602 26212
20253 11438
70631 38972
05313 32556
38868 47701
14215 71228
07464 25098
04602 69882
36197 03709
22780 22300
70631 79989
39595 90076
02711 23783
76854 78656
38662 81442
36162 46710
61265 68133
84752 25136
57248 25136
08209 38662
79989 38786
23076 23651
81442 80264
19774 09431
91056 61708
75916 85557
70778 61412
42332 19774
25693 11653
22780 29466
35248 65383
35074 82613
07389 46710
03999 99864
17084 91056
00826 46580
19926 99853
02484 46710
00631 15156
12166 93979
23602 94400
63425 29687
03999 00631
62684 88291
44976 29028
86288 32889
24078 51853
44372 92458
29466 06221
62058 66444
01960 60468
56548 02711
02711 86288
17084 64226
72113 09417
16485 38258
12713 55620
00826 26110
02484 98420
54488 63252
36555 81442
92597 88291
98420 15156
84894 39198
49869 07977
39329 01960
73664 94113
47228 24624
67101 90856
35175 47701
00513 59619
23783 85385
44976 82562
31613 56823
99864 94517
16317 65210
11438 88291
98087 15644
66859 69260
84518 51488
93979 52675
23651 20253
39595 79989
39595 26212
15156 54387
76854 22871
49862 46856
51853 06402
39329 03236
62792 42107
03999 84409
36555 63252
51488 76179
23076 44976
14215 44587
42314 86288
06174 48376
76179 35074
50480 36179
64226 00119
48376 36555
06402 32093
56548 54488
99864 94517
29028 35074
04602 46856
67350 50021
03709 72182
65274 61265
69882 51732
60165 45392
35047 79989
47228 32454
44976 62327
98087 02819
33518 02841
71228 60160
38258 76854
73833 38786
34232 96502
41763 61412
47228 73109
99864 87579
69260 04602
02819 85557
33372 43573
38295 22871
87037 20491
46580 22300
02841 49772
42176 65210
44587 48563
92458 71086
36197 90076
92967 71228
85385 63252
35175 37974
51732 73355
89965 61265
51732 29028
15003 38868
84894 72182
47701 27806
49772 51488
12866 42332
00327 13677
49772 22780
89700 80264
47259 98087
92597 32454
52675 00327
35175 07389
62792 08386
78869 83066
94517 03999
48810 35691
66444 19926
88390 07464
92967 26110
38972 25693
06402 00513
31613 96100
20253 92458
65838 15156
45392 79560
85385 11653
03236 01960
68142 88291
45062 38258
76358 34232
72182 81632
37974 88390
79989 76493
32093 97036
35047 84894
88390 15948
87037 53892
51853 16918
62058 99811
15644 02819
41763 93439
36162 87579
29687 85385
92967 49869
42176 96502
44372 51488
92458 62327
99687 03245
82303 77456
51853 97036
43462 42176
93586 97563
62327 78656
72182 67350
61708 00119
62792 46856
38868 99864
09417 84894
73355 60160
07464 67101
62058 62058
02819 41799
62058 60628
23602 70631
02711 90076
29466 47228
41799 60628
51685 28982
24074 74784
04602 75439
11438 62792
63777 38972
76358 41763
19926 39114
24852 65383
75439 66859
57920 57920
97352 78869
75439 48563
43462 50021
90805 49862
22871 12866
47228 47221
28628 19926
63425 47005
39477 19774
31336 43573
31613 99864
73971 66859
87037 20192
38396 46580
43573 99687
89700 63252
00826 29865
38972 41203
53027 36555
70778 65210
53027 07895
24074 68133
73355 06221
92967 45062
03999 00327
23076 51732
84894 83066
26212 70631
61708 00119
02819 85557
34232 93439
24624 73109
97352 61265
87037 89365
23651 62327
37974 99811
02819 03245
98087 51685
26110 01960
35248 09204
93439 02711
15341 34232
09417 20491
00513 68133
29034 23624
26212 39198
48810 92597
47259 92289
33518 48810
28628 19926
93586 26110
68133 75141
25693 78869
29034 99864
53027 06402
39198 63252
09249 36162
08761 64226
75439 20253
74784 41203
42332 73971
68142 60160
73859 48376
29466 42728
68043 78656
63252 34343
67101 19926
03709 54488
99687 65838
57920 15003
13677 54387
84752 52675
02819 24852
60160 49869
07977 68142
12713 36179
76358 56806
65274 07895
24624 44587
15818 08386
02711 42176
31742 81632
33257 48563
42107 90805
03999 17693
02819 31336
32093 67350
84518 73971
47005 03709
73109 20253
63252 65210
03383 01960
38396 04602
50480 63252
00631 17084
75141 72182
02251 56823
03709 39198
32454 46580
84752 15644
42728 24624
93586 20253
29466 71086
97352 23602
67350 41203
69260 08386
31336 82703
42314 96359
11438 82613
97036 97036
61265 43462
93586 44372
39970 47881
93586 49772
13677 67101
43573 82303
87037 61412
47259 28982
92597 04602
89365 20491
52675 99853
03236 60468
39198 76358
22780 62684
33257 12866
29466 97563
48563 15818
07895 25693
78656 44587
03245 08761
82703 90856
42728 51732
63425 65210
16485 84518
49862 97563
98087 99811
67101 98447
72113 70778
38396 69260
02819 79560
50480 08209
75439 73355
73109 23651
53892 54488
68133 00513
06174 03709
88390 98087
56823 87579
88291 48563
78656 38295
06174 97352
73971 49772
73355 73971
77456 47881
29687 87037
89365 80264
33372 98420
00119 39114
61708 25136
73833 06111
62058 46710
38396 46580
23651 38295
17693 62058
94113 66859
67350 65274
23783 54488
25693 24078
57920 00327
03709 15226
43573 09291
84752 28982
99590 03245
78869 74784
32889 53027
05313 85557
87037 87037
71086 68043
98420 47259
65838 56823
72113 03709
41203 39595
42728 15818
34575 09249
54488 42176
56806 23602
56958 49772
68043 20253
37232 75439
11653 42314
23076 44587
16485 29028
15341 72182
19926 15948
48810 23651
35248 65383
15644 17693
60178 01957
03709 56806
71228 44372
36162 01026
68133 79989
68043 33257
16485 00826
54387 15003
31336 25098
99864 51685
33257 44976
38258 73971
69882 33257
74784 15341
68142 22780
98447 99687
54387 65838
86288 29687
82428 39114
86288 65210
03709 42176
62327 42107
03709 80264
62058 87579
09431 15818
46580 76179
15226 34232
69624 46580
48563 62684
16317 83066
39595 42314
92597 23076
94113 84518
59619 65274
23624 96141
73109 15818
20192 89965
82428 32556
94113 04602
15948 36162
09249 88390
32454 20253
67350 34343
66859 69624
98420 32556
03383 84518
31336 65838
73833 72182
05313 31613
41799 00119
91056 75916
11438 38295
11438 68043
76493 15341
97036 50480
74784 78869
57920 99590
13908 93979
36179 15226
79989 76358
24074 85385
00513 63252
69260 29865
12459 12713
44976 35691
75439 38258
02251 17084
47221 82613
01957 61708
48563 48563
63252 51853
65274 03709
27806 13908
22300 24624
99811 13677
09431 01960
36179 42314
46580 35691
02711 63777
31336 51685
68043 46580
39595 85385
32556 00631
51732 71228
42107 82562
38295 73971
81632 38786
96502 06402
68133 23783
35248 67101
08386 69624
24078 73833
35047 54488
21363 03709
29865 47221
73971 12866
52675 47881
79989 70631
71086 42107
09291 84752
79560 27806
97563 68142
29034 54387
93979 15948
53892 32093
75916 43573
38295 71086
03383 39477
56823 99811
20516 29687
73971 44372
96359 74784
73664 01960
76179 90805
25693 63252
15818 38396
73971 94113
94113 14215
73355 29028
64226 24852
29865 06221
34232 89700
12866 73971
20516 16918
35047 74784
52675 99687
47881 00631
21363 47005
06111 85385
49869 92458
73971 45062
31336 99811
01957 99811
75141 72113
36179 32093
35248 54387
14506 75324
91056 00119
45392 38868
92597 44587
45392 31613
88390 17693
32556 02251
42728 62792
38396 22780
73833 97352
29687 53027
03709 55968
13677 13908
17084 65838
15003 15156
23624 15156
97036 67350
38868 66444
94113 16485
89365 06174
99687 47259
02484 46710
33518 09431
11653 20491
07389 41799
20516 76493
61708 07464
08386 19774
29466 51488
80264 12459
43462 38662
51853 35047
84518 26110
68043 03236
96141 98420
47221 07977
92289 65838
34343 72113
51685 13908
44976 39477
65838 13908
23602 86288
84409 15644
53027 85385
99590 15948
15003 12166
Queries
62327 62327
68043 94113
97352 37974
02841 86288
39477 12459
75324 62058
84409 25136
94400 34232
39114 25098
24074 42176
16317 50480
20192 81442
09291 96359
78869 27806
46710 89700
00826 46856
84752 99864
76854 38972
67101 76179
98447 19926
97352 24074
17693 60628
51853 74784
57920 42332
85557 03383
97563 60628
43573 00119
38972 50021
43462 11653
32889 64226
28628 09249
47228 29028
86288 15948
59619 93439
60628 21363
96502 81442
35175 13908
36179 53027
90856 45524
09249 51732
70778 26110
28982 94113
38662 11438
62058 45392
62327 29028
69260 82303
92967 21363
32889 34232
48810 60468
09249 36197
09204 91056
91056 29034
46580 17693
88291 08209
79560 84409
20491 63777
15003 19926
62058 31336
96502 61412
39329 82613
52675 99590
70778 48376
24624 45062
97563 37232
23076 79989
39970 86288
19774 94113
84894 02819
38786 50480
72113 55620
28628 73971
06174 73664
88390 38786
67101 03245
20491 94113
68133 33372
54488 20253
82428 15818
55968 31742
43462 62327
99853 63777
15644 54488
73109 93979
38295 37232
02251 17084
60178 42332
70778 98087
13677 65838
96502 65383
60628 42728
94400 07464
03236 44372
84409 75324
99864 43573
92289 65838
33257 96100
24624 87579
86288 93586
28982 08209
38662 15003
85385 73355
25136 60160
94517 67101
97036 09431
32093 73833
29034 08761
84409 45524
60165 24852
32889 08209
50021 06174
28628 71086
65210 79560
91056 68142
33257 53892
62792 94113
09291 84894
61412 12713
29466 62327
79560 85557
46580 84752
60160 65274
43462 78656
60628 98087
28628 23651
19774 32889
96359 36197
49772 03383
96359 56548
76358 41799
54488 46580
82703 09204
74784 34343
25136 46710
86288 96141
60165 60165
66859 75439
51853 43573
69624 29028
96359 15226
79989 99590
34343 61708
34232 22871
29687 41799
32889 85385
43462 81442
76358 56806
25136 31336
96359 98087
46856 24624
79989 15948
64226 84752
03709 39970
36179 39595
01026 98420
59619 47221
39329 67350
97352 03999
45524 25098
07389 44587
19926 23624
60468 57920
14215 72182
24852 49772
23783 07464
55968 16918
38662 36197
70631 15818
22871 49862
69805 94113
12459 15226
07977 38786
84518 15003
57920 07977
39970 49862
68142 47005
15818 39114
63425 73355
69805 06111
82613 00119
94113 69260
39114 85385
29028 91056
91056 97352
84894 35175
89365 65210
19926 51853
82613 92967
72113 60468
65274 68043
73859 45524
98447 73355
37232 12866
62058 82703
41203 69260
07464 60468
93979 35248
06174 77456
01960 92458
26110 62792
74784 31613
62327 60160
00327 66444
15818 99811
01026 89700
77456 87037
79989 29687
89965 44587
44587 70778
34343 81632
49772 24074
55620 19926
35691 22780
03383 62684
50480 38786
92967 32889
53892 07389
54488 43462
68133 82428
08386 24852
50480 56958
21363 89365
15226 12459
73833 02711
85557 60178
03245 39477
63252 53892
60178 35074
09291 56806
13677 84409
32093 29466
37232 87579
16918 24078
65210 94400
06221 97036
76358 33257
49862 41763
75439 20192
09204 14506
89965 88390
49772 62327
06221 51732
09417 01960
54387 51685
78656 37974
38868 29687
20253 72182
82613 51488
84894 23651
26110 29028
22300 12713
93586 11438
29028 73109
66859 03236
69624 47221
22300 17084
85557 16918
79989 51488
39114 08761
92458 29466
07464 25693
33518 76854
73859 75141
55620 23651
76493 17084
41203 42176
89365 70778
46580 98447
75141 16918
98087 15226
35691 75439
49869 60160
55968 98087
42728 99687
79989 25098
88291 49869
07977 49772
42107 00119
03709 42176
03236 35074
49869 68043
01957 47259
09417 55620
24624 82562
15644 02484
79560 79560
74784 65383
17084 62792
11438 90805
73971 76854
56823 23602
35074 00826
24074 60165
12459 34232
82303 67101
92597 15341
41799 00327
82428 64226
94517 09431
89700 47005
50480 72113
53892 78656
78869 23076
92597 22871
75916 75324
34575 08386
00119 62327
68142 44976
83066 65383
96141 27806
67350 75141
57920 00119
72113 42107
47259 44372
86288 15003
82428 17084
48563 96502
92597 35074
24074 38972
36555 32889
38662 73971
60160 46856
61708 67101
99853 70631
48810 22871
51732 42107
47221 93586
39595 68043
00631 61708
99811 82303
56806 47005
84518 20192
23076 00826
54488 90076
34343 69260
96100 00327
23602 22300
88291 56958
49869 92967
20253 42107
89700 99811
68043 46856
32093 84894
60468 66444
41799 94517
45062 38662
06221 61708
32889 16317
39595 09431
39970 11438
60178 32093
87579 43462
14506 92967
47259 70631
08386 06174
96100 56958
43462 68043
81632 48563
47259 39970
36162 69260
32889 09249
09431 02841
75439 73664
Thinking
start 63252 src 63252
63252 81632 src 63252
63252 06111 src 63252
63252 23602 src 63252
63252 54488 src 63252
63252 36555 src 63252
63252 85385 src 63252
63252 89700 src 63252
63252 39198 src 63252
63252 34343 src 63252
63252 65210 src 63252
63252 50480 src 63252
63252 00513 src 63252
63252 51853 src 63252
63252 25693 src 63252
81632 84894 src 63252
81632 16918 src 63252
81632 72182 src 63252
81632 31742 src 63252
81632 38786 src 63252
06111 35047 src 63252
06111 73833 src 63252
23602 26212 src 63252
23602 94400 src 63252
23602 70631 src 63252
23602 97352 src 63252
23602 56806 src 63252
23602 86288 src 63252
54488 02711 src 63252
54488 21363 src 63252
54488 56548 src 63252
54488 03709 src 63252
54488 53892 src 63252
54488 23783 src 63252
54488 42176 src 63252
36555 90076 src 63252
36555 81442 src 63252
36555 48376 src 63252
36555 53027 src 63252
85385 73859 src 63252
85385 11653 src 63252
85385 29687 src 63252
85385 24074 src 63252
85385 39595 src 63252
89700 80264 src 63252
89700 34232 src 63252
39198 76358 src 63252
34343 67350 src 63252
34343 72113 src 63252
65210 20516 src 63252
65210 12459 src 63252
65210 16317 src 63252
65210 70778 src 63252
65210 63425 src 63252
50480 36179 src 63252
50480 08209 src 63252
50480 97036 src 63252
00513 55968 src 63252
00513 59619 src 63252
00513 06402 src 63252
00513 68133 src 63252
51853 24078 src 63252
25693 38972 src 63252
25693 78869 src 63252
25693 07895 src 63252
84894 20491 src 63252
84894 15341 src 63252
84894 61265 src 63252
84894 09417 src 63252
84894 83066 src 63252
16918 61412 src 63252
72182 38662 src 63252
72182 75141 src 63252
31742 55620 src 63252
38786 79989 src 63252
35047 12713 src 63252
35047 74784 src 63252
73833 93439 src 63252
94400 96502 src 63252
97352 06174 src 63252
86288 89365 src 63252
86288 50021 src 63252
86288 32889 src 63252
86288 42314 src 63252
02711 63777 src 63252
21363 47005 src 63252
03709 36197 src 63252
03709 15226 src 63252
03709 65274 src 63252
53892 20192 src 63252
53892 87037 src 63252
53892 32093 src 63252
42176 43462 src 63252
39595 41203 src 63252
76358 41763 src 63252
72113 76493 src 63252
61265 89965 src 63252
74784 96359 src 63252
96502 69805 src 63252
start 03999 src 03999
03999 31336 src 03999
03999 38868 src 03999
03999 99864 src 03999
03999 00631 src 03999
03999 84409 src 03999
03999 94517 src 03999
03999 00327 src 03999
03999 17693 src 03999
31336 09204 src 03999
31336 43573 src 03999
31336 02819 src 03999
31336 82703 src 03999
31336 25098 src 03999
31336 65838 src 03999
31336 51685 src 03999
31336 99811 src 03999
38868 47701 src 03999
38868 15003 src 03999
38868 45392 src 03999
38868 66444 src 03999
99864 34575 src 03999
99864 45524 src 03999
99864 87579 src 03999
99864 31613 src 03999
99864 29034 src 03999
00631 15948 src 03999
00631 15156 src 03999
00631 17084 src 03999
00631 32556 src 03999
00631 47881 src 03999
84409 62058 src 03999
84409 15644 src 03999
94517 84752 src 03999
00327 93979 src 03999
00327 08761 src 03999
00327 82428 src 03999
00327 13677 src 03999
00327 52675 src 03999
00327 57920 src 03999
17693 88390 src 03999
09204 12166 src 03999
09204 35248 src 03999
43573 99590 src 03999
43573 33372 src 03999
43573 99687 src 03999
43573 82303 src 03999
43573 09291 src 03999
43573 75916 src 03999
02819 98087 src 03999
02819 85557 src 03999
02819 41799 src 03999
02819 03245 src 03999
02819 24852 src 03999
02819 79560 src 03999
82703 90856 src 03999
25098 56823 src 03999
25098 07464 src 03999
65838 54387 src 03999
65838 92289 src 03999
65838 13908 src 03999
51685 96100 src 03999
51685 28982 src 03999
99811 02251 src 03999
99811 37974 src 03999
99811 01957 src 03999
47701 35175 src 03999
47701 27806 src 03999
15003 65383 src 03999
45392 01026 src 03999
45392 19926 src 03999
45392 60165 src 03999
34575 09249 src 03999
87579 36162 src 03999
31613 05313 src 03999
29034 00119 src 03999
29034 23624 src 03999
15156 98420 src 03999
17084 91056 src 03999
17084 64226 src 03999
32556 75324 src 03999
47881 96141 src 03999
47881 39970 src 03999
47881 77456 src 03999
62058 60628 src 03999
62058 46710 src 03999
84752 25136 src 03999
82428 39114 src 03999
13677 67101 src 03999
52675 99853 src 03999
12166 98447 src 03999
12166 14506 src 03999
99687 47259 src 03999
85557 57248 src 03999
41799 07389 src 03999
07464 61708 src 03999
01957 60178 src 03999
65383 28628 src 03999
98420 02484 src 03999
start 75439 src 75439
75439 29028 src 75439
75439 04602 src 75439
75439 66859 src 75439
75439 48563 src 75439
75439 20253 src 75439
75439 73355 src 75439
75439 37232 src 75439
75439 38258 src 75439
29028 12866 src 75439
29028 33257 src 75439
29028 44976 src 75439
29028 35074 src 75439
29028 51732 src 75439
29028 16485 src 75439
04602 69882 src 75439
04602 46856 src 75439
04602 69260 src 75439
04602 38396 src 75439
04602 92597 src 75439
04602 94113 src 75439
66859 78656 src 75439
66859 73971 src 75439
66859 69624 src 75439
48563 97563 src 75439
48563 44587 src 75439
48563 15818 src 75439
48563 88291 src 75439
48563 62684 src 75439
20253 92458 src 75439
20253 11438 src 75439
20253 23651 src 75439
20253 73109 src 75439
20253 93586 src 75439
20253 68043 src 75439
20253 32454 src 75439
73355 60160 src 75439
73355 06221 src 75439
37232 47221 src 75439
38258 76854 src 75439
38258 45062 src 75439
12866 22871 src 75439
12866 42332 src 75439
44976 82562 src 75439
44976 23076 src 75439
44976 62327 src 75439
44976 35691 src 75439
44976 39477 src 75439
35074 49869 src 75439
35074 03236 src 75439
35074 22780 src 75439
35074 60468 src 75439
35074 82613 src 75439
35074 76179 src 75439
51732 42728 src 75439
51732 71228 src 75439
16485 71086 src 75439
16485 84518 src 75439
16485 00826 src 75439
46856 49862 src 75439
46856 62792 src 75439
69260 08386 src 75439
69260 29865 src 75439
38396 49772 src 75439
38396 46580 src 75439
92597 48810 src 75439
94113 29466 src 75439
94113 73664 src 75439
94113 14215 src 75439
78656 38295 src 75439
73971 44372 src 75439
97563 01960 src 75439
97563 68142 src 75439
44587 24624 src 75439
15818 09431 src 75439
62684 42107 src 75439
73109 47228 src 75439
93586 26110 src 75439
68043 90805 src 75439
47221 07977 src 75439
45062 92967 src 75439
42332 19774 src 75439
39477 03383 src 75439
03236 39329 src 75439
22780 22300 src 75439
76179 51488 src 75439
62792 02841 src 75439
49772 56958 src 75439
48810 33518 src 75439
Output
62327 62327 yes
68043 94113 yes
97352 37974 no
02841 86288 no
39477 12459 no
75324 62058 yes
84409 25136 yes
94400 34232 yes
39114 25098 yes
24074 42176 yes
16317 50480 yes
20192 81442 yes
09291 96359 no
78869 27806 no
46710 89700 no
00826 46856 yes
84752 99864 yes
76854 38972 no
67101 76179 no
98447 19926 yes
97352 24074 yes
17693 60628 yes
51853 74784 yes
57920 42332 no
85557 03383 no
97563 60628 no
43573 00119 yes
38972 50021 yes
43462 11653 yes
32889 64226 no
28628 09249 yes
47228 29028 yes
86288 15948 no
59619 93439 yes
60628 21363 no
96502 81442 yes
35175 13908 yes
36179 53027 yes
90856 45524 yes
09249 51732 no
70778 26110 no
28982 94113 no
38662 11438 no
62058 45392 yes
62327 29028 yes
69260 82303 no
92967 21363 no
32889 34232 yes
48810 60468 yes
09249 36197 no
09204 91056 yes
91056 29034 yes
46580 17693 no
88291 08209 no
79560 84409 yes
20491 63777 yes
15003 19926 yes
62058 31336 yes
96502 61412 yes
39329 82613 yes
52675 99590 yes
70778 48376 yes
24624 45062 yes
97563 37232 yes
23076 79989 no
39970 86288 no
19774 94113 yes
84894 02819 no
38786 50480 yes
72113 55620 yes
28628 73971 no
06174 73664 no
88390 38786 no
67101 03245 yes
20491 94113 no
68133 33372 no
54488 20253 no
82428 15818 no
55968 31742 yes
43462 62327 no
99853 63777 no
15644 54488 no
73109 93979 no
38295 37232 yes
02251 17084 yes
60178 42332 no
70778 98087 no
13677 65838 yes
96502 65383 no
60628 42728 no
94400 07464 no
03236 44372 yes
84409 75324 yes
99864 43573 yes
92289 65838 yes
33257 96100 no
24624 87579 no
86288 93586 no
28982 08209 no
38662 15003 no
85385 73355 no
25136 60160 no
94517 67101 yes
97036 09431 no
32093 73833 yes
29034 08761 yes
84409 45524 yes
60165 24852 yes
32889 08209 yes
50021 06174 yes
28628 71086 no
65210 79560 no
91056 68142 no
33257 53892 no
62792 94113 yes
09291 84894 no
61412 12713 yes
29466 62327 yes
79560 85557 yes
46580 84752 no
60160 65274 no
43462 78656 no
60628 98087 yes
28628 23651 no
19774 32889 no
96359 36197 yes
49772 03383 yes
96359 56548 yes
76358 41799 no
54488 46580 no
82703 09204 yes
74784 34343 yes
25136 46710 yes
86288 96141 no
60165 60165 yes
66859 75439 yes
51853 43573 no
69624 29028 yes
96359 15226 yes
79989 99590 no
34343 61708 no
34232 22871 no
29687 41799 no
32889 85385 yes
43462 81442 yes
76358 56806 yes
25136 31336 yes
96359 98087 no
46856 24624 yes
79989 15948 no
64226 84752 yes
03709 39970 no
36179 39595 yes
01026 98420 yes
59619 47221 no
39329 67350 no
97352 03999 no
45524 25098 yes
07389 44587 no
19926 23624 yes
60468 57920 no
14215 72182 no
24852 49772 no
23783 07464 no
55968 16918 yes
38662 36197 yes
70631 15818 no
22871 49862 yes
69805 94113 no
12459 15226 yes
07977 38786 no
84518 15003 no
57920 07977 no
39970 49862 no
68142 47005 no
15818 39114 no
63425 73355 no
69805 06111 yes
82613 00119 no
94113 69260 yes
39114 85385 no
29028 91056 no
91056 97352 no
84894 35175 no
89365 65210 yes
19926 51853 no
82613 92967 yes
72113 60468 no
65274 68043 no
73859 45524 no
98447 73355 no
37232 12866 yes
62058 82703 yes
41203 69260 no
07464 60468 no
93979 35248 yes
06174 77456 no
01960 92458 yes
26110 62792 yes
74784 31613 no
62327 60160 yes
00327 66444 yes
15818 99811 no
01026 89700 no
77456 87037 no
79989 29687 yes
89965 44587 no
44587 70778 no
34343 81632 yes
49772 24074 no
55620 19926 no
35691 22780 yes
03383 62684 yes
50480 38786 yes
92967 32889 no
53892 07389 no
54488 43462 yes
68133 82428 no
08386 24852 no
50480 56958 no
21363 89365 yes
15226 12459 yes
73833 02711 yes
85557 60178 yes
03245 39477 no
63252 53892 yes
60178 35074 no
09291 56806 no
13677 84409 yes
32093 29466 no
37232 87579 no
16918 24078 yes
65210 94400 yes
06221 97036 no
76358 33257 no
49862 41763 no
75439 20192 no
09204 14506 yes
89965 88390 no
49772 62327 yes
06221 51732 yes
09417 01960 no
54387 51685 yes
78656 37974 no
38868 29687 no
20253 72182 no
82613 51488 yes
84894 23651 no
26110 29028 yes
22300 12713 no
93586 11438 yes
29028 73109 yes
66859 03236 yes
69624 47221 yes
22300 17084 no
85557 16918 no
79989 51488 no
39114 08761 yes
92458 29466 yes
07464 25693 no
33518 76854 yes
73859 75141 yes
55620 23651 no
76493 17084 no
41203 42176 yes
89365 70778 yes
46580 98447 no
75141 16918 yes
98087 15226 no
35691 75439 yes
49869 60160 yes
55968 98087 no
42728 99687 no
79989 25098 no
88291 49869 yes
07977 49772 yes
42107 00119 no
03709 42176 yes
03236 35074 yes
49869 68043 yes
01957 47259 yes
09417 55620 yes
24624 82562 yes
15644 02484 yes
79560 79560 yes
74784 65383 no
17084 62792 no
11438 90805 yes
73971 76854 yes
56823 23602 no
35074 00826 yes
24074 60165 no
12459 34232 yes
82303 67101 yes
92597 15341 no
41799 00327 yes
82428 64226 yes
94517 09431 no
89700 47005 yes
50480 72113 yes
53892 78656 no
78869 23076 no
92597 22871 yes
75916 75324 yes
34575 08386 no
00119 62327 no
68142 44976 yes
83066 65383 no
96141 27806 yes
67350 75141 yes
57920 00119 yes
72113 42107 no
47259 44372 no
86288 15003 no
82428 17084 yes
48563 96502 no
92597 35074 yes
24074 38972 yes
36555 32889 yes
38662 73971 no
60160 46856 yes
61708 67101 yes
99853 70631 no
48810 22871 yes
51732 42107 yes
47221 93586 yes
39595 68043 no
00631 61708 yes
99811 82303 yes
56806 47005 yes
84518 20192 no
23076 00826 yes
54488 90076 yes
34343 69260 no
96100 00327 yes
23602 22300 no
88291 56958 yes
49869 92967 yes
20253 42107 yes
89700 99811 no
68043 46856 yes
32093 84894 yes
60468 66444 no
41799 94517 yes
45062 38662 no
06221 61708 no
32889 16317 yes
39595 09431 no
39970 11438 no
60178 32093 no
87579 43462 no
14506 92967 no
47259 70631 no
08386 06174 no
96100 56958 no
43462 68043 no
81632 48563 no
47259 39970 yes
36162 69260 no
32889 09249 no
09431 02841 yes
75439 73664 yes
End
