Graph
77923 19183
36336 92508
79731 49080
21294 34939
46779 46779
82444 36262
67866 86771
61674 17379
51917 47613
09209 44681
16540 19427
28333 35337
70849 29701
50528 20753
67177 47613
11550 10633
69156 85780
22403 21604
05065 34459
82237 17609
46779 72010
12998 60500
51582 98901
03728 03728
08291 90131
52122 13073
76078 06737
67942 67942
32407 77837
86033 71368
08110 88994
01795 93849
46127 32219
73233 81538
81538 55890
86194 77781
97031 92045
27489 59217
19181 67942
00223 99286
51361 42594
22403 04412
09966 48943
41465 89758
83459 16783
29552 95192
36233 26443
53580 19221
44710 52122
08588 24231
38038 43990
85145 11777
09910 52296
28333 59242
83459 02806
80738 68413
57625 18981
39889 46779
34812 04412
51361 98951
71368 95513
05065 90395
36748 85168
81057 43179
22240 73475
50556 67942
28198 77894
09675 86996
94323 55106
22240 59804
36597 77768
78607 60396
85145 18515
09675 35143
19341 49080
86033 27496
63615 77539
50508 28024
55025 75251
70875 71397
85780 07721
09509 81673
40323 57426
21756 37703
92977 01215
82444 73287
38663 37703
43686 94461
31645 99919
82444 40638
91410 65501
76440 62041
25342 86996
55174 58330
40323 28024
33545 68139
21294 17968
76468 44392
16689 17968
91301 69892
59573 83459
81575 48304
69892 79731
29167 18981
63615 59804
75496 90395
88382 73514
46119 56899
90301 46119
79486 81244
62384 90609
36568 20753
53103 60280
85145 97883
95343 63615
21604 75251
13073 59573
86108 11777
29701 99919
43179 29733
86906 93924
85145 19341
70482 59427
40638 65427
75194 24231
09675 12809
22944 72289
73514 53580
34076 82237
78392 43509
77768 48943
70875 83643
46127 36568
08588 43509
17075 38663
82237 58330
86387 09966
09125 06737
18854 44710
69156 49309
49080 56890
31502 18515
68139 00368
00368 25731
07678 75674
70875 53374
83722 43509
08506 89784
33545 71643
52619 80450
11908 36597
07533 80738
40629 51361
33092 84355
06588 93849
77539 34939
65501 04582
34373 37509
70849 83643
28732 24231
52619 29740
07414 02256
06737 37221
19427 28198
35337 51361
92977 04791
25731 26443
24231 77894
91694 12042
30528 92977
11908 87112
68139 83169
95513 30709
52720 12998
47700 75251
83802 85780
13073 81057
77795 16689
90609 05818
02806 77894
79731 17609
07369 14908
48706 22944
12457 31645
92045 48706
36233 87811
21570 28333
31645 19427
22944 66391
33285 28152
34076 05231
74218 34812
60500 77795
07678 92508
24304 60988
34076 91301
95098 83643
36597 45643
81673 30602
96615 14908
88215 58999
69892 44681
48943 12809
32984 55025
34534 09509
17075 52233
94862 50148
22598 64518
20753 32219
98947 57625
57625 68139
81244 77894
81131 07678
32407 09789
63447 08588
50528 94461
75963 18515
64846 55025
25342 23524
33650 42869
55174 77923
08291 76254
23144 97883
05765 51361
04791 92312
00223 04606
71764 60280
55106 06588
95513 18515
47700 63615
19221 28333
00368 68339
88382 78607
81248 47613
01105 75674
10633 76991
68339 76078
21659 40629
87811 29167
02569 32407
25367 05818
12042 84665
36636 19997
63447 16783
36526 36526
07243 56899
93849 22243
47700 94323
34534 17379
68139 84019
83802 53255
53255 76254
31512 37155
70849 83722
91617 43686
08291 58999
99653 81057
74353 30528
83071 06588
53548 09910
90131 76254
73287 22944
17609 23127
00048 44681
98947 71643
52122 79486
19183 34459
65881 13553
36233 42239
04791 61947
53548 76695
47613 69892
94358 12538
70849 28732
36414 52619
70482 01105
34459 17609
60280 34534
43179 60038
60396 26931
28055 29317
23255 70849
08328 83722
52122 74059
35143 87112
77768 51582
63615 28024
57426 10562
63310 86771
71384 00368
52296 87811
95343 59804
29552 22944
32507 07721
75251 25342
27489 57625
03728 19181
15917 09125
86194 25731
81538 94461
17075 65881
18515 34459
52619 29525
44710 55022
92045 28025
48304 08110
52296 39192
42972 37509
08110 26931
75674 23255
81198 98356
34174 50722
53580 96344
51361 35337
53374 50556
71368 49080
18380 05065
91617 59242
67509 80450
88215 17971
43509 63447
83643 19181
04582 50722
08270 26931
25845 08270
37373 88215
10633 13553
74218 93849
40323 12809
76315 61947
04606 19221
25919 36526
33545 39192
30602 13863
37373 18515
97031 71643
94461 08110
34812 63310
74353 35143
29317 92563
19341 30709
83802 55174
21687 36526
55240 48657
02130 28024
07533 62041
32407 60396
76695 60822
94358 50508
37509 34174
95761 93924
43990 48171
22240 67866
36636 86033
53580 76468
21294 42129
26443 83562
75194 12457
59427 44710
73475 30528
02256 25367
42129 94540
17010 19183
34939 77539
97031 25731
88994 37703
00048 19341
76254 32507
89784 14731
28732 59427
68139 49978
21756 25845
32407 53580
42022 42869
98689 64846
92508 22137
65501 81131
31502 83802
17379 17010
29740 17075
22403 93849
04582 07678
25919 22137
38663 92550
07243 49702
40629 20438
29033 17609
99286 21501
14908 83293
21756 69761
55890 08110
68413 31645
75251 51582
98947 09910
27489 67257
43509 02806
52191 53548
87112 47700
07243 19181
00223 44000
89758 63615
05818 60988
17971 05231
38663 91617
72010 70482
65733 83643
27529 51361
88215 83293
38038 86906
71764 51917
76468 59242
09675 22403
69156 88215
57426 75251
17075 45203
05765 32407
55025 98689
37221 98440
37221 28055
76078 09910
52122 34373
76440 24231
65501 02806
07414 29740
00368 55240
89663 39889
20438 45975
79421 09910
02130 75251
49207 68139
92550 46127
91617 20972
76315 12809
90395 67177
36332 08190
09789 45975
44710 63447
14671 09509
21659 35337
88382 43686
37509 59427
42594 36947
36748 42239
00223 36947
25845 37703
12457 79486
32219 52619
44392 04606
50533 80450
23524 52720
56899 08328
89784 63615
81673 47613
51361 13553
52119 04606
18981 15917
63447 90301
42022 40323
43509 49702
70849 12457
76078 67257
60500 86387
23524 77768
50508 30528
50533 80662
77781 49207
71368 61674
08291 17379
81131 50722
23524 47700
74993 01795
10562 50508
36947 05765
81538 28333
94323 32984
55174 11777
29525 36414
95192 28025
60988 25845
33092 49080
43990 33690
19427 90301
22598 73514
66391 68339
12457 25784
19181 92508
90694 77795
11908 92312
40629 48304
22944 84154
81198 07721
52122 74059
12042 94358
68139 06737
40629 17075
55240 02478
29733 42972
90395 23127
14840 12538
94461 27529
19221 59242
46779 02806
74059 59427
67897 36748
52122 95098
43179 62041
67177 19997
06588 16689
28024 49174
63327 86387
25845 24304
95098 42972
39192 76764
37051 36568
34373 31645
82237 18380
83169 94833
21294 79319
72161 17968
50148 43990
28152 76440
62041 79486
21604 22240
58999 17609
27529 02256
08110 62384
78607 59242
90694 90694
64716 09209
77781 28055
86996 31623
74993 59804
83562 00180
21506 44710
14082 50773
12538 50508
09789 22598
21756 64518
31645 56899
36414 76468
67509 73858
92508 72010
01215 77539
90609 98951
21294 86387
99653 76440
68413 79486
70849 65501
53580 65881
65733 46119
00368 65427
04606 52119
20438 64518
21570 36414
43990 97031
17968 48943
34174 44710
75195 11550
85780 76254
04412 09966
02130 55106
32984 93849
63327 94358
12538 01215
78812 22403
67897 26443
23144 14908
83459 15921
71643 79421
48943 51582
90609 73233
98356 32507
29167 60822
49174 75251
60822 15917
16689 91694
55890 60988
32507 88215
14840 57426
50722 37155
01249 86033
09509 85145
11777 34076
25731 86194
32984 82060
42869 16689
37221 73007
96615 79731
13863 34459
49174 23524
67509 20972
77795 63310
38663 76532
14908 90131
00223 98951
63846 49702
31502 15727
67509 77837
92045 84019
76078 60822
44710 59573
31502 14908
93849 47700
78392 13073
73007 29167
09966 01795
91694 32984
46119 07243
37373 09509
55174 18515
11550 36414
68139 22944
22243 98901
14082 68339
04412 09966
81248 15727
92977 25342
67866 74218
07533 28152
09209 17010
49174 73475
71368 85145
06539 06777
15727 17379
09966 76315
19997 69892
37509 08328
75194 56899
02033 57625
25367 04606
13863 55174
01000 55240
50148 50773
01105 01105
48706 72289
93924 22944
82444 83562
36332 00368
86906 50148
92045 98440
52191 93924
58999 09509
81198 81673
34174 81057
08110 53580
92508 92508
19181 95098
01249 23127
29525 88994
34174 90301
52191 25605
49080 23144
16783 46779
14671 07369
92312 01215
19104 83293
91301 90395
07369 51926
55962 75195
60396 50533
58330 71368
80450 40629
85168 92045
34076 19997
73514 78607
36332 83562
63290 19997
94862 50773
28025 82444
89758 40323
28055 84019
71368 29033
37221 92582
63846 15921
07414 78607
49309 81248
36526 90301
09209 37373
05065 69892
24304 10633
37051 96344
53580 46127
60038 77894
19427 07678
22713 09125
65733 65501
51926 00048
21506 15921
51917 36636
53374 43179
53548 00368
26443 15917
28152 43509
73475 09966
62384 43686
59427 34373
29167 49978
48304 69761
55240 93924
17010 17609
58999 53103
26443 73007
08270 21756
32407 80450
78812 92312
48648 02478
68339 29317
36233 33545
09910 95192
14908 07369
97883 04892
89758 92977
32456 16783
59217 98947
71764 71368
17609 07369
02033 94862
73287 97031
71368 86033
98689 73475
57625 25605
52762 77539
04892 44681
19221 52233
88215 32507
06588 34939
04791 04412
98440 36748
48171 00368
90131 56890
27496 29033
73233 37933
37221 92045
67177 13863
36233 67897
09966 77795
52619 35337
53548 98440
80738 37155
24231 34123
44681 13863
55962 67509
92045 14082
86906 66391
99286 26931
75195 27529
92563 98947
81248 63290
42129 14840
46779 19181
36262 68139
83293 58999
19181 75674
71397 89663
90609 73514
64716 81198
09966 77795
25845 36414
62523 99653
92045 73287
99286 80662
40629 73514
23255 80738
11550 76532
95098 07533
23144 31502
50556 12457
88994 55962
40638 94862
42594 21501
45643 74218
01215 22403
94358 40323
32456 07243
77768 74353
55174 88215
95098 31645
93849 78812
28152 07243
85145 81198
43081 51582
86108 19104
24060 02806
89663 03728
40629 59242
20438 75195
36597 74353
75195 80662
36332 38038
12457 50722
17971 51917
82444 97031
92508 79486
82060 64846
78812 79319
05818 98951
60988 37703
91410 50722
09789 92550
48304 21501
37509 90301
07243 83643
00180 72289
37051 99286
62041 28198
67897 68139
25784 55022
76991 96344
65427 33545
60500 21294
63846 34123
70875 37155
86194 09125
25845 48304
84355 36636
92508 08588
59593 76695
25845 22598
06777 37373
64518 21501
66391 94862
08588 24060
75963 81248
04791 89758
91410 49702
74993 87112
86996 84665
65881 99286
58999 18515
81244 62041
21294 47700
81673 90395
14671 04892
25919 78392
79486 15921
91410 60038
24304 44392
85145 83802
43990 76764
67257 29317
72143 58999
50148 33545
52119 67509
26931 78607
48943 23524
09125 52191
48304 08270
71397 34123
59593 87811
01105 72010
00368 49207
18854 70482
57426 48943
19181 34174
36568 20972
01795 12042
47613 82237
33285 83722
41465 09966
76532 43686
07678 24060
21294 63615
01249 36636
79486 18854
01795 73475
84355 97883
68758 73475
18515 23144
13073 08328
32984 36597
91694 86771
50773 36748
20753 67509
18515 85780
06539 17609
85168 82444
22243 01795
44392 99286
36332 72289
32219 76532
33690 55240
89663 24060
46779 81057
48171 48648
48304 05765
60396 78607
52720 43081
22240 73475
21294 31623
27489 28055
19104 83802
59217 29317
98947 27489
92312 40323
06299 80450
32456 95098
33092 72143
48657 93924
06299 44000
90694 49174
92508 77894
09910 79421
14731 21072
40629 25367
62041 18854
72161 22403
29733 50722
52720 42022
48943 85999
37509 25919
04412 77539
77781 26443
02256 32219
52191 33690
67897 68339
21072 09966
15727 13863
98356 53103
34174 70849
31502 14908
00223 81575
40638 77781
86033 58999
90301 07533
60396 37933
42972 04582
59573 15921
62200 29552
50148 95192
73475 86387
29167 94862
04412 50508
76254 06777
17075 90609
78607 37933
68413 50556
34174 18854
51926 60280
37221 06737
50773 83169
08588 95098
07414 05765
11777 14671
23524 74218
70482 01105
07369 37373
67509 99286
09675 68758
38663 88382
27496 14671
Queries
63615 51582
99286 60396
09209 90131
07721 98356
97031 14082
67897 94540
25845 72161
21294 94540
19183 78607
00223 44681
48171 38663
02256 60500
55890 88994
83071 20972
08506 45975
95192 01795
21506 21570
73475 77795
63290 79421
42594 83562
92312 79319
86387 55022
63290 56899
15727 19183
94862 05065
55025 08110
22944 07369
10633 42594
91694 76991
19181 85780
92550 91410
22944 29733
36947 69761
49174 94323
76315 87112
00048 29701
04791 17609
85780 81538
55890 53255
28055 92582
42869 94323
92508 07678
70875 50556
46119 65733
12809 33092
16783 51582
13073 42972
86108 98356
07678 42972
86108 08506
02478 36262
04791 79486
73475 89784
06777 01215
76695 40638
01000 86906
22713 18981
36233 95761
95192 22240
32507 34123
82060 00180
00368 29552
73233 35337
95192 71397
96344 80662
77923 61674
85999 19183
59427 71397
56890 10562
60500 68413
96615 72143
77781 95192
52119 50722
62384 25367
14731 30528
36332 05818
82237 77768
42972 32507
48304 91694
39889 34534
09209 17609
45643 87811
64846 68758
37155 94862
62384 86996
65427 62384
81131 83459
68339 82237
46119 85780
86771 12998
52619 36233
45643 13863
96615 34459
89784 52762
28025 50773
06299 29525
48657 71384
12457 33092
60038 23144
05818 86194
99919 60822
49702 05765
85780 05818
76764 59427
60500 94540
76468 55962
28055 88382
67509 36947
74218 28024
21294 78812
05231 73287
05065 65427
22713 29317
65881 06588
62384 77768
28152 67257
76315 48304
34174 83722
23127 36336
98947 68339
19104 67177
72289 38038
19427 18515
32407 00180
05818 77923
10562 22403
30602 92582
86194 36748
81248 96615
79731 44392
48648 17010
50556 84019
28055 38038
30528 34812
53103 82237
43686 02033
25731 50148
90301 90301
91617 67509
75251 83071
63310 05765
12457 84154
86194 89758
07721 07369
95098 22137
42022 31502
36332 48657
19427 29740
43179 80738
49080 14840
04582 19427
16783 48648
09966 68139
76532 18380
59804 43081
21659 21072
77781 05065
18515 71368
85145 21506
86771 31645
67509 76254
87811 02478
39889 50722
69761 36332
68339 64518
67942 82060
55962 46127
78607 37933
57625 43509
86906 42972
21659 86906
04606 96615
16540 32456
28152 36947
22713 71368
75194 70875
64716 62384
17010 90131
37703 23127
51926 14731
83802 81198
29317 38038
63447 63327
50508 67866
24060 47700
60280 01215
84355 23127
65881 68758
38038 27529
60988 36568
52762 22240
43686 34459
91410 95343
02033 84154
08190 14908
43509 99653
01000 06737
82444 26931
67866 71764
01000 45975
52233 79731
19997 85780
15917 62200
02806 47613
76991 32219
14908 53255
16783 77837
63310 53255
29525 62384
51926 76315
15921 92508
19181 32984
36332 33690
14840 74353
58330 14908
27496 23144
04606 13553
53548 36233
77781 51917
52233 71643
78392 11908
37509 98947
77894 62041
77781 64518
30709 73287
31502 06588
60500 01215
12538 17010
63290 81248
21604 76315
50148 24304
81538 72010
25731 83562
49080 53255
23255 14840
58999 36947
90609 36526
90609 22713
74059 37155
60822 60822
28025 76695
36748 02478
90395 28024
42239 68139
95098 77923
Thinking
start 08110 src 08110
08110 88994 src 08110
08110 48304 src 08110
08110 26931 src 08110
08110 94461 src 08110
08110 55890 src 08110
08110 62384 src 08110
08110 53580 src 08110
88994 37703 src 08110
88994 29525 src 08110
88994 55962 src 08110
48304 81575 src 08110
48304 40629 src 08110
48304 69761 src 08110
48304 21501 src 08110
48304 25845 src 08110
48304 08270 src 08110
48304 05765 src 08110
26931 60396 src 08110
26931 99286 src 08110
26931 78607 src 08110
94461 43686 src 08110
94461 50528 src 08110
94461 81538 src 08110
94461 27529 src 08110
55890 60988 src 08110
62384 90609 src 08110
53580 19221 src 08110
53580 73514 src 08110
53580 96344 src 08110
53580 76468 src 08110
53580 32407 src 08110
53580 65881 src 08110
53580 46127 src 08110
37703 21756 src 08110
37703 38663 src 08110
29525 52619 src 08110
29525 36414 src 08110
55962 75195 src 08110
55962 67509 src 08110
81575 00223 src 08110
40629 51361 src 08110
40629 21659 src 08110
40629 20438 src 08110
40629 17075 src 08110
40629 80450 src 08110
40629 59242 src 08110
40629 25367 src 08110
21501 42594 src 08110
21501 64518 src 08110
25845 24304 src 08110
25845 22598 src 08110
05765 36947 src 08110
05765 07414 src 08110
60396 50533 src 08110
60396 37933 src 08110
99286 80662 src 08110
99286 37051 src 08110
99286 44392 src 08110
78607 88382 src 08110
43686 91617 src 08110
43686 76532 src 08110
50528 20753 src 08110
81538 73233 src 08110
81538 28333 src 08110
27529 02256 src 08110
60988 05818 src 08110
90609 98951 src 08110
19221 04606 src 08110
19221 52233 src 08110
96344 76991 src 08110
32407 77837 src 08110
32407 09789 src 08110
32407 02569 src 08110
65881 13553 src 08110
46127 32219 src 08110
46127 36568 src 08110
46127 92550 src 08110
52619 29740 src 08110
52619 35337 src 08110
36414 21570 src 08110
36414 11550 src 08110
67509 73858 src 08110
67509 20972 src 08110
67509 52119 src 08110
00223 44000 src 08110
20438 45975 src 08110
17075 45203 src 08110
80450 06299 src 08110
24304 10633 src 08110
start 19181 src 19181
19181 67942 src 19181
19181 03728 src 19181
19181 83643 src 19181
19181 07243 src 19181
19181 92508 src 19181
19181 95098 src 19181
19181 46779 src 19181
19181 75674 src 19181
19181 34174 src 19181
67942 50556 src 19181
03728 89663 src 19181
83643 70875 src 19181
83643 70849 src 19181
83643 65733 src 19181
07243 56899 src 19181
07243 49702 src 19181
07243 46119 src 19181
07243 32456 src 19181
07243 28152 src 19181
92508 36336 src 19181
92508 07678 src 19181
92508 22137 src 19181
92508 72010 src 19181
92508 79486 src 19181
92508 08588 src 19181
92508 77894 src 19181
95098 52122 src 19181
95098 42972 src 19181
95098 07533 src 19181
95098 31645 src 19181
46779 39889 src 19181
46779 02806 src 19181
46779 16783 src 19181
46779 81057 src 19181
75674 01105 src 19181
75674 23255 src 19181
34174 50722 src 19181
34174 37509 src 19181
34174 44710 src 19181
34174 90301 src 19181
34174 18854 src 19181
50556 53374 src 19181
50556 12457 src 19181
50556 68413 src 19181
89663 71397 src 19181
89663 24060 src 19181
70875 37155 src 19181
70849 29701 src 19181
70849 83722 src 19181
70849 28732 src 19181
70849 65501 src 19181
56899 08328 src 19181
56899 75194 src 19181
49702 43509 src 19181
49702 63846 src 19181
49702 91410 src 19181
28152 33285 src 19181
28152 76440 src 19181
07678 81131 src 19181
07678 04582 src 19181
07678 19427 src 19181
22137 25919 src 19181
72010 70482 src 19181
79486 81244 src 19181
79486 62041 src 19181
79486 15921 src 19181
08588 24231 src 19181
08588 63447 src 19181
77894 28198 src 19181
77894 60038 src 19181
52122 13073 src 19181
52122 74059 src 19181
52122 34373 src 19181
42972 29733 src 19181
07533 80738 src 19181
31645 99919 src 19181
02806 83459 src 19181
81057 43179 src 19181
81057 99653 src 19181
37509 59427 src 19181
44710 55022 src 19181
44710 21506 src 19181
44710 59573 src 19181
90301 36526 src 19181
12457 25784 src 19181
71397 34123 src 19181
37155 31512 src 19181
43509 78392 src 19181
19427 16540 src 19181
99653 62523 src 19181
36526 21687 src 19181
start 67897 src 67897
67897 36748 src 67897
67897 26443 src 67897
67897 36233 src 67897
67897 68139 src 67897
67897 68339 src 67897
36748 85168 src 67897
36748 42239 src 67897
36748 98440 src 67897
36748 50773 src 67897
26443 25731 src 67897
26443 83562 src 67897
26443 15917 src 67897
26443 73007 src 67897
26443 77781 src 67897
36233 87811 src 67897
36233 33545 src 67897
68139 00368 src 67897
68139 83169 src 67897
68139 57625 src 67897
68139 84019 src 67897
68139 49978 src 67897
68139 49207 src 67897
68139 06737 src 67897
68139 22944 src 67897
68139 36262 src 67897
68339 76078 src 67897
68339 66391 src 67897
68339 14082 src 67897
68339 29317 src 67897
85168 92045 src 67897
85168 82444 src 67897
98440 37221 src 67897
98440 53548 src 67897
50773 50148 src 67897
50773 94862 src 67897
25731 86194 src 67897
25731 97031 src 67897
83562 00180 src 67897
83562 36332 src 67897
15917 09125 src 67897
15917 18981 src 67897
15917 60822 src 67897
73007 29167 src 67897
77781 28055 src 67897
77781 40638 src 67897
87811 52296 src 67897
87811 59593 src 67897
33545 71643 src 67897
33545 39192 src 67897
33545 65427 src 67897
00368 71384 src 67897
00368 55240 src 67897
00368 48171 src 67897
83169 94833 src 67897
57625 98947 src 67897
57625 27489 src 67897
57625 02033 src 67897
57625 25605 src 67897
22944 72289 src 67897
22944 48706 src 67897
22944 73287 src 67897
22944 29552 src 67897
22944 84154 src 67897
22944 93924 src 67897
76078 09910 src 67897
76078 67257 src 67897
66391 86906 src 67897
29317 92563 src 67897
29317 59217 src 67897
92045 28025 src 67897
37221 92582 src 67897
53548 76695 src 67897
53548 52191 src 67897
50148 43990 src 67897
50148 95192 src 67897
36332 08190 src 67897
36332 38038 src 67897
09125 22713 src 67897
71643 79421 src 67897
39192 76764 src 67897
55240 48657 src 67897
55240 02478 src 67897
55240 01000 src 67897
55240 33690 src 67897
48171 48648 src 67897
29552 62200 src 67897
93924 95761 src 67897
start 85145 src 85145
85145 11777 src 85145
85145 18515 src 85145
85145 97883 src 85145
85145 19341 src 85145
85145 09509 src 85145
85145 71368 src 85145
85145 81198 src 85145
85145 83802 src 85145
11777 86108 src 85145
11777 55174 src 85145
11777 34076 src 85145
11777 14671 src 85145
18515 31502 src 85145
18515 75963 src 85145
18515 95513 src 85145
18515 34459 src 85145
18515 37373 src 85145
18515 58999 src 85145
18515 23144 src 85145
18515 85780 src 85145
97883 04892 src 85145
97883 84355 src 85145
19341 49080 src 85145
19341 30709 src 85145
19341 00048 src 85145
09509 81673 src 85145
09509 34534 src 85145
71368 86033 src 85145
71368 61674 src 85145
71368 58330 src 85145
71368 29033 src 85145
71368 71764 src 85145
81198 98356 src 85145
81198 07721 src 85145
81198 64716 src 85145
83802 53255 src 85145
83802 19104 src 85145
55174 77923 src 85145
55174 13863 src 85145
55174 88215 src 85145
34076 82237 src 85145
34076 05231 src 85145
34076 91301 src 85145
34076 19997 src 85145
14671 07369 src 85145
14671 27496 src 85145
31502 15727 src 85145
31502 14908 src 85145
75963 81248 src 85145
34459 05065 src 85145
34459 19183 src 85145
34459 17609 src 85145
37373 09209 src 85145
37373 06777 src 85145
58999 08291 src 85145
58999 53103 src 85145
58999 83293 src 85145
58999 72143 src 85145
85780 69156 src 85145
85780 76254 src 85145
04892 44681 src 85145
84355 33092 src 85145
84355 36636 src 85145
49080 79731 src 85145
49080 56890 src 85145
00048 51926 src 85145
81673 30602 src 85145
81673 47613 src 85145
81673 90395 src 85145
34534 17379 src 85145
34534 60280 src 85145
86033 01249 src 85145
71764 51917 src 85145
98356 32507 src 85145
13863 67177 src 85145
88215 17971 src 85145
82237 18380 src 85145
91301 69892 src 85145
19997 63290 src 85145
14908 96615 src 85145
14908 90131 src 85145
81248 49309 src 85145
19183 17010 src 85145
17609 23127 src 85145
17609 06539 src 85145
90395 75496 src 85145
start 78812 src 78812
78812 22403 src 78812
78812 92312 src 78812
78812 93849 src 78812
78812 79319 src 78812
22403 21604 src 78812
22403 04412 src 78812
22403 09675 src 78812
22403 01215 src 78812
22403 72161 src 78812
92312 04791 src 78812
92312 11908 src 78812
92312 40323 src 78812
93849 01795 src 78812
93849 06588 src 78812
93849 22243 src 78812
93849 74218 src 78812
93849 32984 src 78812
93849 47700 src 78812
79319 21294 src 78812
21604 75251 src 78812
21604 22240 src 78812
04412 34812 src 78812
04412 09966 src 78812
04412 77539 src 78812
04412 50508 src 78812
09675 86996 src 78812
09675 35143 src 78812
09675 12809 src 78812
09675 68758 src 78812
01215 92977 src 78812
01215 12538 src 78812
72161 17968 src 78812
04791 61947 src 78812
04791 89758 src 78812
11908 36597 src 78812
11908 87112 src 78812
40323 57426 src 78812
40323 28024 src 78812
40323 42022 src 78812
40323 94358 src 78812
01795 74993 src 78812
01795 12042 src 78812
01795 73475 src 78812
06588 55106 src 78812
06588 83071 src 78812
06588 16689 src 78812
06588 34939 src 78812
22243 98901 src 78812
74218 67866 src 78812
74218 45643 src 78812
74218 23524 src 78812
32984 55025 src 78812
32984 94323 src 78812
32984 82060 src 78812
32984 91694 src 78812
47700 63615 src 78812
21294 42129 src 78812
21294 86387 src 78812
21294 60500 src 78812
21294 31623 src 78812
75251 25342 src 78812
75251 51582 src 78812
75251 02130 src 78812
75251 49174 src 78812
22240 59804 src 78812
34812 63310 src 78812
09966 48943 src 78812
09966 76315 src 78812
09966 77795 src 78812
09966 41465 src 78812
09966 21072 src 78812
77539 52762 src 78812
50508 30528 src 78812
50508 10562 src 78812
86996 84665 src 78812
35143 74353 src 78812
12538 14840 src 78812
36597 77768 src 78812
42022 42869 src 78812
42022 52720 src 78812
94358 63327 src 78812
73475 98689 src 78812
67866 86771 src 78812
55025 64846 src 78812
63615 95343 src 78812
63615 89784 src 78812
42129 94540 src 78812
60500 12998 src 78812
51582 43081 src 78812
49174 90694 src 78812
48943 85999 src 78812
21072 14731 src 78812
42869 33650 src 78812
89784 08506 src 78812
Output
63615 51582 yes
99286 60396 yes
09209 90131 yes
07721 98356 yes
97031 14082 yes
67897 94540 no
25845 72161 no
21294 94540 yes
19183 78607 no
00223 44681 no
48171 38663 no
02256 60500 no
55890 88994 yes
83071 20972 no
08506 45975 no
95192 01795 no
21506 21570 no
73475 77795 yes
63290 79421 no
42594 83562 no
92312 79319 yes
86387 55022 no
63290 56899 no
15727 19183 yes
94862 05065 no
55025 08110 no
22944 07369 no
10633 42594 yes
91694 76991 no
19181 85780 no
92550 91410 no
22944 29733 no
36947 69761 yes
49174 94323 yes
76315 87112 yes
00048 29701 no
04791 17609 no
85780 81538 no
55890 53255 no
28055 92582 yes
42869 94323 yes
92508 07678 yes
70875 50556 yes
46119 65733 yes
12809 33092 no
16783 51582 no
13073 42972 yes
86108 98356 yes
07678 42972 yes
86108 08506 no
02478 36262 yes
04791 79486 no
73475 89784 yes
06777 01215 no
76695 40638 yes
01000 86906 yes
22713 18981 yes
36233 95761 yes
95192 22240 no
32507 34123 no
82060 00180 no
00368 29552 yes
73233 35337 yes
95192 71397 no
96344 80662 yes
77923 61674 yes
85999 19183 no
59427 71397 yes
56890 10562 no
60500 68413 no
96615 72143 yes
77781 95192 yes
52119 50722 no
62384 25367 yes
14731 30528 yes
36332 05818 no
82237 77768 no
42972 32507 no
48304 91694 no
39889 34534 no
09209 17609 yes
45643 87811 no
64846 68758 yes
37155 94862 no
62384 86996 no
65427 62384 no
81131 83459 yes
68339 82237 no
46119 85780 no
86771 12998 yes
52619 36233 no
45643 13863 no
96615 34459 yes
89784 52762 yes
28025 50773 yes
06299 29525 yes
48657 71384 yes
12457 33092 no
60038 23144 no
05818 86194 no
99919 60822 no
49702 05765 no
85780 05818 no
76764 59427 no
60500 94540 yes
76468 55962 yes
28055 88382 no
67509 36947 yes
74218 28024 yes
21294 78812 yes
05231 73287 no
05065 65427 no
22713 29317 yes
65881 06588 no
62384 77768 no
28152 67257 no
76315 48304 no
34174 83722 yes
23127 36336 no
98947 68339 yes
19104 67177 yes
72289 38038 yes
19427 18515 no
32407 00180 no
05818 77923 no
10562 22403 yes
30602 92582 no
86194 36748 yes
81248 96615 yes
79731 44392 no
48648 17010 no
50556 84019 no
28055 38038 yes
30528 34812 yes
53103 82237 yes
43686 02033 no
25731 50148 yes
90301 90301 yes
91617 67509 yes
75251 83071 yes
63310 05765 no
12457 84154 no
86194 89758 no
07721 07369 yes
95098 22137 yes
42022 31502 no
36332 48657 yes
19427 29740 no
43179 80738 yes
49080 14840 no
04582 19427 yes
16783 48648 no
09966 68139 no
76532 18380 no
59804 43081 yes
21659 21072 no
77781 05065 no
18515 71368 yes
85145 21506 no
86771 31645 no
67509 76254 no
87811 02478 yes
39889 50722 yes
69761 36332 no
68339 64518 no
67942 82060 no
55962 46127 yes
78607 37933 yes
57625 43509 no
86906 42972 no
21659 86906 no
04606 96615 no
16540 32456 yes
28152 36947 no
22713 71368 no
75194 70875 yes
64716 62384 no
17010 90131 yes
37703 23127 no
51926 14731 no
83802 81198 yes
29317 38038 yes
63447 63327 no
50508 67866 yes
24060 47700 no
60280 01215 no
84355 23127 yes
65881 68758 no
38038 27529 no
60988 36568 yes
52762 22240 yes
43686 34459 no
91410 95343 no
02033 84154 yes
08190 14908 no
43509 99653 yes
01000 06737 yes
82444 26931 no
67866 71764 no
01000 45975 no
52233 79731 no
19997 85780 yes
15917 62200 yes
02806 47613 no
76991 32219 yes
14908 53255 yes
16783 77837 no
63310 53255 no
29525 62384 yes
51926 76315 no
15921 92508 yes
19181 32984 no
36332 33690 yes
14840 74353 yes
58330 14908 yes
27496 23144 yes
04606 13553 yes
53548 36233 yes
77781 51917 no
52233 71643 no
78392 11908 no
37509 98947 no
77894 62041 yes
77781 64518 no
30709 73287 no
31502 06588 no
60500 01215 yes
12538 17010 no
63290 81248 yes
21604 76315 yes
50148 24304 no
81538 72010 no
25731 83562 yes
49080 53255 yes
23255 14840 no
58999 36947 no
90609 36526 no
90609 22713 no
74059 37155 yes
60822 60822 yes
28025 76695 yes
36748 02478 yes
90395 28024 no
42239 68139 yes
95098 77923 no
End
