Graph
9550 9550
5117 3566
5236 7614
2532 6240
2805 0498
5836 1393
0833 1145
4416 1145
6240 1796
0769 0205
7614 5836
6240 0498
6949 8764
0691 6240
7526 2153
5836 0934
8913 4416
1145 8627
9736 6949
9550 7526
9736 7526
0709 0146
5261 0691
6949 8764
0564 5261
7614 1393
2712 4416
7737 9438
6596 2751
0205 5117
2163 0769
0769 0205
9550 9550
0691 2805
9736 9736
0691 3211
0205 6596
5117 9438
9736 6949
0769 2559
0934 7614
0691 1796
7614 5836
2712 3657
2712 0833
3249 2712
2712 6395
6240 0709
7803 4416
0498 0564
9080 1145
8081 0769
1393 0934
0769 9438
Queries
9550 7803
7737 9438
0498 7614
0934 5117
0205 0205
3249 3211
2751 9438
2751 1393
2805 3211
5236 6395
3657 3249
1796 1796
9080 0833
7737 2751
5261 3211
1393 0934
8764 6395
2712 6240
5261 1796
1393 8913
0205 3566
5836 0934
3211 8081
5236 2751
2712 0934
9550 9550
0564 7614
0205 7614
2163 8913
6395 3211
0769 2751
2153 5261
7737 2559
0564 0709
9550 6949
0769 2751
0934 1393
0564 1393
3566 9550
0709 3249
9550 5236
0564 0934
9080 7526
7614 0691
1393 5236
9736 8764
3566 0833
8913 9080
6949 6949
9080 7803
5236 1393
7614 0833
3657 3249
9550 2559
0564 0498
1393 5236
8764 7526
7614 6949
3657 0691
0934 5236
9736 6949
2805 8764
2559 0205
0833 7526
7614 5836
8081 8081
8764 0934
5261 5261
9550 2153
9736 7526
9736 0564
2532 7737
5836 8913
2163 0934
7614 0205
9438 5117
0769 0205
0146 3657
9550 9550
1145 7526
1145 2712
9736 0769
0691 0934
7614 2532
9736 1145
0146 0934
0691 3566
7803 2559
8913 9550
7803 9550
0934 0146
Thinking
start 0205 src 0205
0205 0769 src 0205
0205 5117 src 0205
0205 6596 src 0205
0769 2163 src 0205
0769 2559 src 0205
0769 8081 src 0205
0769 9438 src 0205
5117 3566 src 0205
6596 2751 src 0205
9438 7737 src 0205
start 9736 src 9736
9736 6949 src 9736
9736 7526 src 9736
6949 8764 src 9736
7526 2153 src 9736
7526 9550 src 9736
start 5836 src 5836
5836 1393 src 5836
5836 7614 src 5836
5836 0934 src 5836
7614 5236 src 5836
start 0691 src 0691
0691 6240 src 0691
0691 5261 src 0691
0691 2805 src 0691
0691 3211 src 0691
0691 1796 src 0691
6240 2532 src 0691
6240 0498 src 0691
6240 0709 src 0691
5261 0564 src 0691
0709 0146 src 0691
start 2712 src 2712
2712 4416 src 2712
2712 3657 src 2712
2712 0833 src 2712
2712 3249 src 2712
2712 6395 src 2712
4416 1145 src 2712
4416 8913 src 2712
4416 7803 src 2712
1145 8627 src 2712
1145 9080 src 2712
Output
9550 7803 no
7737 9438 yes
0498 7614 no
0934 5117 no
0205 0205 yes
3249 3211 no
2751 9438 yes
2751 1393 no
2805 3211 yes
5236 6395 no
3657 3249 yes
1796 1796 yes
9080 0833 yes
7737 2751 yes
5261 3211 yes
1393 0934 yes
8764 6395 no
2712 6240 no
5261 1796 yes
1393 8913 no
0205 3566 yes
5836 0934 yes
3211 8081 no
5236 2751 no
2712 0934 no
9550 9550 yes
0564 7614 no
0205 7614 no
2163 8913 no
6395 3211 no
0769 2751 yes
2153 5261 no
7737 2559 yes
0564 0709 yes
9550 6949 yes
0769 2751 yes
0934 1393 yes
0564 1393 no
3566 9550 no
0709 3249 no
9550 5236 no
0564 0934 no
9080 7526 no
7614 0691 no
1393 5236 yes
9736 8764 yes
3566 0833 no
8913 9080 yes
6949 6949 yes
9080 7803 yes
5236 1393 yes
7614 0833 no
3657 3249 yes
9550 2559 no
0564 0498 yes
1393 5236 yes
8764 7526 yes
7614 6949 no
3657 0691 no
0934 5236 yes
9736 6949 yes
2805 8764 no
2559 0205 yes
0833 7526 no
7614 5836 yes
8081 8081 yes
8764 0934 no
5261 5261 yes
9550 2153 yes
9736 7526 yes
9736 0564 no
2532 7737 no
5836 8913 no
2163 0934 no
7614 0205 no
9438 5117 yes
0769 0205 yes
0146 3657 no
9550 9550 yes
1145 7526 no
1145 2712 yes
9736 0769 no
0691 0934 no
7614 2532 no
9736 1145 no
0146 0934 no
0691 3566 no
7803 2559 no
8913 9550 no
7803 9550 no
0934 0146 no
End
