Graph
5158 8594
1654 8004
0529 7973
9637 1472
9637 7371
0542 3870
5158 9052
6203 1654
4943 1228
1909 1654
5158 2786
0361 8594
7409 1654
5623 3949
8004 9902
7409 8004
2891 8505
0361 0529
9902 2449
7903 9637
8004 7370
5158 9052
8594 7973
5623 3949
7903 5623
7973 5158
5623 9637
7370 2449
8155 0321
5496 8155
0812 8505
1909 8004
0361 0361
7371 5623
7371 7371
1228 0542
0812 0227
7973 9052
6542 0321
2786 7973
7409 1654
8505 8155
7903 9911
3949 9911
3949 7371
0210 2891
3178 8155
0361 8033
7371 5623
4943 1228
8594 0529
7973 5158
9637 9911
9911 7371
8505 8505
7370 8004
3870 0542
2891 5496
4943 1228
5623 7371
4943 1228
0529 6513
0227 0321
6513 0529
0542 4943
5623 5623
1654 7409
8033 6513
9637 7903
0210 0227
1228 3870
0321 8155
2449 8004
6203 1654
0812 8505
7370 8004
5496 6542
0542 1228
1909 2449
4943 3870
4943 1228
5623 3949
5158 8033
9637 6910
3870 0542
8214 8033
3870 4943
5496 0321
1228 3870
9637 7903
2449 1654
1228 3870
3870 1228
8214 0529
8155 6542
7903 7903
8214 0361
7409 7370
1228 3870
0812 8155
2891 2891
8004 2449
0812 0210
1228 0542
8033 8214
7903 3949
7903 9911
5623 1472
7903 3949
2786 8214
3870 4943
0542 3870
0361 8214
6910 3949
2891 8155
8004 1654
6513 5158
0227 3178
1654 1909
7409 9902
5158 0529
7903 7371
7903 3949
3949 6910
0210 2891
2449 1909
1472 9911
9911 6910
5496 6542
8505 0227
0812 0227
1472 1472
8033 2786
Queries
8214 8033
9902 1654
1228 6513
9911 7903
1228 4943
0227 2891
0542 2449
2891 6542
4943 0321
1909 9052
0321 6910
0812 7973
7371 7371
1472 7371
8004 8214
2449 0529
0227 1472
8214 3870
1228 3949
7371 9637
4943 3870
0210 1654
1909 1909
7903 8505
7973 3870
9637 6910
9637 0210
1909 1654
3870 3870
0542 7903
0210 0812
9052 1228
2449 0210
0542 4943
8594 9052
6542 0227
8155 3178
6513 4943
0542 5623
7409 8004
0542 7370
0227 7409
1654 7370
0542 8155
8033 0210
1909 0227
7903 7409
7370 2449
0210 6203
9052 5158
0542 1228
3870 3870
2786 7973
7370 1654
0321 0227
0361 8594
9637 4943
1228 1228
8155 3949
9911 7371
1228 1228
6513 7973
1228 4943
5623 9637
8505 6542
8505 1909
6513 2786
3178 9052
5623 0361
7903 8155
1228 6513
5496 0529
2449 9637
5623 1472
0210 6203
8214 7371
6542 1654
6513 7973
5496 2786
1228 6513
9637 9637
2786 7409
3870 0542
Thinking
start 4943 src 4943
4943 1228 src 4943
4943 0542 src 4943
4943 3870 src 4943
start 3949 src 3949
3949 5623 src 3949
3949 9911 src 3949
3949 7371 src 3949
3949 7903 src 3949
3949 6910 src 3949
5623 9637 src 3949
5623 1472 src 3949
start 8505 src 8505
8505 2891 src 8505
8505 0812 src 8505
8505 8155 src 8505
8505 0227 src 8505
2891 0210 src 8505
2891 5496 src 8505
8155 0321 src 8505
8155 3178 src 8505
8155 6542 src 8505
start 0529 src 0529
0529 7973 src 0529
0529 0361 src 0529
0529 8594 src 0529
0529 6513 src 0529
0529 8214 src 0529
0529 5158 src 0529
7973 9052 src 0529
7973 2786 src 0529
0361 8033 src 0529
start 1909 src 1909
1909 1654 src 1909
1909 8004 src 1909
1909 2449 src 1909
1654 6203 src 1909
1654 7409 src 1909
8004 9902 src 1909
8004 7370 src 1909
Output
8214 8033 yes
9902 1654 yes
1228 6513 no
9911 7903 yes
1228 4943 yes
0227 2891 yes
0542 2449 no
2891 6542 yes
4943 0321 no
1909 9052 no
0321 6910 no
0812 7973 no
7371 7371 yes
1472 7371 yes
8004 8214 no
2449 0529 no
0227 1472 no
8214 3870 no
1228 3949 no
7371 9637 yes
4943 3870 yes
0210 1654 no
1909 1909 yes
7903 8505 no
7973 3870 no
9637 6910 yes
9637 0210 no
1909 1654 yes
3870 3870 yes
0542 7903 no
0210 0812 yes
9052 1228 no
2449 0210 no
0542 4943 yes
8594 9052 yes
6542 0227 yes
8155 3178 yes
6513 4943 no
0542 5623 no
7409 8004 yes
0542 7370 no
0227 7409 no
1654 7370 yes
0542 8155 no
8033 0210 no
1909 0227 no
7903 7409 no
7370 2449 yes
0210 6203 no
9052 5158 yes
0542 1228 yes
3870 3870 yes
2786 7973 yes
7370 1654 yes
0321 0227 yes
0361 8594 yes
9637 4943 no
1228 1228 yes
8155 3949 no
9911 7371 yes
1228 1228 yes
6513 7973 yes
1228 4943 yes
5623 9637 yes
8505 6542 yes
8505 1909 no
6513 2786 yes
3178 9052 no
5623 0361 no
7903 8155 no
1228 6513 no
5496 0529 no
2449 9637 no
5623 1472 yes
0210 6203 no
8214 7371 no
6542 1654 no
6513 7973 yes
5496 2786 no
1228 6513 no
9637 9637 yes
2786 7409 no
3870 0542 yes
End
