Graph
7020 5601
7146 0115
0936 1930
7274 1130
9803 5588
4509 9567
4880 9668
0389 8426
2669 0270
4880 0735
9043 8371
8817 7146
4880 0270
5588 9668
8153 5601
4340 6273
8371 8537
1907 7943
0301 0514
8371 9821
0270 5630
3083 0301
1930 0936
9821 5830
8216 8371
8216 1930
8426 8371
8216 9176
3974 4509
5588 7274
7020 0999
8426 2653
8216 8216
0115 8426
5630 9668
0999 8426
4094 6821
5601 8426
9176 4175
1907 5630
5630 0514
6273 7943
5588 6821
9668 9134
0389 0115
4340 9134
6273 1130
4609 5588
8537 1930
7146 9821
7146 9043
0903 4609
3974 4340
7020 9821
4880 3974
0389 9306
1907 4094
4175 7935
4340 0903
Queries
4609 0999
3083 5588
9176 4175
8153 0115
5830 7935
8153 0301
0270 3974
9306 4340
9043 8817
8426 9306
3083 5601
0389 0270
5630 9134
7274 1930
9043 0301
7935 1130
1130 1930
9134 5830
7935 0115
5630 9043
9176 3974
7935 7935
4609 7943
0936 8371
0999 0389
7935 4880
4340 9043
8371 9134
3974 0735
9567 4509
0735 1930
0389 0514
9821 0270
9134 4175
2653 7146
0115 8153
4609 5601
7020 7935
9567 0936
9043 1907
3083 4609
0936 9306
6821 7020
5601 9821
8817 8153
0936 0936
2653 8216
0389 5601
7274 0115
9134 0735
0301 0301
7020 8537
9043 9803
5630 4175
0514 9803
3974 4880
0999 9043
4340 8426
9668 2653
8371 9567
9567 3974
5830 0735
4094 0389
0115 7943
9134 1907
7935 9176
9043 0389
9306 8817
8153 0301
8817 0301
4880 9134
7274 0999
7274 4609
0735 6821
9306 8537
0735 9176
0270 0735
5830 3083
0735 9821
2669 0999
8371 9134
8371 0514
9134 6273
2653 9567
9043 4094
0115 3974
3083 6821
8216 4609
5630 3083
3083 5588
0999 2669
9803 9821
6821 2653
6821 7274
0115 9668
0115 8537
9043 2653
8153 5630
8426 0936
Thinking
start 8371 src 8371
8371 9043 src 8371
8371 8537 src 8371
8371 9821 src 8371
8371 8216 src 8371
8371 8426 src 8371
9043 7146 src 8371
8537 1930 src 8371
9821 5830 src 8371
9821 7020 src 8371
8216 9176 src 8371
8426 0389 src 8371
8426 2653 src 8371
8426 0115 src 8371
8426 0999 src 8371
8426 5601 src 8371
7146 8817 src 8371
1930 0936 src 8371
9176 4175 src 8371
0389 9306 src 8371
5601 8153 src 8371
4175 7935 src 8371
start 5630 src 5630
5630 0270 src 5630
5630 9668 src 5630
5630 1907 src 5630
5630 0514 src 5630
0270 2669 src 5630
0270 4880 src 5630
9668 5588 src 5630
9668 9134 src 5630
1907 7943 src 5630
1907 4094 src 5630
0514 0301 src 5630
4880 0735 src 5630
4880 3974 src 5630
5588 9803 src 5630
5588 7274 src 5630
5588 6821 src 5630
5588 4609 src 5630
9134 4340 src 5630
7943 6273 src 5630
0301 3083 src 5630
3974 4509 src 5630
7274 1130 src 5630
4609 0903 src 5630
4509 9567 src 5630
Output
4609 0999 no
3083 5588 yes
9176 4175 yes
8153 0115 yes
5830 7935 yes
8153 0301 no
0270 3974 yes
9306 4340 no
9043 8817 yes
8426 9306 yes
3083 5601 no
0389 0270 no
5630 9134 yes
7274 1930 no
9043 0301 no
7935 1130 no
1130 1930 no
9134 5830 no
7935 0115 yes
5630 9043 no
9176 3974 no
7935 7935 yes
4609 7943 yes
0936 8371 yes
0999 0389 yes
7935 4880 no
4340 9043 no
8371 9134 no
3974 0735 yes
9567 4509 yes
0735 1930 no
0389 0514 no
9821 0270 no
9134 4175 no
2653 7146 yes
0115 8153 yes
4609 5601 no
7020 7935 yes
9567 0936 no
9043 1907 no
3083 4609 yes
0936 9306 yes
6821 7020 no
5601 9821 yes
8817 8153 yes
0936 0936 yes
2653 8216 yes
0389 5601 yes
7274 0115 no
9134 0735 yes
0301 0301 yes
7020 8537 yes
9043 9803 no
5630 4175 no
0514 9803 yes
3974 4880 yes
0999 9043 yes
4340 8426 no
9668 2653 no
8371 9567 no
9567 3974 yes
5830 0735 no
4094 0389 no
0115 7943 no
9134 1907 yes
7935 9176 yes
9043 0389 yes
9306 8817 yes
8153 0301 no
8817 0301 no
4880 9134 yes
7274 0999 no
7274 4609 yes
0735 6821 yes
9306 8537 yes
0735 9176 no
0270 0735 yes
5830 3083 no
0735 9821 no
2669 0999 no
8371 9134 no
8371 0514 no
9134 6273 yes
2653 9567 no
9043 4094 no
0115 3974 no
3083 6821 yes
8216 4609 no
5630 3083 yes
3083 5588 yes
0999 2669 no
9803 9821 no
6821 2653 no
6821 7274 yes
0115 9668 no
0115 8537 yes
9043 2653 yes
8153 5630 no
8426 0936 yes
End
