Graph
5076 8679
5268 1730
1365 0951
9409 5562
2318 8099
1048 3170
7299 7299
1881 4897
5815 3656
9838 4635
1601 9314
9314 5562
9838 5076
2318 1881
8679 5076
8334 9823
5821 4147
2318 0499
4147 1965
4897 5268
0097 5997
0291 7299
8679 3587
9409 9409
4128 4147
4897 2318
1365 7833
3712 2304
4635 3587
9823 5562
2304 8015
0499 5815
7767 1610
2318 5268
7939 2318
4897 3656
0355 4147
5997 8202
3372 1048
0097 9409
5997 8334
0291 3372
8939 4635
0291 3170
3587 7767
0487 5815
9409 8334
4147 3372
3587 3587
0499 1730
5562 0097
9823 9823
5076 1365
4147 8015
7833 5076
9823 9823
4147 2304
9823 8202
9409 9823
4897 3656
0951 9838
7767 8679
9314 0097
0097 9314
1657 8679
0499 7939
3712 3170
9409 8202
8099 0499
9823 9314
9409 5562
0487 5268
5997 8334
5076 4635
5997 9409
0355 4147
7833 4635
1048 1965
4128 1048
1048 3712
4897 8099
2304 3372
0499 7939
8679 1657
8202 9314
8202 1601
1365 7833
5997 5997
1048 2304
3170 7299
8679 9838
3656 3656
8015 3170
1965 0355
5997 0097
1601 8202
9409 5562
4635 5076
9823 9314
5268 0487
5821 7299
3170 4128
5268 7939
0097 8334
8099 4897
7299 4128
1610 4635
1601 9823
0951 4635
9314 5562
0951 1657
9409 8202
2318 5815
3587 1365
9409 8334
9838 8939
5562 0097
8334 1601
8099 1881
8679 8939
9502 3712
4128 7299
8202 5562
3712 4147
5562 9314
2318 7939
5815 8099
7939 3656
9409 9409
8099 0499
0097 9823
5821 2304
3170 0355
Queries
0487 2304
5997 3587
3170 3712
0097 5997
7833 7299
7833 9838
3587 7299
1965 0097
0951 3587
5815 8334
8015 4147
5268 8099
7767 7767
5997 5815
0355 7833
9409 5268
9838 5076
1365 5562
5076 7767
5815 3656
1881 0499
0291 8202
5821 0499
8015 2318
0499 2304
3587 8015
7299 2318
0097 5268
7299 7767
9314 0097
9409 1601
1601 5076
9409 5815
8015 5076
8099 0487
8099 5562
7833 0291
1657 9409
9823 5997
0291 2304
9502 1657
7833 4128
8679 7767
4635 5076
4897 4635
3656 0291
0355 1610
8334 4147
5997 4635
8099 3587
3587 4128
5268 7939
3712 5821
8202 7833
3372 9823
0499 1730
2304 9838
5076 8939
7767 5997
9502 5821
8679 2318
5997 9314
3587 1365
5815 5268
0499 0499
9502 8679
9502 4147
0487 5268
9409 5562
4147 4897
5076 5997
5997 9409
3587 9314
1965 4897
8679 1048
9823 3170
0499 4128
1730 1601
4635 0951
1048 3656
5997 9314
5815 1881
4128 9823
1657 1657
7299 3170
2318 2318
9314 3587
8939 5821
5076 5997
8202 0097
Thinking
start 1881 src 1881
1881 4897 src 1881
1881 2318 src 1881
1881 8099 src 1881
4897 5268 src 1881
4897 3656 src 1881
2318 0499 src 1881
2318 7939 src 1881
2318 5815 src 1881
5268 1730 src 1881
5268 0487 src 1881
start 3712 src 3712
3712 2304 src 3712
3712 3170 src 3712
3712 1048 src 3712
3712 9502 src 3712
3712 4147 src 3712
2304 8015 src 3712
2304 3372 src 3712
2304 5821 src 3712
3170 0291 src 3712
3170 7299 src 3712
3170 4128 src 3712
3170 0355 src 3712
1048 1965 src 3712
start 8679 src 8679
8679 5076 src 8679
8679 3587 src 8679
8679 7767 src 8679
8679 1657 src 8679
8679 9838 src 8679
8679 8939 src 8679
5076 1365 src 8679
5076 7833 src 8679
5076 4635 src 8679
7767 1610 src 8679
1657 0951 src 8679
start 9314 src 9314
9314 1601 src 9314
9314 5562 src 9314
9314 0097 src 9314
9314 9823 src 9314
9314 8202 src 9314
1601 8334 src 9314
5562 9409 src 9314
0097 5997 src 9314
Output
0487 2304 no
5997 3587 no
3170 3712 yes
0097 5997 yes
7833 7299 no
7833 9838 yes
3587 7299 no
1965 0097 no
0951 3587 yes
5815 8334 no
8015 4147 yes
5268 8099 yes
7767 7767 yes
5997 5815 no
0355 7833 no
9409 5268 no
9838 5076 yes
1365 5562 no
5076 7767 yes
5815 3656 yes
1881 0499 yes
0291 8202 no
5821 0499 no
8015 2318 no
0499 2304 no
3587 8015 no
7299 2318 no
0097 5268 no
7299 7767 no
9314 0097 yes
9409 1601 yes
1601 5076 no
9409 5815 no
8015 5076 no
8099 0487 yes
8099 5562 no
7833 0291 no
1657 9409 no
9823 5997 yes
0291 2304 yes
9502 1657 no
7833 4128 no
8679 7767 yes
4635 5076 yes
4897 4635 no
3656 0291 no
0355 1610 no
8334 4147 no
5997 4635 no
8099 3587 no
3587 4128 no
5268 7939 yes
3712 5821 yes
8202 7833 no
3372 9823 no
0499 1730 yes
2304 9838 no
5076 8939 yes
7767 5997 no
9502 5821 yes
8679 2318 no
5997 9314 yes
3587 1365 yes
5815 5268 yes
0499 0499 yes
9502 8679 no
9502 4147 yes
0487 5268 yes
9409 5562 yes
4147 4897 no
5076 5997 no
5997 9409 yes
3587 9314 no
1965 4897 no
8679 1048 no
9823 3170 no
0499 4128 no
1730 1601 no
4635 0951 yes
1048 3656 no
5997 9314 yes
5815 1881 yes
4128 9823 no
1657 1657 yes
7299 3170 yes
2318 2318 yes
9314 3587 no
8939 5821 no
5076 5997 no
8202 0097 yes
End
