Graph
89639 40444
10239 14324
87691 46447
97460 95114
58611 80375
31440 68584
45694 69627
64388 95114
99264 35158
94099 40444
12787 81306
66601 17770
25841 07464
19024 46447
01310 13752
28821 20792
22616 34811
64516 83497
66658 10070
18656 14800
87353 34811
16150 17924
08117 51478
86677 36769
75111 80180
73569 62450
49402 76585
95114 78625
83961 44689
13246 47146
74282 06022
71097 00227
14800 69070
16150 08561
73322 46927
04392 44335
88753 49105
69044 59320
64516 76158
04023 82340
21632 14005
88072 86371
45694 57945
94099 22632
98188 59486
16014 35019
06450 93275
24956 48242
17641 43598
40718 75477
06450 64388
73353 19024
08420 60488
01894 95622
28751 54244
09910 95622
68584 95622
49240 22616
09518 95618
46672 94282
35891 92553
60343 75779
42529 58058
35158 13246
49070 67960
44329 57727
52877 58004
49105 68070
54420 35576
49357 01310
19247 04392
54495 97797
32318 13745
52028 34225
77760 86884
67960 03443
76585 99393
57031 25231
28540 81001
16324 88513
00227 36769
74407 54495
77422 29386
88072 79538
35576 77610
52028 86371
28821 49070
70470 59486
74008 65350
42614 79538
47146 75453
97333 43197
25841 13096
70295 76908
54244 50395
93787 35199
97103 84141
97300 94099
94058 54495
29104 86371
56848 41356
69070 86676
74008 89366
27745 95357
97300 03591
93275 77422
20792 08556
97333 22827
70349 22616
49070 46428
43598 84170
09518 98188
13752 13752
43197 53602
17924 76266
97846 22632
26171 89639
26757 92879
61863 69208
80180 51843
83961 46964
06022 17770
31190 37681
25809 28751
52028 15740
44689 37486
24629 06077
46315 54420
73569 89081
71771 04023
16334 36769
60999 67638
15740 95014
73322 97460
44689 52028
55282 34811
32318 57564
78668 50823
31190 70538
40444 77930
89081 21802
70295 90064
64852 66429
35576 16334
22632 29551
95622 46338
65282 35199
14324 16014
76908 73859
86884 49561
18190 13745
73569 14324
09685 76266
75111 92210
98583 69208
06022 92322
29104 46964
90849 97333
35158 70470
86884 34225
13246 94314
13745 57561
58611 44335
98501 84364
53769 00227
19443 13835
51478 73322
76908 04134
91121 47482
31737 76908
13246 83037
15740 87353
48207 74021
21735 05689
22827 70538
29539 65544
82340 67661
02290 07464
94533 69070
16014 07464
94314 24629
88072 39205
33855 89425
17770 86677
07376 55900
08871 84210
76708 37900
42614 46964
81449 31440
76158 24652
98188 24652
15817 60999
45958 19516
86676 18250
60999 46964
55282 89366
08556 45694
65544 86562
01894 96747
49070 27745
87958 42620
13180 56120
87031 64128
34811 60179
73322 97797
80735 25841
37900 69222
89366 55381
77760 21632
49105 57259
65465 48101
15727 09685
62666 18190
41356 31898
85630 34811
76266 37142
51478 65350
87353 54495
48579 09518
97633 53739
97633 66429
53739 32318
25231 86562
43598 97082
79538 27948
01894 78625
46964 16368
61863 07464
22616 26273
63831 08561
24956 76266
47482 57564
44863 26273
84141 76333
35199 72718
81001 06077
44329 97846
95114 27188
26757 18250
65465 35893
92879 35891
62666 55364
81449 01894
74282 97587
78503 08561
21632 60179
42620 29104
40718 57031
31898 25410
71097 60343
08871 13835
55282 20876
57561 97893
51760 69969
34811 19163
53769 92210
13462 05689
32318 95622
92139 39205
29386 25410
76266 20773
06022 61518
98501 52877
36789 76585
19163 09345
55000 46338
31186 71771
76266 04643
26029 72887
89081 42969
24444 89366
71095 74407
25809 13835
12787 03591
12145 58004
19163 97460
90849 75907
46463 08556
31898 76896
94533 86677
69070 57727
53602 17641
91157 64128
49357 69044
79538 78625
92879 83497
69222 73322
16368 44863
77422 03443
03443 99943
54420 92553
71771 99946
36789 07376
35199 14005
10239 15968
95357 88774
00470 76266
07376 46672
25231 64516
68618 90597
60488 86371
25841 33631
76908 46964
70470 65066
03591 29551
87031 97587
84364 26273
66805 89639
25231 81296
15727 39061
60999 36789
35235 81253
99946 38828
77930 20773
08908 92879
09685 54617
10239 37142
58058 38828
46447 27948
92139 64388
22632 28540
09293 49240
72887 30173
64519 46428
61863 09518
31306 97633
93787 27076
85454 00227
64128 83198
66805 06077
30173 54420
78668 85454
22632 25231
74008 51478
67384 73377
66491 55364
35158 88513
60343 64128
31528 88513
01042 24889
81253 10498
52028 73820
35893 57031
86562 72887
16324 84141
46964 67384
45958 57561
57171 10498
76896 08871
35158 78403
13246 91360
96747 20876
30173 91157
45958 46463
77760 69627
14005 16368
65544 12900
22632 35158
11393 46964
29539 62357
01310 75779
59486 20773
97587 16150
76333 42778
88072 55364
60343 71097
90597 81296
46811 72497
64516 24783
19163 97633
81001 48242
99264 17510
18656 49105
20773 17770
29104 95114
31528 61518
19516 97460
64516 40444
86339 65066
49240 19163
18656 24783
12145 87691
90597 89081
73353 60999
09910 08871
89081 77930
95114 75907
81253 12900
16368 34811
88301 97633
49070 53685
13246 24956
49105 13462
78362 16334
16118 48101
89639 12787
01310 13246
89769 54244
34651 57727
97103 34651
91536 88301
29386 89366
48101 56120
75453 73569
16324 16118
16368 46338
37681 91121
08117 62666
27745 51478
14005 67960
86884 97333
07464 00470
03591 00227
86339 41301
31737 20876
73702 28821
22632 33855
40444 10498
81253 92553
46811 25232
46338 92139
65282 55364
60999 53739
50395 77760
03591 35158
52028 73353
02512 10239
75391 92139
47967 88072
83037 38788
61830 21632
64128 09518
88301 27745
55381 19516
63831 33855
19247 54244
25231 73569
46927 60999
69969 28981
39460 85454
65544 42778
77760 08871
10070 69969
89425 90597
08117 62666
21802 53769
92553 99264
52877 34811
11393 54495
24956 76333
25841 46315
15968 64516
25841 94099
01310 92879
64516 73789
14800 65465
63831 89639
89425 60343
59486 28981
97846 46811
67661 65282
97460 07376
58611 07376
73859 74008
34651 61518
17510 39061
83961 53685
35019 61863
27188 15740
31737 61869
77478 76908
33855 77610
14005 06450
85454 13246
62666 16368
02290 77930
24783 94533
65369 66234
98188 51760
55364 50395
09345 43598
75391 31186
89366 57945
69969 77673
36789 34978
89081 74282
91360 06077
27029 18190
39061 10239
24652 18656
87353 42166
84158 76585
60343 68618
31528 16014
06450 87353
04631 91536
71097 21735
70349 55282
80180 13752
25809 97082
27948 76896
00227 10498
67960 46338
71095 20792
10498 31528
53685 38828
15817 66234
08420 67661
13752 72887
92322 00470
57259 25231
13835 71771
99943 67384
09518 94379
55282 94282
21802 13246
10070 51843
73569 89081
86339 25231
06786 90849
55305 55305
85630 28821
08871 97333
31190 73322
54244 75907
12900 89081
55381 99946
24956 22632
69208 06022
27188 67384
51478 53739
24652 42778
74407 04392
94099 13462
38828 60999
14005 65369
18250 57727
19247 35226
97846 90597
07464 22632
76158 97846
37486 75907
73322 30101
55900 09910
74008 31737
85454 81306
86884 82340
54244 60999
65369 90064
29539 10498
94058 54495
53592 25410
92879 42969
10070 73789
13246 46811
15817 47967
60179 84364
46672 53739
73569 00470
04392 08556
75391 97633
74008 49240
48207 90597
78362 30173
04631 09910
25232 95618
06786 97333
18190 32318
24956 83198
19516 46428
60343 24652
55000 95357
08561 06077
63831 04643
42575 31440
59320 75453
80180 51843
65369 77760
29104 01894
69044 26171
10873 87958
42969 90358
67960 89769
62357 64128
41078 29539
28751 20792
58058 73377
00470 98583
35158 83198
57945 54495
39205 42529
90064 70538
51265 68584
74021 80180
98188 24889
99393 06450
86676 39061
10498 33855
81542 89081
16014 69044
57564 99393
89769 61869
24629 48207
78625 61830
64516 46811
03591 72497
00470 78362
29539 92553
13835 94282
30173 26171
94383 21632
08420 99943
06900 53685
98625 17510
46647 64128
63831 73569
24652 29539
44335 36789
81001 83037
54244 06450
69969 65465
46338 03443
69969 13246
86884 81449
57031 59320
90597 08561
22632 80735
29700 32318
25841 12900
75477 18250
24444 29386
73377 04392
67384 19247
81253 46315
44863 69222
57031 38788
57561 65350
27029 52877
44689 39205
17924 84141
36789 86371
74008 72718
36789 55305
80735 97846
80735 94379
26029 89639
25841 54420
34978 94282
54244 89366
93787 42884
84170 46672
09345 66234
41301 13752
86677 86676
71710 29386
54244 44335
65282 97797
76908 42620
95622 04631
45694 81449
45694 57561
99393 29104
13462 75779
07464 93241
27029 09910
16334 75453
94282 10873
35891 83037
67661 58004
31186 84170
86339 42969
95622 44863
76585 31898
46647 86676
91360 14324
89769 81449
81306 80180
66429 54495
91121 08420
33631 84141
25232 10239
97333 52877
92553 40444
13096 69969
76158 94099
76908 51265
06073 89366
97846 24889
49357 12787
68070 86676
84170 89769
97460 95622
28981 64128
67384 80375
50823 76333
26171 29611
88513 47373
37142 72497
28751 34375
19024 12145
68618 35576
61869 81449
34651 20773
46315 15727
60343 49105
84170 49240
13835 25809
57259 19304
62666 29104
27948 70538
57561 49240
14005 69059
45694 94282
60999 76585
44371 94314
69969 50823
41078 10239
72497 43259
24783 20773
94314 51760
64519 47967
46811 89081
42529 55900
77610 50823
66658 64128
06077 48101
86677 16324
44863 61869
36769 98625
24956 98625
35893 94099
42529 29700
61869 31306
31737 77422
45694 41356
35158 59486
01310 92210
55282 99393
89639 38788
86339 95618
90597 35019
34651 57727
14005 55305
89081 40444
21632 64852
16118 98583
53592 53685
97797 91536
39460 25841
33631 71097
88513 25841
08871 42166
86371 08117
95618 60343
97846 44329
81542 95618
53685 76585
24956 87031
53602 70295
09293 34811
15740 80375
88301 19163
19516 09910
00470 45931
17641 34811
26171 33631
91360 81306
25231 17924
97846 50823
53730 33631
73702 32318
54420 54617
65282 45694
53685 45694
06900 73377
57561 57079
14800 17510
70349 16368
28981 25231
72718 99943
34811 24444
54244 87691
57561 01894
84158 16368
24629 66601
35019 68070
86677 46811
31186 71095
94533 17924
19516 73820
80375 94282
25841 66658
67638 42884
15817 06786
15727 53730
29700 65282
74282 16118
64388 91121
35158 13752
45958 94282
65066 87031
46647 30173
75477 17924
69059 53592
09518 48207
42969 10070
03443 37681
15968 17510
76908 12145
57564 99946
75477 33855
70295 57945
13462 01042
46463 09910
57727 94099
48101 57171
92139 66429
21802 06077
55381 82340
27076 94282
81253 35158
05689 51760
26029 16150
55900 13745
56120 02290
99393 97797
49070 37486
25231 80180
90064 96747
16150 76266
64519 24444
49240 46927
58611 99943
55900 13835
13745 73702
85454 74021
94314 43259
34978 42529
09518 47373
46463 93787
42575 69222
46447 36789
60343 08908
83198 61518
17641 49561
20876 37681
97460 29700
91121 66491
54495 42575
45958 78625
69208 74021
54617 75111
46927 50395
94282 70538
70538 84158
08871 88301
77478 19024
31440 12145
15740 53592
64852 06900
10498 17770
69627 37681
13745 98501
77422 86884
24652 53769
12145 62666
68618 76158
87958 86371
71710 22827
29386 60179
35891 53769
70470 98583
36789 26273
46964 51204
97082 55900
78362 33631
44371 42778
61869 36789
13246 92322
19024 04134
42778 09518
02512 00470
09910 09293
31306 75391
75391 97797
94099 83037
55282 12145
83198 66601
Queries
14800 49561
16118 73789
85630 54617
92879 25841
15740 73859
72718 73702
41356 69044
71710 89425
91121 87691
01310 98501
79538 42575
36769 55305
26029 56120
86676 74407
71097 58611
98501 70349
43598 58611
87031 78362
75111 45958
24652 15740
89081 77422
06022 44863
66805 95618
69070 94314
00470 40718
21802 33631
86562 81449
03443 33855
39205 21735
69627 21735
46315 24629
86339 62357
88072 34651
55364 39061
76896 79538
97300 71771
52877 24889
15740 88513
74407 69222
27948 25231
42778 41301
80375 67661
72497 84158
31898 16334
31186 88072
93241 19516
51760 29539
05689 56848
90358 46927
42778 40718
84210 93241
42166 24956
27188 74021
60343 56848
30173 04643
57945 46964
24889 86884
34375 92322
55000 37681
26029 48207
06900 84141
15727 97797
09910 48579
54420 19304
16150 55364
67384 29539
90358 65282
97460 53592
76708 04134
42575 94379
31306 89366
99946 39460
75111 28821
69070 55900
42969 21802
75779 61830
41356 54420
66429 25410
28821 75391
26273 12787
31306 76708
06073 97103
41301 65465
14324 72497
12145 44863
33855 75907
08420 13752
93787 71095
30173 93787
42614 51265
44689 37142
19304 08908
88072 86371
25232 22632
72497 27076
33631 16150
34225 43598
31898 13096
04643 84170
73322 57945
08871 38788
89366 60343
37142 99943
61518 34375
53602 68584
35235 77422
70349 13745
22616 07464
59486 68584
07376 88072
28751 08556
58004 35019
51265 37681
04643 40444
25410 04134
09518 88774
72497 61518
68618 27745
73702 65350
76708 07464
83037 28981
44371 76708
74407 92553
77930 94383
51760 68070
94058 65350
35235 27076
83497 73377
74282 25410
47146 99264
16150 91536
27029 44689
74008 29539
58058 90849
76333 19024
84210 77422
49240 17770
97460 48242
31186 49240
81306 02512
62450 70295
73377 40444
57031 22632
92553 46647
42529 42614
64852 04643
88774 84158
97633 76896
01310 53592
90358 46647
51265 58611
53602 97460
70470 67638
89769 03591
18656 95014
65465 41078
07464 81542
51265 40718
41356 65350
93241 69969
54420 69627
92210 40444
71710 13246
73789 25841
00470 53685
27188 17510
66805 61863
97587 83198
06077 95014
60488 10070
76708 34978
53592 24444
66601 07464
57727 20876
40444 97082
31306 84210
64519 48242
10873 35893
17770 87031
97893 11393
78362 04643
61830 87353
77478 84364
20792 37142
99943 31190
86677 99264
09345 43259
08871 52028
51843 87691
50823 97846
25841 35158
45931 41356
39061 94282
07464 34225
72887 75477
15817 77422
72497 06450
08556 73322
72718 54244
20876 82340
71097 88774
91536 35576
09518 74407
31186 53602
77760 29539
66601 90597
13096 13180
46447 42575
60343 06022
22827 26273
90064 50823
57564 90849
38828 13745
11393 74008
28540 73377
31306 35019
08561 10873
34651 65350
94314 59486
94099 25410
49357 51843
60179 76585
09293 65066
19024 84158
81253 49402
13752 86339
76708 14324
87691 31898
25841 41301
76708 91536
29700 57259
78503 75453
77478 16118
81296 67960
72887 72497
27076 43598
65544 41078
31440 89769
Thinking
start 89366 src 89366
89366 74008 src 89366
89366 55282 src 89366
89366 55381 src 89366
89366 24444 src 89366
89366 29386 src 89366
89366 57945 src 89366
89366 54244 src 89366
89366 06073 src 89366
74008 65350 src 89366
74008 51478 src 89366
74008 73859 src 89366
74008 31737 src 89366
74008 49240 src 89366
74008 72718 src 89366
55282 34811 src 89366
55282 20876 src 89366
55282 70349 src 89366
55282 94282 src 89366
55282 99393 src 89366
55282 12145 src 89366
55381 19516 src 89366
55381 99946 src 89366
55381 82340 src 89366
24444 64519 src 89366
29386 77422 src 89366
29386 25410 src 89366
29386 71710 src 89366
29386 60179 src 89366
57945 45694 src 89366
57945 54495 src 89366
57945 70295 src 89366
54244 28751 src 89366
54244 50395 src 89366
54244 89769 src 89366
54244 19247 src 89366
54244 75907 src 89366
54244 60999 src 89366
54244 06450 src 89366
54244 44335 src 89366
54244 87691 src 89366
65350 57561 src 89366
51478 08117 src 89366
51478 73322 src 89366
51478 27745 src 89366
51478 53739 src 89366
73859 76908 src 89366
31737 61869 src 89366
49240 22616 src 89366
49240 09293 src 89366
49240 19163 src 89366
49240 84170 src 89366
49240 46927 src 89366
72718 35199 src 89366
72718 99943 src 89366
34811 87353 src 89366
34811 85630 src 89366
34811 16368 src 89366
34811 52877 src 89366
34811 17641 src 89366
20876 96747 src 89366
20876 37681 src 89366
94282 46672 src 89366
94282 13835 src 89366
94282 34978 src 89366
94282 10873 src 89366
94282 80375 src 89366
94282 45958 src 89366
94282 27076 src 89366
94282 70538 src 89366
99393 76585 src 89366
99393 57564 src 89366
99393 29104 src 89366
99393 97797 src 89366
12145 58004 src 89366
12145 19024 src 89366
12145 31440 src 89366
12145 62666 src 89366
19516 97460 src 89366
19516 46428 src 89366
19516 09910 src 89366
19516 73820 src 89366
99946 71771 src 89366
99946 38828 src 89366
82340 04023 src 89366
82340 67661 src 89366
82340 86884 src 89366
64519 47967 src 89366
77422 93275 src 89366
77422 03443 src 89366
25410 31898 src 89366
25410 53592 src 89366
71710 22827 src 89366
60179 21632 src 89366
60179 84364 src 89366
45694 69627 src 89366
45694 08556 src 89366
45694 81449 src 89366
45694 41356 src 89366
45694 65282 src 89366
45694 53685 src 89366
54495 74407 src 89366
54495 94058 src 89366
54495 11393 src 89366
54495 66429 src 89366
54495 42575 src 89366
70295 90064 src 89366
70295 53602 src 89366
28751 25809 src 89366
28751 20792 src 89366
28751 34375 src 89366
50395 77760 src 89366
50395 55364 src 89366
89769 67960 src 89366
19247 04392 src 89366
19247 35226 src 89366
19247 67384 src 89366
75907 90849 src 89366
75907 95114 src 89366
75907 37486 src 89366
60999 67638 src 89366
60999 15817 src 89366
60999 46964 src 89366
60999 36789 src 89366
60999 73353 src 89366
06450 64388 src 89366
06450 14005 src 89366
44335 58611 src 89366
87691 46447 src 89366
57561 13745 src 89366
57561 97893 src 89366
57561 57079 src 89366
57561 01894 src 89366
08117 86371 src 89366
73322 69222 src 89366
73322 31190 src 89366
73322 30101 src 89366
27745 95357 src 89366
27745 49070 src 89366
27745 88301 src 89366
53739 97633 src 89366
53739 32318 src 89366
76908 04134 src 89366
76908 77478 src 89366
76908 42620 src 89366
76908 51265 src 89366
61869 44863 src 89366
61869 31306 src 89366
22616 26273 src 89366
19163 09345 src 89366
84170 43598 src 89366
84170 31186 src 89366
35199 93787 src 89366
99943 08420 src 89366
87353 15740 src 89366
87353 42166 src 89366
85630 28821 src 89366
16368 46338 src 89366
16368 84158 src 89366
52877 98501 src 89366
52877 27029 src 89366
52877 97333 src 89366
17641 49561 src 89366
37681 91121 src 89366
46672 07376 src 89366
13835 19443 src 89366
13835 08871 src 89366
13835 55900 src 89366
34978 42529 src 89366
10873 87958 src 89366
45958 46463 src 89366
45958 78625 src 89366
70538 27948 src 89366
76585 49402 src 89366
57564 47482 src 89366
97797 91536 src 89366
97797 75391 src 89366
31440 68584 src 89366
62666 18190 src 89366
97460 95622 src 89366
97460 29700 src 89366
09910 04631 src 89366
73820 52028 src 89366
38828 58058 src 89366
86884 34225 src 89366
47967 88072 src 89366
31898 76896 src 89366
53592 69059 src 89366
21632 61830 src 89366
21632 94383 src 89366
21632 64852 src 89366
41356 56848 src 89366
53685 83961 src 89366
53685 06900 src 89366
74407 71095 src 89366
66429 92139 src 89366
90064 65369 src 89366
53602 43197 src 89366
25809 97082 src 89366
55364 66491 src 89366
04392 73377 src 89366
67384 27188 src 89366
90849 06786 src 89366
37486 44689 src 89366
67638 42884 src 89366
15817 66234 src 89366
46964 42614 src 89366
46964 51204 src 89366
36789 55305 src 89366
13745 73702 src 89366
86371 60488 src 89366
69222 37900 src 89366
95357 88774 src 89366
95357 55000 src 89366
15740 95014 src 89366
08871 84210 src 89366
42529 39205 src 89366
78625 79538 src 89366
37900 76708 src 89366
start 13246 src 13246
13246 47146 src 13246
13246 35158 src 13246
13246 94314 src 13246
13246 83037 src 13246
13246 91360 src 13246
13246 24956 src 13246
13246 01310 src 13246
13246 85454 src 13246
13246 21802 src 13246
13246 46811 src 13246
13246 69969 src 13246
13246 92322 src 13246
47146 75453 src 13246
35158 99264 src 13246
35158 70470 src 13246
35158 88513 src 13246
35158 78403 src 13246
35158 22632 src 13246
35158 03591 src 13246
35158 83198 src 13246
35158 59486 src 13246
35158 13752 src 13246
35158 81253 src 13246
94314 24629 src 13246
94314 44371 src 13246
94314 51760 src 13246
94314 43259 src 13246
83037 38788 src 13246
83037 81001 src 13246
83037 35891 src 13246
83037 94099 src 13246
91360 06077 src 13246
91360 14324 src 13246
91360 81306 src 13246
24956 48242 src 13246
24956 76266 src 13246
24956 76333 src 13246
24956 98625 src 13246
24956 87031 src 13246
01310 49357 src 13246
01310 75779 src 13246
01310 92879 src 13246
01310 92210 src 13246
85454 00227 src 13246
85454 78668 src 13246
85454 39460 src 13246
85454 74021 src 13246
21802 89081 src 13246
21802 53769 src 13246
46811 72497 src 13246
46811 25232 src 13246
46811 97846 src 13246
46811 64516 src 13246
46811 86677 src 13246
69969 28981 src 13246
69969 10070 src 13246
69969 77673 src 13246
69969 65465 src 13246
69969 13096 src 13246
69969 50823 src 13246
92322 06022 src 13246
92322 00470 src 13246
75453 73569 src 13246
75453 59320 src 13246
75453 16334 src 13246
99264 17510 src 13246
99264 92553 src 13246
70470 65066 src 13246
70470 98583 src 13246
88513 16324 src 13246
88513 31528 src 13246
88513 47373 src 13246
88513 25841 src 13246
22632 29551 src 13246
22632 28540 src 13246
22632 25231 src 13246
22632 33855 src 13246
22632 07464 src 13246
22632 80735 src 13246
03591 97300 src 13246
03591 12787 src 13246
83198 64128 src 13246
83198 61518 src 13246
83198 66601 src 13246
59486 98188 src 13246
59486 20773 src 13246
13752 80180 src 13246
13752 72887 src 13246
13752 41301 src 13246
81253 35235 src 13246
81253 10498 src 13246
81253 12900 src 13246
81253 46315 src 13246
24629 48207 src 13246
44371 42778 src 13246
51760 05689 src 13246
38788 57031 src 13246
38788 89639 src 13246
94099 40444 src 13246
94099 13462 src 13246
94099 76158 src 13246
94099 35893 src 13246
94099 57727 src 13246
06077 66805 src 13246
06077 08561 src 13246
06077 48101 src 13246
14324 10239 src 13246
14324 16014 src 13246
76266 17924 src 13246
76266 09685 src 13246
76266 37142 src 13246
76266 04643 src 13246
76266 16150 src 13246
76333 84141 src 13246
98625 36769 src 13246
87031 97587 src 13246
49357 69044 src 13246
75779 60343 src 13246
92879 26757 src 13246
92879 83497 src 13246
92879 08908 src 13246
92879 42969 src 13246
92210 75111 src 13246
00227 71097 src 13246
74021 69208 src 13246
89081 90597 src 13246
89081 77930 src 13246
89081 74282 src 13246
89081 81542 src 13246
53769 24652 src 13246
25232 95618 src 13246
97846 44329 src 13246
97846 24889 src 13246
64516 24783 src 13246
64516 15968 src 13246
64516 73789 src 13246
86677 17770 src 13246
86677 94533 src 13246
86677 86676 src 13246
10070 66658 src 13246
10070 51843 src 13246
65465 14800 src 13246
50823 77610 src 13246
00470 78362 src 13246
00470 45931 src 13246
00470 02512 src 13246
73569 62450 src 13246
73569 63831 src 13246
16334 35576 src 13246
17510 39061 src 13246
92553 54420 src 13246
92553 29539 src 13246
65066 86339 src 13246
98583 16118 src 13246
47373 09518 src 13246
25841 33631 src 13246
25231 86562 src 13246
25231 81296 src 13246
25231 57259 src 13246
33855 89425 src 13246
33855 75477 src 13246
07464 02290 src 13246
07464 61863 src 13246
07464 93241 src 13246
80735 94379 src 13246
64128 91157 src 13246
64128 62357 src 13246
64128 46647 src 13246
61518 34651 src 13246
72887 26029 src 13246
72887 30173 src 13246
10498 57171 src 13246
12900 65544 src 13246
46315 15727 src 13246
05689 21735 src 13246
57031 40718 src 13246
89639 26171 src 13246
13462 49105 src 13246
13462 01042 src 13246
76158 68618 src 13246
57727 69070 src 13246
57727 18250 src 13246
08561 78503 src 13246
48101 56120 src 13246
10239 41078 src 13246
16014 35019 src 13246
09685 54617 src 13246
84141 97103 src 13246
42969 90358 src 13246
24652 18656 src 13246
86676 68070 src 13246
09518 48579 src 13246
33631 53730 src 13246
57259 19304 src 13246
26171 29611 src 13246
49105 88753 src 13246
56120 13180 src 13246
Output
14800 49561 no
16118 73789 yes
85630 54617 no
92879 25841 yes
15740 73859 yes
72718 73702 yes
41356 69044 no
71710 89425 no
91121 87691 yes
01310 98501 no
79538 42575 yes
36769 55305 no
26029 56120 yes
86676 74407 no
71097 58611 no
98501 70349 yes
43598 58611 yes
87031 78362 yes
75111 45958 no
24652 15740 no
89081 77422 no
06022 44863 no
66805 95618 yes
69070 94314 yes
00470 40718 yes
21802 33631 yes
86562 81449 no
03443 33855 no
39205 21735 no
69627 21735 no
46315 24629 yes
86339 62357 yes
88072 34651 no
55364 39061 no
76896 79538 yes
97300 71771 no
52877 24889 no
15740 88513 no
74407 69222 yes
27948 25231 no
42778 41301 yes
80375 67661 yes
72497 84158 no
31898 16334 no
31186 88072 yes
93241 19516 no
51760 29539 yes
05689 56848 no
90358 46927 no
42778 40718 yes
84210 93241 no
42166 24956 no
27188 74021 no
60343 56848 no
30173 04643 yes
57945 46964 yes
24889 86884 no
34375 92322 no
55000 37681 yes
26029 48207 yes
06900 84141 no
15727 97797 no
09910 48579 no
54420 19304 yes
16150 55364 no
67384 29539 no
90358 65282 no
97460 53592 yes
76708 04134 yes
42575 94379 no
31306 89366 yes
99946 39460 no
75111 28821 no
69070 55900 no
42969 21802 yes
75779 61830 no
41356 54420 no
66429 25410 yes
28821 75391 yes
26273 12787 no
31306 76708 yes
06073 97103 no
41301 65465 yes
14324 72497 yes
12145 44863 yes
33855 75907 no
08420 13752 no
93787 71095 yes
30173 93787 no
42614 51265 yes
44689 37142 no
19304 08908 yes
88072 86371 yes
25232 22632 yes
72497 27076 no
33631 16150 yes
34225 43598 yes
31898 13096 no
04643 84170 no
73322 57945 yes
08871 38788 no
89366 60343 no
37142 99943 no
61518 34375 no
53602 68584 yes
35235 77422 no
70349 13745 yes
22616 07464 no
59486 68584 no
07376 88072 yes
28751 08556 yes
58004 35019 no
51265 37681 yes
04643 40444 yes
25410 04134 yes
09518 88774 no
72497 61518 yes
68618 27745 no
73702 65350 yes
76708 07464 no
83037 28981 yes
44371 76708 no
74407 92553 no
77930 94383 no
51760 68070 yes
94058 65350 yes
35235 27076 no
83497 73377 no
74282 25410 no
47146 99264 yes
16150 91536 no
27029 44689 yes
74008 29539 no
58058 90849 yes
76333 19024 no
84210 77422 yes
49240 17770 no
97460 48242 no
31186 49240 yes
81306 02512 yes
62450 70295 no
73377 40444 no
57031 22632 yes
92553 46647 yes
42529 42614 yes
64852 04643 no
88774 84158 yes
97633 76896 yes
01310 53592 no
90358 46647 yes
51265 58611 yes
53602 97460 yes
70470 67638 no
89769 03591 no
18656 95014 no
65465 41078 yes
07464 81542 yes
51265 40718 no
41356 65350 yes
93241 69969 yes
54420 69627 no
92210 40444 yes
71710 13246 no
73789 25841 yes
00470 53685 no
27188 17510 no
66805 61863 yes
97587 83198 yes
06077 95014 no
60488 10070 no
76708 34978 yes
53592 24444 yes
66601 07464 yes
57727 20876 no
40444 97082 no
31306 84210 yes
64519 48242 no
10873 35893 no
17770 87031 yes
97893 11393 yes
78362 04643 yes
61830 87353 yes
77478 84364 yes
20792 37142 no
99943 31190 yes
86677 99264 yes
09345 43259 no
08871 52028 yes
51843 87691 no
50823 97846 yes
25841 35158 yes
45931 41356 no
39061 94282 no
07464 34225 no
72887 75477 yes
15817 77422 yes
72497 06450 no
08556 73322 yes
72718 54244 yes
20876 82340 yes
71097 88774 no
91536 35576 no
09518 74407 no
31186 53602 yes
77760 29539 no
66601 90597 yes
13096 13180 yes
46447 42575 yes
60343 06022 yes
22827 26273 yes
90064 50823 no
57564 90849 yes
38828 13745 yes
11393 74008 yes
28540 73377 no
31306 35019 no
08561 10873 no
34651 65350 no
94314 59486 yes
94099 25410 no
49357 51843 yes
60179 76585 yes
09293 65066 no
19024 84158 yes
81253 49402 no
13752 86339 yes
76708 14324 no
87691 31898 yes
25841 41301 yes
76708 91536 yes
29700 57259 no
78503 75453 yes
77478 16118 no
81296 67960 no
72887 72497 yes
27076 43598 yes
65544 41078 yes
31440 89769 yes
End
