Graph
18411 81430
96292 64963
33389 86992
39609 24904
69814 21819
23593 07128
55489 13632
77145 39261
62822 17065
64148 00926
21819 70888
65731 21819
07128 70888
20206 51067
67483 81430
55489 55807
78800 51637
59793 55807
77145 83702
71649 65983
59258 73081
47445 27096
49545 84145
62138 18245
59793 50659
43613 27282
59465 23593
79821 21819
39478 96835
90326 10538
20916 96610
05717 25765
20016 48436
70888 44069
10538 19567
33389 27282
47445 81731
94352 07128
87650 18477
36595 58742
73081 45955
28406 73853
69814 06459
20916 89767
90326 27282
88068 36100
64148 02894
88068 18273
37181 52825
01400 34186
12525 23782
12525 93833
76083 59793
06312 00476
48436 53130
29068 20206
64963 96835
86992 29068
44321 06312
21557 88910
96292 18544
99961 65731
10538 36724
69887 23102
27442 40073
86124 90326
89447 90326
67756 17065
98980 06459
49626 55807
52825 06312
03358 02894
27096 03453
92991 20916
65265 58016
18411 79821
59793 55807
81430 20016
78905 30094
79168 81430
56314 69887
41387 01400
77145 23593
36100 18273
90326 90037
19567 88910
83702 79821
76083 49626
62822 55807
18245 71649
20016 39480
71501 21819
01400 96292
69887 15249
56381 39478
39432 64422
39609 34186
65265 99961
18273 34186
25909 96292
68310 64148
79027 20016
27282 33978
41387 20043
07566 53130
23593 61759
55489 38833
29068 18477
55807 16040
28406 13632
79027 62138
47445 56381
18145 12050
86124 34628
27282 67756
23782 34130
94303 77145
37507 12050
96953 51067
51637 27442
81430 94352
62822 84145
63937 06459
59793 92991
70888 33655
27096 92654
58016 53130
70888 58352
34628 78905
96835 06312
00476 80557
62822 88910
27442 96835
18411 51249
23593 59465
24904 17489
37507 12050
55489 21301
64148 43235
06312 07128
34186 65731
76083 96953
90326 62822
55200 21557
33389 10691
40073 96292
73775 89872
79027 21819
24904 70888
18477 16040
18245 78800
86739 39432
18544 63937
65983 39261
02894 76083
59793 20206
00926 18477
27069 58352
07128 59258
64422 86739
06312 18245
48436 63937
49626 25765
18145 29068
84145 23102
51067 73853
20206 00926
96610 51067
73775 88068
64422 85597
78905 39432
18145 64148
20206 18145
27282 21557
49104 73081
39480 47445
79913 84145
18411 07128
86992 73853
39480 22875
53130 91707
40073 63937
37181 92254
36595 59465
58352 96835
27282 55807
59793 23102
79027 09009
65983 70888
00926 90326
59465 06312
81731 20016
55807 39432
98261 51637
10538 76083
15113 96953
51992 96835
12525 06312
61759 88068
59258 00476
41387 96835
Queries
78905 91707
56381 12050
49545 43613
33655 20916
51992 81430
38833 23102
00926 58016
03358 27282
91707 80557
16040 27069
36595 20916
29068 43235
33978 86992
68310 71649
44069 86124
03358 98261
84145 30094
34628 87650
21301 62138
20016 00926
40073 90037
34130 33978
50659 88068
44069 63937
63937 64422
73853 39478
27069 53130
25765 89767
33978 20016
18477 21301
21557 34130
47445 20043
33978 59793
79027 17489
65731 86992
64148 93833
18145 20916
13632 47445
37507 55807
40073 40073
92654 34130
39480 39261
25909 96610
81731 84145
18273 16040
81430 98261
23102 27096
88068 56314
81731 89767
94303 80557
88910 36724
56381 17489
27282 33389
33389 90326
51067 87650
94352 94303
30094 99961
17489 06459
73081 37507
10538 18145
19567 33978
94352 06312
92991 71501
91707 03358
39432 51637
09009 06459
38833 90037
61759 96835
03358 21557
94352 55807
00926 89447
50659 03358
89447 59465
17489 71501
02894 27096
86992 96610
61759 86739
80557 81731
39478 25765
96610 70888
47445 34628
71501 51249
96953 59258
56381 79913
34628 10691
17065 43235
27282 38833
55807 55200
07566 61759
23102 23102
47445 36724
96292 33389
70888 02894
36595 81731
98980 65265
34628 92654
38833 03358
27282 37507
38833 51637
49626 07128
36595 87650
20043 50659
39480 69814
99961 20916
40073 03358
18273 78905
63937 55807
30094 67756
18477 64963
30094 94352
89767 79027
51249 92254
18273 81430
71501 43613
28406 59465
92254 59793
20043 39261
94352 89767
27069 39480
18145 44069
92254 13632
18273 51067
18477 93833
00476 78800
36100 67483
56381 43235
90326 62822
79168 44069
16040 03453
25765 80557
63937 36724
49104 62822
43613 25909
18544 34130
00476 30094
76083 39261
65731 68310
44321 25765
29068 19567
62822 27282
88910 48436
73853 51249
20043 67756
37181 19567
98980 27096
39478 44321
49104 17065
05717 64422
28406 93833
44069 61759
49545 19567
64422 01400
90326 51067
90037 16040
50659 02894
00926 20043
79027 63937
03453 62138
83702 51637
03358 89447
07128 62138
25909 73853
33978 17489
96292 59793
27282 86739
96953 10691
70888 33389
51249 73081
40073 84145
39478 29068
01400 12050
06459 20043
00926 88910
76083 37507
79821 89872
96953 52825
27069 33389
86739 58742
33978 21557
27096 81430
18145 92654
59793 47445
33978 45955
90326 76083
30094 20043
94303 21557
20206 94303
20043 71501
02894 22875
58742 21301
94352 59465
27282 28406
92991 24904
94352 24904
85597 99961
00476 67756
38833 07128
65265 59793
00476 36724
78800 27442
23102 39432
18245 23593
15113 21557
33655 50659
18145 36724
96610 07566
39432 55489
21819 94303
21301 20016
43235 34186
90326 93833
27282 34628
92654 92991
16040 83702
51067 03358
55200 36724
00926 91707
05717 01400
53130 29068
67483 86124
03453 73081
58016 96953
36595 25909
18477 96953
37507 98980
58742 56314
58742 25765
69887 90326
88068 40073
21301 50659
30094 41387
58352 21819
65731 47445
79027 20016
39478 13632
12050 36595
86739 62138
88910 25765
18273 92254
20916 96610
58016 37507
63937 23102
55807 52825
98261 23782
64148 23593
21819 34130
92991 29068
36100 28406
83702 58742
18544 20206
36724 36595
15113 73853
68310 37181
23102 18273
58352 51249
17065 24904
65731 73853
24904 12050
28406 33978
55489 44321
50659 27442
29068 12050
65983 73853
05717 20916
23593 49545
18477 15113
01400 55200
29068 06459
27282 58016
30094 78800
45955 00476
81430 55807
15113 13632
81731 64963
39432 53130
76083 37181
92991 36595
65983 56381
Thinking
start 33389 src 33389
33389 86992 src 33389
33389 27282 src 33389
33389 10691 src 33389
86992 29068 src 33389
86992 73853 src 33389
27282 43613 src 33389
27282 90326 src 33389
27282 33978 src 33389
27282 67756 src 33389
27282 21557 src 33389
27282 55807 src 33389
29068 20206 src 33389
29068 18477 src 33389
29068 18145 src 33389
73853 28406 src 33389
73853 51067 src 33389
90326 10538 src 33389
90326 86124 src 33389
90326 89447 src 33389
90326 90037 src 33389
90326 62822 src 33389
90326 00926 src 33389
67756 17065 src 33389
21557 88910 src 33389
21557 55200 src 33389
55807 55489 src 33389
55807 59793 src 33389
55807 49626 src 33389
55807 16040 src 33389
55807 39432 src 33389
18477 87650 src 33389
18145 12050 src 33389
18145 64148 src 33389
28406 13632 src 33389
51067 96953 src 33389
51067 96610 src 33389
10538 19567 src 33389
10538 36724 src 33389
10538 76083 src 33389
86124 34628 src 33389
62822 84145 src 33389
55489 38833 src 33389
55489 21301 src 33389
59793 50659 src 33389
59793 92991 src 33389
59793 23102 src 33389
49626 25765 src 33389
39432 64422 src 33389
39432 86739 src 33389
39432 78905 src 33389
12050 37507 src 33389
64148 02894 src 33389
64148 68310 src 33389
64148 43235 src 33389
96953 15113 src 33389
96610 20916 src 33389
84145 49545 src 33389
84145 79913 src 33389
23102 69887 src 33389
25765 05717 src 33389
64422 85597 src 33389
78905 30094 src 33389
02894 03358 src 33389
20916 89767 src 33389
69887 56314 src 33389
69887 15249 src 33389
start 07128 src 07128
07128 23593 src 07128
07128 70888 src 07128
07128 94352 src 07128
07128 06312 src 07128
07128 59258 src 07128
07128 18411 src 07128
23593 59465 src 07128
23593 77145 src 07128
23593 61759 src 07128
70888 21819 src 07128
70888 44069 src 07128
70888 33655 src 07128
70888 58352 src 07128
70888 24904 src 07128
70888 65983 src 07128
94352 81430 src 07128
06312 00476 src 07128
06312 44321 src 07128
06312 52825 src 07128
06312 96835 src 07128
06312 18245 src 07128
06312 12525 src 07128
59258 73081 src 07128
18411 79821 src 07128
18411 51249 src 07128
59465 36595 src 07128
77145 39261 src 07128
77145 83702 src 07128
77145 94303 src 07128
61759 88068 src 07128
21819 69814 src 07128
21819 65731 src 07128
21819 71501 src 07128
21819 79027 src 07128
58352 27069 src 07128
24904 39609 src 07128
24904 17489 src 07128
65983 71649 src 07128
81430 67483 src 07128
81430 20016 src 07128
81430 79168 src 07128
00476 80557 src 07128
52825 37181 src 07128
96835 39478 src 07128
96835 64963 src 07128
96835 27442 src 07128
96835 51992 src 07128
96835 41387 src 07128
18245 62138 src 07128
18245 78800 src 07128
12525 23782 src 07128
12525 93833 src 07128
73081 45955 src 07128
73081 49104 src 07128
36595 58742 src 07128
88068 36100 src 07128
88068 18273 src 07128
88068 73775 src 07128
69814 06459 src 07128
65731 99961 src 07128
65731 34186 src 07128
79027 09009 src 07128
20016 48436 src 07128
20016 39480 src 07128
20016 81731 src 07128
37181 92254 src 07128
39478 56381 src 07128
64963 96292 src 07128
27442 40073 src 07128
27442 51637 src 07128
41387 01400 src 07128
41387 20043 src 07128
23782 34130 src 07128
73775 89872 src 07128
06459 98980 src 07128
06459 63937 src 07128
99961 65265 src 07128
48436 53130 src 07128
39480 47445 src 07128
39480 22875 src 07128
96292 18544 src 07128
96292 25909 src 07128
51637 98261 src 07128
65265 58016 src 07128
53130 07566 src 07128
53130 91707 src 07128
47445 27096 src 07128
27096 03453 src 07128
27096 92654 src 07128
Output
78905 91707 no
56381 12050 no
49545 43613 yes
33655 20916 no
51992 81430 yes
38833 23102 yes
00926 58016 no
03358 27282 yes
91707 80557 yes
16040 27069 no
36595 20916 no
29068 43235 yes
33978 86992 yes
68310 71649 no
44069 86124 no
03358 98261 no
84145 30094 yes
34628 87650 yes
21301 62138 no
20016 00926 no
40073 90037 no
34130 33978 no
50659 88068 no
44069 63937 yes
63937 64422 no
73853 39478 no
27069 53130 yes
25765 89767 yes
33978 20016 no
18477 21301 yes
21557 34130 no
47445 20043 yes
33978 59793 yes
79027 17489 yes
65731 86992 no
64148 93833 no
18145 20916 yes
13632 47445 no
37507 55807 yes
40073 40073 yes
92654 34130 yes
39480 39261 yes
25909 96610 no
81731 84145 no
18273 16040 no
81430 98261 yes
23102 27096 no
88068 56314 no
81731 89767 no
94303 80557 yes
88910 36724 yes
56381 17489 yes
27282 33389 yes
33389 90326 yes
51067 87650 yes
94352 94303 yes
30094 99961 no
17489 06459 yes
73081 37507 no
10538 18145 yes
19567 33978 yes
94352 06312 yes
92991 71501 no
91707 03358 no
39432 51637 no
09009 06459 yes
38833 90037 yes
61759 96835 yes
03358 21557 yes
94352 55807 no
00926 89447 yes
50659 03358 yes
89447 59465 no
17489 71501 yes
02894 27096 no
86992 96610 yes
61759 86739 no
80557 81731 yes
39478 25765 no
96610 70888 no
47445 34628 no
71501 51249 yes
96953 59258 no
56381 79913 no
34628 10691 yes
17065 43235 yes
27282 38833 yes
55807 55200 yes
07566 61759 yes
23102 23102 yes
47445 36724 no
96292 33389 no
70888 02894 no
36595 81731 yes
98980 65265 yes
34628 92654 no
38833 03358 yes
27282 37507 yes
38833 51637 no
49626 07128 no
36595 87650 no
20043 50659 no
39480 69814 yes
99961 20916 no
40073 03358 no
18273 78905 no
63937 55807 no
30094 67756 yes
18477 64963 no
30094 94352 no
89767 79027 no
51249 92254 yes
18273 81430 yes
71501 43613 no
28406 59465 no
92254 59793 no
20043 39261 yes
94352 89767 no
27069 39480 yes
18145 44069 no
92254 13632 no
18273 51067 no
18477 93833 no
00476 78800 yes
36100 67483 yes
56381 43235 no
90326 62822 yes
79168 44069 yes
16040 03453 no
25765 80557 no
63937 36724 no
49104 62822 no
43613 25909 no
18544 34130 yes
00476 30094 no
76083 39261 no
65731 68310 no
44321 25765 no
29068 19567 yes
62822 27282 yes
88910 48436 no
73853 51249 no
20043 67756 no
37181 19567 no
98980 27096 yes
39478 44321 yes
49104 17065 no
05717 64422 yes
28406 93833 no
44069 61759 yes
49545 19567 yes
64422 01400 no
90326 51067 yes
90037 16040 yes
50659 02894 yes
00926 20043 no
79027 63937 yes
03453 62138 yes
83702 51637 yes
03358 89447 yes
07128 62138 yes
25909 73853 no
33978 17489 no
96292 59793 no
27282 86739 yes
96953 10691 yes
70888 33389 no
51249 73081 yes
40073 84145 no
39478 29068 no
01400 12050 no
06459 20043 yes
00926 88910 yes
76083 37507 yes
79821 89872 yes
96953 52825 no
27069 33389 no
86739 58742 no
33978 21557 yes
27096 81430 yes
18145 92654 no
59793 47445 no
33978 45955 no
90326 76083 yes
30094 20043 no
94303 21557 no
20206 94303 no
20043 71501 yes
02894 22875 no
58742 21301 no
94352 59465 yes
27282 28406 yes
92991 24904 no
94352 24904 yes
85597 99961 no
00476 67756 no
38833 07128 no
65265 59793 no
00476 36724 no
78800 27442 yes
23102 39432 yes
18245 23593 yes
15113 21557 yes
33655 50659 no
18145 36724 yes
96610 07566 no
39432 55489 yes
21819 94303 yes
21301 20016 no
43235 34186 no
90326 93833 no
27282 34628 yes
92654 92991 no
16040 83702 no
51067 03358 yes
55200 36724 yes
00926 91707 no
05717 01400 no
53130 29068 no
67483 86124 no
03453 73081 yes
58016 96953 no
36595 25909 yes
18477 96953 yes
37507 98980 no
58742 56314 no
58742 25765 no
69887 90326 yes
88068 40073 yes
21301 50659 yes
30094 41387 no
58352 21819 yes
65731 47445 yes
79027 20016 yes
39478 13632 no
12050 36595 no
86739 62138 no
88910 25765 yes
18273 92254 yes
20916 96610 yes
58016 37507 no
63937 23102 no
55807 52825 no
98261 23782 yes
64148 23593 no
21819 34130 yes
92991 29068 yes
36100 28406 no
83702 58742 yes
18544 20206 no
36724 36595 no
15113 73853 yes
68310 37181 no
23102 18273 no
58352 51249 yes
17065 24904 no
65731 73853 no
24904 12050 no
28406 33978 yes
55489 44321 no
50659 27442 no
29068 12050 yes
65983 73853 no
05717 20916 yes
23593 49545 no
18477 15113 yes
01400 55200 no
29068 06459 no
27282 58016 no
30094 78800 no
45955 00476 yes
81430 55807 no
15113 13632 yes
81731 64963 yes
39432 53130 no
76083 37181 no
92991 36595 no
65983 56381 yes
End
