Graph
73968 97853
54088 76338
71566 29171
07416 56183
76089 87198
38828 85641
86045 09008
38912 68484
97704 29512
96172 14224
67141 88947
68596 23678
41694 87273
06279 64664
26269 48686
08260 82583
17348 53409
55681 09180
05328 13906
96009 86802
58385 64664
39815 50153
06279 17638
98865 42629
85408 86400
43309 11764
55688 88095
22298 14621
88898 31814
23325 66511
93976 06021
82583 98342
08662 02731
68673 52737
11000 61486
77906 79718
18362 14158
72548 14224
11648 22682
32444 26541
00915 14527
86688 49220
36294 00793
83813 49986
42129 26377
76338 32231
31412 15201
17091 27946
12701 45165
33328 80972
56482 64664
32069 54088
50845 77419
22298 92421
56033 20671
26735 91147
19905 56033
82583 31976
49986 86688
42734 92632
70376 58385
97641 49053
19613 68595
60464 66846
07693 42569
62317 38369
42533 51826
23254 77475
41312 61486
83152 68818
36294 42569
36455 23254
49112 70438
92217 87702
00785 16712
62493 04786
11179 09008
56414 30235
22114 82583
36983 66846
31403 98634
29410 62745
53409 61486
75595 52494
11844 62745
62233 70749
23678 49053
06713 64608
41558 86045
87456 92217
32231 75536
86936 58824
63353 78155
04786 88998
59318 79718
58551 50845
53343 09180
61187 87423
95102 74604
07799 41528
68673 30235
86852 10786
39970 77975
27276 56183
87441 62781
57460 88947
70082 83693
53235 22682
41747 61558
74750 38828
67758 29410
00901 92217
53620 80972
16735 22682
04728 78553
92275 87273
57392 93537
79718 52155
52305 82782
26269 85641
61874 04801
37251 27856
90686 90686
68484 56482
58385 52077
53914 81414
04728 27379
22685 57392
38050 19277
36983 97266
31976 50153
44966 49286
35975 97853
36294 85408
32458 03789
05200 62274
23820 33117
81817 79718
62233 65043
92218 00785
14527 37249
52155 02778
57466 86688
57466 11844
87441 33117
75536 88947
54901 92329
22298 86802
97651 86453
42129 57292
39928 13197
23678 49053
98737 76177
06279 53343
35692 58950
12402 65856
92568 39970
04728 44966
10786 58551
47224 68484
55688 16885
77419 49053
39193 99987
56414 64664
38561 01466
72255 12630
68596 93537
76338 32953
87441 77475
18362 49463
26709 63597
97044 57460
41558 62781
86852 49463
28604 99564
29171 00793
53620 20817
76177 36983
04104 39197
37012 61123
96009 66942
52305 52494
84524 87423
82583 41694
75738 26709
65049 69775
20458 17091
97178 07693
56183 65441
62493 56414
42569 74314
69913 87531
86936 12630
52737 86688
80972 66328
96172 13906
30813 95423
54446 56482
17348 58426
49777 32444
93976 31738
90990 22688
10115 28079
57330 70438
16406 72896
77975 31412
59809 28604
87273 35777
07540 82816
73732 23820
29512 97178
14527 97266
28079 30462
50845 06021
38093 45165
77498 07540
95423 52077
13197 37232
86852 48341
31403 26541
05200 62781
04728 68596
97729 22221
38828 21544
11648 67427
66942 90551
58645 10670
26735 62274
88095 96356
74314 65049
69750 70749
23254 88947
22114 83152
16712 67829
07799 98634
05403 47812
14527 22682
77975 07377
65049 97161
57466 90551
20304 07693
10786 30462
55665 52494
38050 77475
32231 53409
17918 37249
69913 97651
58495 16735
98634 30462
11724 31738
38933 88640
49220 27946
65441 76177
81300 69750
72548 31738
70438 82816
76089 66328
67427 97651
72116 49286
98865 92568
11844 01711
80464 49986
83152 64755
12898 54901
45114 41747
28253 77455
23254 29338
21329 99987
16406 36455
57392 14224
29171 42629
70749 33117
66846 68484
77906 54088
05200 76338
66846 56414
85198 10471
31403 37012
57904 49478
41747 85408
37249 90551
38828 55990
07377 38933
11476 30235
17561 26913
22114 37232
18362 27379
03637 92218
77498 21421
99564 74314
87955 53536
67758 96794
75536 02756
69913 02731
70376 14562
90488 85198
07167 10216
52305 70516
62745 91091
71563 55990
58213 03864
95102 39815
58385 75194
67404 05200
09557 17561
93709 78553
79970 61486
50535 66653
20817 76338
17638 56718
96009 90990
63102 70438
26709 71672
58950 21544
27856 87702
88640 53857
38933 83693
99852 00901
77498 26913
45165 33584
67427 47224
27379 98634
48341 97161
04728 68596
56414 07416
28463 74859
61486 23254
26709 78553
66156 58645
41694 08345
92617 73732
19905 72116
92617 17348
67395 71672
17918 22688
11476 88949
21421 68484
36294 14224
14158 88227
00793 31738
22221 58551
83152 77475
89142 13197
58824 97651
78155 82955
92632 26735
72896 11179
41694 16406
32231 60681
18362 45114
75536 11000
04018 42734
57392 49053
68596 37012
52077 14461
00901 23678
41528 88227
98561 97178
49286 59159
68484 86936
10115 90686
67758 11648
22443 11179
07540 76177
74314 49286
59696 09557
14621 17638
95728 69775
37232 71563
17348 20817
58551 73645
14461 62317
38828 97044
70082 78916
33117 91147
49478 26377
55665 10670
02778 11179
01711 17918
95423 30813
62274 11000
10471 42129
01466 68484
42075 65441
27379 27856
37474 10786
16885 11764
41747 49510
33584 61187
97266 49986
37249 83215
67395 27856
20817 23820
84014 84014
28604 98634
49463 88149
83215 11476
88095 53235
84883 54901
01466 99570
67829 07799
20671 61558
37249 32229
53857 31412
29171 41747
57330 16885
94029 02778
10471 36148
97651 14562
12898 58426
52737 26913
61305 74859
65043 82583
68596 93709
63597 31738
56718 53536
37012 22685
56718 64608
83215 30813
42958 66653
20671 16712
68484 86688
16735 19682
19277 08751
86045 74750
28969 10232
47495 44966
49286 87423
61305 37251
56414 68811
03789 84524
02778 20817
49463 69775
42533 26709
66201 04018
06713 68484
98342 02778
67758 56718
38912 43309
78137 57402
33584 00901
35536 49053
87198 55990
26735 55990
57292 92329
09557 67427
19905 50535
98561 71672
50120 63102
96794 58824
70438 68484
43309 44698
95102 22114
17638 53343
16735 83729
04940 64664
92882 97853
32444 98313
45845 77475
38912 12746
11648 38912
83693 68143
37056 91147
10786 70082
51826 96740
98278 97161
38369 49112
31412 29439
35777 32231
31976 37232
85198 68818
45114 26709
75194 88721
28079 71566
45908 10670
04728 71672
97641 78916
52494 68673
67141 69750
32231 04018
59996 99852
00067 71566
12746 88721
13906 06021
68811 91091
64664 49986
50535 10786
36294 78916
17918 05503
32229 20355
19682 68811
49112 88998
08751 35244
11476 90551
83729 84014
93709 36294
33328 20837
98865 74314
36148 04104
17091 06713
96009 38369
10670 14621
24568 48341
96794 56482
08260 35692
62493 11764
99852 59996
98737 11476
67141 16406
72255 62493
35777 83152
00901 31403
93976 96740
87423 16712
44698 46680
28253 28253
16406 35975
22114 41312
19277 87441
08345 76089
72914 96302
71563 84883
73732 13643
47224 36610
88947 59318
14461 10670
16406 11179
95102 65043
42734 54088
85408 50535
57402 62466
66846 32229
98313 74859
04801 90488
83215 20458
96009 36983
76089 37056
60654 42075
31738 07377
53914 31976
88640 97704
12898 61486
96524 10670
26269 79718
58495 50120
22114 52155
11648 77498
31814 13906
97044 52155
13197 84883
06819 71566
83154 58495
22685 87456
17638 88095
41198 89142
88149 00793
77975 58551
36294 10259
96172 10786
13906 18362
72255 17091
70438 20458
60464 36983
94029 21544
77095 12898
97178 33584
99564 97704
30462 03637
57904 93135
92218 23678
30813 39265
31412 84524
98865 87702
16712 44966
35244 66328
83154 09557
49463 77975
29090 10471
54446 22298
73968 92632
97161 03789
49986 98737
36610 82782
81414 81817
42734 12898
29512 10115
36460 66328
02538 22114
77419 84524
58213 41747
10115 49286
96524 98737
14461 98917
83693 10786
20355 39265
42569 29512
10216 58551
97641 93537
49777 72548
97729 97178
75738 15201
93709 93537
60681 38828
38933 49463
98917 37249
98313 10115
21329 49220
31814 37474
13906 78916
92218 15201
97729 59159
98634 31738
74314 37012
07693 93709
19277 33117
61874 02538
06021 31738
82782 82782
95423 62466
85641 77095
13643 38050
38050 57460
92568 72116
60464 04940
36148 65856
67427 11476
01466 75595
68818 21544
70082 50535
31814 23678
32231 89142
86802 72255
31412 07377
76227 98313
95728 78916
32444 59996
39197 32231
96740 90686
70516 21329
27946 59696
16712 96302
04104 17348
41312 77906
37249 68484
56414 21153
70376 22688
30813 86453
28079 00067
10259 14224
03637 12701
39970 44966
20304 74314
91091 87955
55665 04786
65441 05503
76227 68596
31403 42958
64608 27946
31403 97729
04786 53536
03637 03864
17561 00915
10786 26709
17340 65043
49286 40621
14158 88640
87441 95102
09008 35692
79970 81817
63270 31509
63102 87955
77475 47616
11476 52737
29090 90488
22221 56033
20458 55681
59696 96794
02132 72548
31509 77475
84883 21544
53633 19613
47616 04801
14461 64664
85929 23678
73968 77906
92217 42958
17348 66201
42533 39970
20355 47224
30813 75194
73732 13643
81300 38828
88640 99564
26269 73732
74604 81300
66942 06279
49986 56718
17638 82782
57460 97853
06713 20458
50535 93537
32229 37249
06819 44966
92810 28253
37249 32229
86936 16885
50120 10670
59696 68811
60654 10232
57826 61123
76089 92329
02778 83075
48341 99852
33328 54901
97704 58551
21329 68595
26544 32069
40621 40621
29171 48341
55681 01466
00785 32444
11724 99852
32229 49112
05503 75595
87198 73968
21329 83813
74604 92617
73645 97729
41198 92611
22114 63353
10115 47119
57330 54138
49777 03637
59996 49286
55681 22682
57460 79970
63597 74314
04801 26735
98634 75738
67141 68818
19277 08345
95423 67427
38561 11648
85641 53620
70082 61305
71672 20671
35777 36460
22443 52155
53857 74314
27856 61305
25055 92329
51826 67829
53914 12898
83215 49986
88949 80464
53914 67141
60681 63270
26541 26541
33328 42129
83693 27856
17340 95102
01466 58495
08260 08345
78553 31814
88998 12746
09557 57466
58385 56183
01711 42075
38561 56414
93537 42958
66511 33117
96740 06819
85929 18362
95728 69775
63353 92810
93976 97729
88898 49286
37056 23212
52305 21153
92329 13643
71563 91147
00901 72116
37232 67404
21421 78137
77455 60681
99570 19613
14621 80464
22114 02778
42734 87441
97044 29090
62466 91091
83729 38369
92568 51826
17348 66201
83693 87702
09008 63353
64664 76177
58385 62466
74314 49777
25037 23820
21329 98737
32953 82583
17561 29410
11000 04801
17988 29090
97266 23304
86045 23469
62317 32229
55665 29410
38828 39197
63085 16735
27379 77419
53235 38561
17918 70438
77095 73732
22682 49986
26709 59809
69913 62466
86453 53235
93709 99852
30235 57330
07416 65441
96740 40621
22443 82583
75194 87955
02778 37232
59159 78553
27379 67395
42075 53235
02538 69750
41694 08260
70082 50845
41198 79718
67141 98342
90551 92421
49053 05403
42569 96172
16735 56414
88947 17988
36455 41694
14621 01466
56482 68811
83729 09557
88949 17638
08345 23212
91147 23469
10232 29410
97853 12402
42569 26709
88640 07799
07799 57392
33584 77419
23254 25055
07693 85929
22298 52305
57402 56718
42533 75738
21421 58824
39970 85408
19277 97044
74859 57826
94029 77095
00067 76227
88095 75194
59809 50535
11724 98865
93135 90488
31814 73645
79718 13643
37232 77906
76177 17918
82782 12746
13382 24568
85641 38050
07167 58551
86453 62745
50535 49286
83215 06713
67758 63102
23254 13643
83152 83075
82583 76089
02132 11724
06819 48035
95728 75738
22221 98634
22534 22688
68811 30950
00901 45165
45165 32444
33328 38828
48686 74750
41747 49463
36148 53409
80972 36148
24568 68596
50050 67404
53536 78137
47812 63597
68811 62466
27379 07799
58950 63270
11764 39193
82955 37056
63353 28253
22221 97161
93709 10115
97266 14621
11764 96356
55688 36610
17561 56414
92217 06819
06021 70082
29338 90488
47616 76338
11764 07416
56183 54138
23325 35692
49510 48341
20304 88149
05200 02756
65856 29338
62493 70516
14224 29512
00067 31738
50535 30462
35891 32444
14461 60654
41694 81300
49510 87702
42075 96009
36983 29410
39815 55990
08345 42734
98634 10786
12630 69913
98313 04728
40621 14224
13197 73732
96172 47495
33328 17988
83693 13382
16885 38912
20304 56033
70438 19682
56718 10232
42569 87702
56414 82816
28079 59996
25055 72896
52077 55665
98737 53235
22114 32231
36610 57330
96009 52305
12898 92882
14621 88095
14461 17918
61187 06021
93709 75738
92568 22685
38050 85641
17561 45908
31976 70749
94029 35777
00785 58551
74314 99852
00915 09180
29512 92568
80972 92617
65043 62274
10216 73645
77498 96009
87441 45845
80464 69913
59809 86852
79970 41198
12630 95423
12402 72896
49220 14461
26709 28604
79970 35692
39970 39970
67404 11179
05503 49220
29171 63597
16885 06279
72548 05403
64608 87531
02756 29338
96356 22688
23325 41694
84014 11476
23678 61558
08345 50050
35777 84883
42734 92611
04801 23254
36294 58551
88721 99570
67395 49510
05503 08662
32069 02756
97729 18362
96740 98865
12402 65856
99564 73645
57826 10115
68484 86688
39265 96356
41312 62233
92611 45845
29090 23325
06713 55665
98313 27379
77498 17638
02731 56482
26709 16712
92217 47119
61558 10115
29410 87955
49112 43309
06713 10232
37012 13382
77498 99570
22685 37474
58426 97044
00901 75738
30813 49112
56482 47224
19905 07377
92275 64755
91147 13643
37056 65043
38561 56183
03789 59809
17091 39193
16885 67758
00915 08662
32069 63353
00915 27276
00067 45114
45845 66511
97704 59159
53343 01466
11000 74750
68484 20458
70438 83215
02731 19613
86400 78916
52077 82816
08662 69913
42569 88640
88898 49463
86802 62745
87423 78916
48035 98634
07167 59809
13382 71566
41198 53409
56414 54446
37474 23678
06279 86688
29512 03789
22145 25037
04018 23212
74604 32231
07167 75738
23820 66201
10471 08751
32229 05503
17561 62493
02778 39928
97641 88640
28463 49463
22114 55990
77475 63270
67829 97641
68673 96524
28463 32458
56033 88227
97161 72914
58551 28604
88227 58551
95728 10786
89142 13197
53536 96009
55681 36610
25037 92632
12746 68484
05200 12402
60681 53409
20837 35692
01711 82816
97641 26709
07416 63085
26709 38933
66201 85198
88227 26709
97266 96524
32231 07466
55990 77906
39928 41198
53633 59696
79970 92275
06279 22688
31412 18362
90990 53235
14621 60654
88721 10670
92218 28604
17638 52737
92218 83693
30462 68143
06021 93709
49510 37251
19613 56414
77498 96009
20837 41558
61123 12701
56183 86936
85198 23820
26709 67395
71566 07693
92882 73732
48686 10471
61558 93537
54088 94029
70438 91091
52305 96009
48035 16712
35975 98342
12402 25037
50153 02538
57292 61486
13197 57460
64755 64755
28969 55688
93976 29439
66328 77455
31976 93135
49053 88640
71672 33584
63085 82782
42075 68595
54446 95423
54901 57904
35131 88998
96172 05328
16712 28463
05503 17561
26541 58213
47812 32444
67395 58213
92275 11000
68811 65441
00915 96794
49777 87456
57292 04801
96524 77498
28253 92810
14621 83215
66156 21153
60464 39265
61305 12701
83215 21329
61486 63270
11179 74750
49053 53857
31509 17340
11724 53857
38369 38912
76338 22114
12630 10670
17091 86936
68484 07416
52155 66511
03864 65049
67829 36294
99564 16712
96754 22688
92421 77498
96524 97651
10232 00915
11844 49220
66201 92617
10216 00067
68818 42129
36983 96009
21329 02731
02731 88721
63085 14527
21153 97651
39970 14224
66511 53620
26913 39193
63102 68595
35536 58213
27856 77419
63353 13197
77095 86045
04801 72896
90686 71672
95423 09557
12701 99852
05328 45165
57402 88721
41198 05200
72914 67395
65856 88947
53235 98737
87456 07167
57904 57292
40465 04104
67427 55688
05503 62317
56033 70082
58950 45845
23469 67141
00901 07377
37232 54901
35891 39970
88949 12630
63270 47616
28969 11764
36460 92329
57460 58426
35939 62493
33117 69750
78553 35536
14158 72914
05403 14158
92329 25055
87456 10786
96356 88998
70438 30813
32953 61486
68484 38561
09180 43309
61874 92882
30235 70438
78916 98561
29512 49053
93537 93537
31403 00901
80972 85641
98634 58213
37251 22685
77975 77975
21544 97853
67758 52737
40671 92882
22682 30950
02756 70749
92882 54901
86400 38093
75595 84014
49463 22221
55990 17348
35939 35939
65441 10670
41528 74859
59159 83693
57904 95102
92882 55990
05328 22221
77498 62493
14562 68484
75595 11476
65856 58950
73968 28253
22534 05503
46680 49112
41528 32458
63353 39815
91147 17988
87198 41694
83813 96754
85641 08260
66201 53620
45908 92421
78916 73645
88095 14621
38050 89142
16406 10471
28463 06021
67427 05503
87441 08345
72255 22534
40465 17988
26541 19905
07416 90990
02538 52155
78916 02132
07377 57826
47495 50535
23820 66328
88998 87531
83154 60464
23325 05200
20458 97651
07540 97651
26544 81300
47224 57402
66846 22682
99987 07416
32229 19682
31509 04018
85641 41694
67427 20355
28253 67404
31738 03637
49510 13382
56414 05503
11844 56482
17638 44698
12630 27946
98917 38912
78916 78553
77419 95728
59159 00067
57392 83693
73968 83152
35536 38093
31403 07377
02132 78553
38828 75536
45908 47224
26735 88947
23678 07167
97853 60681
76227 72116
48035 32444
60681 61874
70438 59696
72548 31403
65043 35777
78155 26735
39197 62233
27856 00793
05328 74314
97178 35891
49463 42533
07540 91091
41558 35692
93709 93976
47119 22685
08345 92617
01711 67427
93709 93976
71563 40465
36294 41747
61486 94029
97161 02132
08662 96794
42075 76177
45845 98342
70516 69913
57466 99987
04104 76338
10786 28079
80972 33328
90488 26544
98634 87423
83154 01711
64608 44698
07466 80972
64755 23212
31738 50535
38369 76177
28079 61558
26544 31509
70438 14562
41312 81817
35975 49478
35692 73732
39265 35131
90551 55665
28604 41528
98561 35536
35975 35777
74750 05200
62781 09008
92218 42569
23678 49053
87441 52155
19613 70438
86852 57392
31509 13643
66328 82955
00067 98278
22534 12630
09557 35131
38828 62274
92611 85198
00785 07377
07466 57292
80464 42075
97044 53409
37232 62781
58551 49053
98634 93709
48686 66201
08662 21329
Queries
94029 82782
49053 23469
00793 97704
20837 07167
05200 90488
07540 45908
92329 02132
37012 49286
66156 60681
90686 92218
48035 35692
82816 49510
09557 04801
99564 60654
65049 48035
87531 93135
96524 04104
03637 11724
15201 72116
27946 76177
32229 60681
37012 71563
26709 21153
52305 54138
56718 20355
56718 76177
90686 22145
48341 50120
04728 11724
07167 63597
73968 58426
66201 92882
83154 97266
10786 42075
38933 58645
62466 62466
29171 63597
97853 38828
67758 68595
23820 71672
81817 61558
62233 96740
92329 81817
52737 00915
20355 28969
93976 74604
12402 27856
39970 66201
32229 14562
96524 53633
66511 09008
27946 27856
64664 02132
32444 84883
25055 23254
22534 20458
41747 28253
42958 22221
98278 07167
41528 74750
81414 78916
78155 77419
22114 06713
39197 64755
90686 60681
02132 67758
84524 67395
97178 96302
67829 07693
00915 62493
76089 72116
23325 49463
66942 55665
16885 86936
06713 21421
53857 73732
68811 96754
86453 42958
71672 62317
78916 96356
45114 11179
72116 28604
76177 55665
42569 39193
49510 15201
41312 11000
42734 53857
88998 92421
42075 96356
86936 55665
61874 23469
13643 88947
45845 50153
02538 38828
45165 62493
31814 57330
04940 92217
37474 69750
11179 38828
33117 37251
56183 86802
55990 73732
21421 96009
22298 57402
16712 57392
11764 84014
56183 03637
74750 91147
88998 47495
87955 30950
03864 86045
96302 53620
92632 37056
58551 33328
81414 26735
37251 28253
40671 57904
37012 31814
42075 88949
14461 88898
39265 39928
07416 61874
97853 37249
49478 83813
86453 57330
11648 96356
99987 16712
95423 22298
96740 69775
66511 12898
31509 45165
79970 95423
74604 60681
98278 87198
99852 66201
14562 32229
10259 36294
16712 21421
16735 11844
20817 04104
41694 28079
84883 98737
85929 68811
33584 76089
76177 17988
12402 92810
21544 77498
13382 12630
50845 32231
92617 98561
13906 10115
02132 97161
21153 97044
32069 53633
36983 19613
23325 38093
22443 96009
12630 20355
37474 92568
85929 14562
26544 20817
96172 96302
45165 22145
04786 49112
47812 10670
35939 68484
17918 25055
39193 38369
63270 82782
69750 28079
92329 12898
05200 88947
41198 87198
05403 17340
42129 49478
65049 52737
58213 96302
39197 12898
41694 77906
37249 15201
57466 72914
12701 04018
66201 41558
61187 83693
39815 08260
05403 17988
97178 32229
82583 93135
13197 02778
36294 68596
43309 62274
54901 77095
25037 92217
29090 31738
21421 63085
25055 97641
68596 38093
82816 19277
39970 31738
20837 40671
68595 68811
42533 66201
77975 77455
28604 87955
26269 42075
41198 99852
07466 53914
88640 36983
10216 24568
39197 10471
16712 23325
63085 21153
56482 67141
37232 50050
97651 96794
78137 83693
02778 58950
45908 28969
93976 52305
25037 47119
21421 44698
36148 50535
28463 29171
42569 57826
68596 53536
63353 83693
61123 93709
66511 78553
81817 99564
10115 90990
45908 14158
71566 90551
83154 17638
92275 62233
86852 96740
98561 77498
75194 17918
32953 36455
37232 78155
14527 04104
38369 26541
84524 89142
28604 13643
55665 96524
59696 42075
42958 72548
35131 67758
95423 62466
05403 19277
58824 98737
83154 50050
83693 68596
64608 95423
81300 86936
38912 39265
51826 40621
29410 12898
62317 45908
07416 89142
22443 42958
03637 16406
17988 29410
38561 48341
69775 74314
61187 91147
42958 48341
93709 29171
80464 91147
62493 88949
20817 77475
95423 63085
47616 28079
97641 22221
12630 86936
27379 11476
66328 16712
91091 39197
73968 77975
65043 90990
33584 45114
76338 49777
17348 60464
35536 19613
17561 23304
24568 77498
35692 53235
98865 03789
45114 38912
75536 78155
11000 55990
55665 98634
19682 35975
74314 00785
96740 07377
55990 07466
48035 10259
66201 87273
19905 16712
81414 30235
36610 87273
38933 32069
91147 67829
52077 70438
20817 56414
63597 59159
10232 97853
63085 62317
02132 87702
88095 38561
42958 14562
21329 73968
20304 17340
63353 53620
69750 17348
22688 36460
12701 62317
68818 98737
14158 49510
13197 20304
51826 88949
70082 22443
67141 21421
23304 19905
81817 92275
75595 58645
42569 78916
21421 49986
23820 10115
68484 37474
61187 50153
98561 36460
69913 38050
96740 69775
43309 52305
39928 88149
97853 82955
52305 53235
59809 28079
45908 98634
22685 66511
78553 83693
49510 57460
30235 58950
06279 07377
88949 23469
97266 23325
05503 10786
41528 99987
44698 69775
49112 36983
65049 74859
11724 02731
85929 57466
99987 23678
11476 93976
53633 63085
92568 63597
21153 08260
38828 68811
55665 87531
50120 32229
96172 64664
92275 38093
35777 81300
94029 81817
67141 28463
06819 39815
21329 06279
99570 20837
91091 96794
23820 78155
50153 45845
30235 83152
42569 72548
42734 30235
57292 05503
96754 75536
97161 12402
17348 61486
54446 90686
87198 98342
17918 00901
28969 88095
02756 16406
66846 27379
04801 96356
87702 11000
69775 32231
12701 17340
13197 77475
48035 98865
97641 62493
69913 52077
66942 35536
Thinking
start 98634 src 98634
98634 31403 src 98634
98634 07799 src 98634
98634 30462 src 98634
98634 27379 src 98634
98634 28604 src 98634
98634 31738 src 98634
98634 75738 src 98634
98634 22221 src 98634
98634 10786 src 98634
98634 48035 src 98634
98634 58213 src 98634
98634 87423 src 98634
98634 93709 src 98634
31403 26541 src 98634
31403 37012 src 98634
31403 00901 src 98634
31403 42958 src 98634
31403 97729 src 98634
31403 07377 src 98634
31403 72548 src 98634
07799 41528 src 98634
07799 67829 src 98634
07799 88640 src 98634
07799 57392 src 98634
30462 28079 src 98634
30462 03637 src 98634
30462 50535 src 98634
30462 68143 src 98634
27379 04728 src 98634
27379 18362 src 98634
27379 27856 src 98634
27379 77419 src 98634
27379 67395 src 98634
27379 98313 src 98634
28604 99564 src 98634
28604 59809 src 98634
28604 26709 src 98634
28604 58551 src 98634
28604 92218 src 98634
31738 93976 src 98634
31738 11724 src 98634
31738 00793 src 98634
31738 63597 src 98634
31738 06021 src 98634
31738 00067 src 98634
75738 15201 src 98634
75738 42533 src 98634
75738 95728 src 98634
75738 07167 src 98634
22221 56033 src 98634
22221 97161 src 98634
22221 49463 src 98634
22221 05328 src 98634
10786 86852 src 98634
10786 37474 src 98634
10786 70082 src 98634
10786 96172 src 98634
10786 83693 src 98634
10786 87456 src 98634
48035 06819 src 98634
48035 16712 src 98634
48035 32444 src 98634
58213 03864 src 98634
58213 41747 src 98634
58213 35536 src 98634
87423 61187 src 98634
87423 84524 src 98634
87423 49286 src 98634
87423 78916 src 98634
93709 78553 src 98634
93709 68596 src 98634
93709 36294 src 98634
93709 93537 src 98634
93709 07693 src 98634
93709 99852 src 98634
93709 10115 src 98634
26541 19905 src 98634
37012 61123 src 98634
37012 22685 src 98634
37012 74314 src 98634
37012 13382 src 98634
00901 92217 src 98634
00901 23678 src 98634
00901 33584 src 98634
00901 72116 src 98634
00901 45165 src 98634
42958 66653 src 98634
97729 97178 src 98634
97729 59159 src 98634
97729 73645 src 98634
07377 77975 src 98634
07377 38933 src 98634
07377 31412 src 98634
07377 57826 src 98634
07377 00785 src 98634
72548 14224 src 98634
72548 49777 src 98634
72548 02132 src 98634
72548 05403 src 98634
41528 88227 src 98634
41528 74859 src 98634
41528 32458 src 98634
67829 51826 src 98634
67829 97641 src 98634
88640 53857 src 98634
88640 97704 src 98634
88640 14158 src 98634
88640 42569 src 98634
88640 49053 src 98634
28079 71566 src 98634
28079 59996 src 98634
28079 61558 src 98634
03637 12701 src 98634
50535 85408 src 98634
50535 47495 src 98634
04728 44966 src 98634
04728 71672 src 98634
18362 45114 src 98634
18362 13906 src 98634
18362 85929 src 98634
27856 37251 src 98634
27856 87702 src 98634
27856 61305 src 98634
77419 50845 src 98634
67395 49510 src 98634
67395 72914 src 98634
98313 76227 src 98634
59809 03789 src 98634
58551 10216 src 98634
93976 96740 src 98634
93976 29439 src 98634
11724 98865 src 98634
00793 29171 src 98634
00793 88149 src 98634
63597 47812 src 98634
06021 28463 src 98634
00067 98278 src 98634
42533 39970 src 98634
95728 69775 src 98634
56033 20671 src 98634
56033 20304 src 98634
97161 65049 src 98634
97161 48341 src 98634
49463 88898 src 98634
37474 31814 src 98634
16712 96302 src 98634
32444 35891 src 98634
35536 38093 src 98634
35536 98561 src 98634
49286 40621 src 98634
78916 86400 src 98634
68596 24568 src 98634
36294 10259 src 98634
10115 90686 src 98634
10115 29512 src 98634
10115 47119 src 98634
22685 92568 src 98634
98865 42629 src 98634
start 14562 src 14562
14562 70376 src 14562
14562 97651 src 14562
14562 68484 src 14562
14562 70438 src 14562
70376 58385 src 14562
70376 22688 src 14562
97651 86453 src 14562
97651 69913 src 14562
97651 67427 src 14562
97651 58824 src 14562
97651 96524 src 14562
97651 21153 src 14562
97651 20458 src 14562
97651 07540 src 14562
68484 38912 src 14562
68484 56482 src 14562
68484 47224 src 14562
68484 66846 src 14562
68484 21421 src 14562
68484 86936 src 14562
68484 01466 src 14562
68484 86688 src 14562
68484 06713 src 14562
68484 37249 src 14562
68484 12746 src 14562
68484 07416 src 14562
68484 38561 src 14562
70438 49112 src 14562
70438 57330 src 14562
70438 82816 src 14562
70438 63102 src 14562
70438 17918 src 14562
70438 19682 src 14562
70438 83215 src 14562
70438 91091 src 14562
70438 30813 src 14562
70438 30235 src 14562
70438 59696 src 14562
70438 19613 src 14562
58385 64664 src 14562
58385 52077 src 14562
58385 75194 src 14562
58385 56183 src 14562
58385 62466 src 14562
22688 90990 src 14562
22688 22534 src 14562
22688 96356 src 14562
22688 06279 src 14562
22688 96754 src 14562
86453 53235 src 14562
86453 62745 src 14562
69913 87531 src 14562
69913 02731 src 14562
69913 12630 src 14562
69913 80464 src 14562
69913 08662 src 14562
69913 70516 src 14562
67427 11648 src 14562
67427 09557 src 14562
67427 11476 src 14562
67427 95423 src 14562
67427 55688 src 14562
67427 05503 src 14562
67427 20355 src 14562
67427 01711 src 14562
58824 96794 src 14562
96524 10670 src 14562
96524 98737 src 14562
96524 68673 src 14562
96524 97266 src 14562
96524 77498 src 14562
21153 56414 src 14562
21153 52305 src 14562
21153 66156 src 14562
20458 17091 src 14562
20458 55681 src 14562
07540 76177 src 14562
38912 43309 src 14562
38912 16885 src 14562
38912 38369 src 14562
38912 98917 src 14562
56482 54446 src 14562
56482 68811 src 14562
56482 11844 src 14562
47224 36610 src 14562
47224 57402 src 14562
47224 45908 src 14562
66846 60464 src 14562
66846 36983 src 14562
66846 32229 src 14562
66846 22682 src 14562
21421 78137 src 14562
01466 99570 src 14562
01466 75595 src 14562
01466 58495 src 14562
01466 14621 src 14562
01466 53343 src 14562
86688 49220 src 14562
86688 49986 src 14562
86688 57466 src 14562
86688 52737 src 14562
06713 64608 src 14562
06713 55665 src 14562
06713 10232 src 14562
37249 14527 src 14562
37249 90551 src 14562
12746 88721 src 14562
12746 88998 src 14562
12746 82782 src 14562
07416 65441 src 14562
07416 11764 src 14562
07416 63085 src 14562
07416 99987 src 14562
49112 46680 src 14562
57330 54138 src 14562
63102 50120 src 14562
63102 87955 src 14562
63102 67758 src 14562
63102 68595 src 14562
17918 14461 src 14562
19682 16735 src 14562
83215 21329 src 14562
30813 39265 src 14562
59696 27946 src 14562
59696 53633 src 14562
64664 04940 src 14562
75194 88095 src 14562
56183 27276 src 14562
90990 96009 src 14562
22534 72255 src 14562
06279 17638 src 14562
06279 66942 src 14562
96754 83813 src 14562
53235 42075 src 14562
62745 29410 src 14562
62745 86802 src 14562
12630 88949 src 14562
08662 00915 src 14562
70516 62493 src 14562
09557 17561 src 14562
09557 83154 src 14562
09557 83729 src 14562
09557 35131 src 14562
11476 84014 src 14562
55688 28969 src 14562
05503 62317 src 14562
10670 58645 src 14562
68673 52494 src 14562
97266 23304 src 14562
77498 26913 src 14562
77498 92421 src 14562
52305 22298 src 14562
17091 39193 src 14562
55681 09180 src 14562
43309 44698 src 14562
68811 30950 src 14562
57402 56718 src 14562
78137 53536 src 14562
14621 60654 src 14562
55665 04786 src 14562
62493 35939 src 14562
start 22114 src 22114
22114 82583 src 22114
22114 83152 src 22114
22114 37232 src 22114
22114 95102 src 22114
22114 41312 src 22114
22114 52155 src 22114
22114 02538 src 22114
22114 63353 src 22114
22114 02778 src 22114
22114 32231 src 22114
22114 55990 src 22114
22114 76338 src 22114
82583 08260 src 22114
82583 98342 src 22114
82583 31976 src 22114
82583 41694 src 22114
82583 65043 src 22114
82583 32953 src 22114
82583 22443 src 22114
82583 76089 src 22114
83152 68818 src 22114
83152 64755 src 22114
83152 77475 src 22114
83152 35777 src 22114
83152 83075 src 22114
83152 73968 src 22114
37232 13197 src 22114
37232 71563 src 22114
37232 67404 src 22114
37232 77906 src 22114
37232 54901 src 22114
37232 62781 src 22114
95102 74604 src 22114
95102 39815 src 22114
95102 87441 src 22114
95102 17340 src 22114
95102 57904 src 22114
41312 61486 src 22114
41312 62233 src 22114
41312 81817 src 22114
52155 79718 src 22114
52155 97044 src 22114
52155 66511 src 22114
02538 61874 src 22114
02538 69750 src 22114
02538 50153 src 22114
63353 78155 src 22114
63353 92810 src 22114
63353 09008 src 22114
63353 28253 src 22114
63353 32069 src 22114
02778 11179 src 22114
02778 94029 src 22114
02778 20817 src 22114
02778 39928 src 22114
32231 75536 src 22114
32231 53409 src 22114
32231 60681 src 22114
32231 04018 src 22114
32231 89142 src 22114
32231 39197 src 22114
32231 07466 src 22114
55990 38828 src 22114
55990 87198 src 22114
55990 26735 src 22114
55990 17348 src 22114
55990 92882 src 22114
76338 54088 src 22114
76338 05200 src 22114
76338 47616 src 22114
76338 04104 src 22114
08260 35692 src 22114
08260 08345 src 22114
08260 85641 src 22114
98342 67141 src 22114
98342 35975 src 22114
98342 45845 src 22114
31976 53914 src 22114
31976 70749 src 22114
31976 93135 src 22114
41694 87273 src 22114
41694 16406 src 22114
41694 36455 src 22114
41694 81300 src 22114
41694 23325 src 22114
65043 62274 src 22114
65043 37056 src 22114
76089 66328 src 22114
76089 92329 src 22114
68818 85198 src 22114
68818 21544 src 22114
68818 42129 src 22114
64755 92275 src 22114
64755 23212 src 22114
77475 23254 src 22114
77475 38050 src 22114
77475 31509 src 22114
77475 63270 src 22114
35777 36460 src 22114
35777 84883 src 22114
73968 97853 src 22114
73968 92632 src 22114
13197 73732 src 22114
13197 57460 src 22114
71563 91147 src 22114
71563 40465 src 22114
67404 50050 src 22114
54901 12898 src 22114
54901 33328 src 22114
62781 41558 src 22114
74604 92617 src 22114
87441 33117 src 22114
87441 19277 src 22114
87441 42734 src 22114
57904 49478 src 22114
57904 57292 src 22114
61486 11000 src 22114
61486 79970 src 22114
81817 81414 src 22114
79718 59318 src 22114
79718 26269 src 22114
79718 41198 src 22114
79718 13643 src 22114
97044 29090 src 22114
97044 58426 src 22114
66511 53620 src 22114
61874 04801 src 22114
78155 82955 src 22114
09008 86045 src 22114
28253 77455 src 22114
32069 26544 src 22114
32069 02756 src 22114
11179 72896 src 22114
11179 74750 src 22114
94029 77095 src 22114
20817 23820 src 22114
75536 88947 src 22114
53409 36148 src 22114
04018 66201 src 22114
07466 80972 src 22114
92882 40671 src 22114
05200 12402 src 22114
35692 58950 src 22114
35692 20837 src 22114
67141 23469 src 22114
45845 92611 src 22114
93135 90488 src 22114
16406 10471 src 22114
66328 35244 src 22114
92329 25055 src 22114
42129 26377 src 22114
23254 29338 src 22114
92632 25037 src 22114
91147 17988 src 22114
19277 08751 src 22114
26269 48686 src 22114
88947 65856 src 22114
25037 22145 src 22114
Output
94029 82782 no
49053 23469 no
00793 97704 yes
20837 07167 no
05200 90488 yes
07540 45908 yes
92329 02132 no
37012 49286 yes
66156 60681 no
90686 92218 yes
48035 35692 no
82816 49510 no
09557 04801 no
99564 60654 no
65049 48035 yes
87531 93135 no
96524 04104 no
03637 11724 yes
15201 72116 yes
27946 76177 yes
32229 60681 no
37012 71563 no
26709 21153 no
52305 54138 yes
56718 20355 yes
56718 76177 yes
90686 22145 no
48341 50120 no
04728 11724 yes
07167 63597 yes
73968 58426 yes
66201 92882 yes
83154 97266 yes
10786 42075 no
38933 58645 no
62466 62466 yes
29171 63597 yes
97853 38828 yes
67758 68595 yes
23820 71672 no
81817 61558 no
62233 96740 no
92329 81817 yes
52737 00915 yes
20355 28969 yes
93976 74604 no
12402 27856 no
39970 66201 no
32229 14562 yes
96524 53633 yes
66511 09008 yes
27946 27856 no
64664 02132 no
32444 84883 no
25055 23254 yes
22534 20458 yes
41747 28253 no
42958 22221 yes
98278 07167 yes
41528 74750 no
81414 78916 no
78155 77419 no
22114 06713 no
39197 64755 yes
90686 60681 no
02132 67758 no
84524 67395 yes
97178 96302 yes
67829 07693 yes
00915 62493 yes
76089 72116 no
23325 49463 no
66942 55665 yes
16885 86936 yes
06713 21421 yes
53857 73732 no
68811 96754 yes
86453 42958 no
71672 62317 no
78916 96356 no
45114 11179 no
72116 28604 yes
76177 55665 yes
42569 39193 no
49510 15201 yes
41312 11000 yes
42734 53857 no
88998 92421 yes
42075 96356 yes
86936 55665 yes
61874 23469 yes
13643 88947 yes
45845 50153 yes
02538 38828 yes
45165 62493 no
31814 57330 no
04940 92217 no
37474 69750 no
11179 38828 yes
33117 37251 no
56183 86802 yes
55990 73732 yes
21421 96009 yes
22298 57402 yes
16712 57392 yes
11764 84014 yes
56183 03637 no
74750 91147 yes
88998 47495 no
87955 30950 yes
03864 86045 no
96302 53620 no
92632 37056 yes
58551 33328 no
81414 26735 yes
37251 28253 no
40671 57904 yes
37012 31814 yes
42075 88949 yes
14461 88898 no
39265 39928 no
07416 61874 no
97853 37249 no
49478 83813 no
86453 57330 yes
11648 96356 yes
99987 16712 no
95423 22298 yes
96740 69775 yes
66511 12898 yes
31509 45165 no
79970 95423 no
74604 60681 yes
98278 87198 no
99852 66201 no
14562 32229 yes
10259 36294 yes
16712 21421 no
16735 11844 yes
20817 04104 yes
41694 28079 no
84883 98737 no
85929 68811 no
33584 76089 no
76177 17988 no
12402 92810 yes
21544 77498 no
13382 12630 no
50845 32231 no
92617 98561 no
13906 10115 yes
02132 97161 yes
21153 97044 no
32069 53633 no
36983 19613 yes
23325 38093 no
22443 96009 no
12630 20355 yes
37474 92568 yes
85929 14562 no
26544 20817 yes
96172 96302 yes
45165 22145 no
04786 49112 yes
47812 10670 no
35939 68484 yes
17918 25055 no
39193 38369 yes
63270 82782 no
69750 28079 no
92329 12898 yes
05200 88947 yes
41198 87198 yes
05403 17340 no
42129 49478 yes
65049 52737 no
58213 96302 yes
39197 12898 yes
41694 77906 yes
37249 15201 no
57466 72914 no
12701 04018 no
66201 41558 yes
61187 83693 yes
39815 08260 yes
05403 17988 no
97178 32229 no
82583 93135 yes
13197 02778 yes
36294 68596 yes
43309 62274 no
54901 77095 yes
25037 92217 no
29090 31738 no
21421 63085 yes
25055 97641 no
68596 38093 yes
82816 19277 no
39970 31738 yes
20837 40671 yes
68595 68811 yes
42533 66201 no
77975 77455 no
28604 87955 no
26269 42075 no
41198 99852 no
07466 53914 yes
88640 36983 no
10216 24568 yes
39197 10471 yes
16712 23325 no
63085 21153 yes
56482 67141 no
37232 50050 yes
97651 96794 yes
78137 83693 no
02778 58950 yes
45908 28969 yes
93976 52305 no
25037 47119 no
21421 44698 yes
36148 50535 no
28463 29171 yes
42569 57826 yes
68596 53536 no
63353 83693 no
61123 93709 yes
66511 78553 no
81817 99564 no
10115 90990 no
45908 14158 no
71566 90551 no
83154 17638 yes
92275 62233 yes
86852 96740 yes
98561 77498 no
75194 17918 yes
32953 36455 yes
37232 78155 yes
14527 04104 no
38369 26541 no
84524 89142 no
28604 13643 no
55665 96524 yes
59696 42075 yes
42958 72548 yes
35131 67758 yes
95423 62466 yes
05403 19277 no
58824 98737 yes
83154 50050 no
83693 68596 yes
64608 95423 yes
81300 86936 no
38912 39265 yes
51826 40621 yes
29410 12898 no
62317 45908 yes
07416 89142 no
22443 42958 no
03637 16406 no
17988 29410 no
38561 48341 no
69775 74314 yes
61187 91147 no
42958 48341 yes
93709 29171 yes
80464 91147 no
62493 88949 yes
20817 77475 yes
95423 63085 yes
47616 28079 no
97641 22221 yes
12630 86936 yes
27379 11476 no
66328 16712 no
91091 39197 no
73968 77975 no
65043 90990 no
33584 45114 yes
76338 49777 no
17348 60464 no
35536 19613 no
17561 23304 yes
24568 77498 no
35692 53235 no
98865 03789 yes
45114 38912 no
75536 78155 yes
11000 55990 yes
55665 98634 no
19682 35975 no
74314 00785 yes
96740 07377 yes
55990 07466 yes
48035 10259 yes
66201 87273 yes
19905 16712 yes
81414 30235 no
36610 87273 no
38933 32069 no
91147 67829 no
52077 70438 yes
20817 56414 no
63597 59159 yes
10232 97853 no
63085 62317 yes
02132 87702 yes
88095 38561 yes
42958 14562 no
21329 73968 no
20304 17340 no
63353 53620 yes
69750 17348 yes
22688 36460 no
12701 62317 no
68818 98737 no
14158 49510 yes
13197 20304 no
51826 88949 no
70082 22443 no
67141 21421 no
23304 19905 no
81817 92275 yes
75595 58645 yes
42569 78916 yes
21421 49986 yes
23820 10115 no
68484 37474 no
61187 50153 no
98561 36460 no
69913 38050 no
96740 69775 yes
43309 52305 yes
39928 88149 no
97853 82955 yes
52305 53235 yes
59809 28079 yes
45908 98634 no
22685 66511 no
78553 83693 yes
49510 57460 no
30235 58950 no
06279 07377 no
88949 23469 no
97266 23325 no
05503 10786 no
41528 99987 no
44698 69775 no
49112 36983 yes
65049 74859 yes
11724 02731 no
85929 57466 no
99987 23678 no
11476 93976 no
53633 63085 yes
92568 63597 yes
21153 08260 no
38828 68811 no
55665 87531 yes
50120 32229 yes
96172 64664 no
92275 38093 no
35777 81300 yes
94029 81817 yes
67141 28463 no
06819 39815 no
21329 06279 yes
99570 20837 no
91091 96794 yes
23820 78155 yes
50153 45845 yes
30235 83152 no
42569 72548 yes
42734 30235 no
57292 05503 no
96754 75536 no
97161 12402 no
17348 61486 yes
54446 90686 no
87198 98342 yes
17918 00901 no
28969 88095 yes
02756 16406 yes
66846 27379 no
04801 96356 no
87702 11000 no
69775 32231 no
12701 17340 no
13197 77475 yes
48035 98865 yes
97641 62493 no
69913 52077 yes
66942 35536 no
End
