Graph
0231 6546
7238 0441
6045 0413
0702 7157
9882 6226
7157 3456
9872 8243
1694 6011
6011 9698
3355 7636
7238 8647
9698 8243
4092 9753
1620 0473
7157 5453
5519 5519
8243 9999
5453 7230
4199 4132
6011 9698
7178 0165
0165 1972
4199 9882
0165 5519
8647 6045
9882 9838
0231 2156
5411 9753
0231 1434
0830 1771
0135 1694
6045 6045
9240 6226
0165 5519
2156 5411
0231 9753
9753 9753
7619 0413
4132 9240
4132 9882
0172 5411
0830 0441
9872 6011
9882 9240
8243 8243
0231 4092
7157 3456
0413 2459
7178 7636
3060 0473
0165 7178
1771 1287
6546 3456
0135 6011
4092 7157
8647 0441
1287 6045
6045 0441
0135 6011
5411 6546
7619 8647
1972 0473
9698 9999
6045 1287
9047 6226
9698 8243
7636 7178
4132 9240
0135 9698
6011 9872
4199 4132
0473 0473
3060 7178
5519 0473
1771 6045
9838 9882
5411 4092
0441 8647
1771 7238
0231 3097
5519 3355
7619 1771
0473 0165
5519 3355
Queries
1972 7178
7636 6546
9999 9698
5411 4092
7636 5519
3355 0702
7636 9838
9838 4132
7636 5519
9999 9698
7178 9838
0172 6011
5519 9047
6045 5453
6226 9999
7178 5519
6045 7238
0172 4092
7619 0413
0413 1287
9999 9872
4199 7619
7619 8647
9872 9753
9698 0135
8647 3097
9047 9999
1620 0473
7157 9872
7178 0165
4199 0172
9838 9838
0702 4132
6226 7238
9882 4132
9882 9882
1972 9240
7636 7178
1694 7178
6226 5519
7157 5411
6011 3097
9838 8243
0165 3355
0231 3456
0135 3355
3060 5519
3355 6546
3060 9999
1771 7178
9872 7636
9698 2156
1620 0172
9882 1771
6045 6226
0135 1694
9047 4199
0473 5453
7636 4132
9838 2459
1620 0413
7636 9872
5453 1972
9838 6226
0473 3060
3097 1972
9872 9047
6045 9882
0441 0165
0172 5411
0135 9872
9047 7238
1287 1694
0702 9872
2156 3456
3060 6011
9872 8243
9882 8647
7230 7619
9882 6011
4199 3456
0702 2156
6546 0135
0473 6226
6045 9047
1771 4132
6045 0830
4132 6226
9882 9838
5519 5411
9838 5519
5411 1434
1694 3355
9882 4092
2459 3060
9753 5411
7178 0830
4132 6226
7238 0702
4199 0231
Thinking
start 7178 src 7178
7178 0165 src 7178
7178 7636 src 7178
7178 3060 src 7178
0165 1972 src 7178
0165 5519 src 7178
0165 0473 src 7178
7636 3355 src 7178
0473 1620 src 7178
start 4092 src 4092
4092 9753 src 4092
4092 0231 src 4092
4092 7157 src 4092
4092 5411 src 4092
0231 6546 src 4092
0231 2156 src 4092
0231 1434 src 4092
0231 3097 src 4092
7157 0702 src 4092
7157 3456 src 4092
7157 5453 src 4092
5411 0172 src 4092
5453 7230 src 4092
start 0413 src 0413
0413 6045 src 0413
0413 7619 src 0413
0413 2459 src 0413
6045 8647 src 0413
6045 1287 src 0413
6045 0441 src 0413
6045 1771 src 0413
8647 7238 src 0413
0441 0830 src 0413
start 9240 src 9240
9240 6226 src 9240
9240 4132 src 9240
9240 9882 src 9240
6226 9047 src 9240
4132 4199 src 9240
9882 9838 src 9240
start 9698 src 9698
9698 6011 src 9698
9698 8243 src 9698
9698 9999 src 9698
9698 0135 src 9698
6011 1694 src 9698
6011 9872 src 9698
Output
1972 7178 yes
7636 6546 no
9999 9698 yes
5411 4092 yes
7636 5519 yes
3355 0702 no
7636 9838 no
9838 4132 yes
7636 5519 yes
9999 9698 yes
7178 9838 no
0172 6011 no
5519 9047 no
6045 5453 no
6226 9999 no
7178 5519 yes
6045 7238 yes
0172 4092 yes
7619 0413 yes
0413 1287 yes
9999 9872 yes
4199 7619 no
7619 8647 yes
9872 9753 no
9698 0135 yes
8647 3097 no
9047 9999 no
1620 0473 yes
7157 9872 no
7178 0165 yes
4199 0172 no
9838 9838 yes
0702 4132 no
6226 7238 no
9882 4132 yes
9882 9882 yes
1972 9240 no
7636 7178 yes
1694 7178 no
6226 5519 no
7157 5411 yes
6011 3097 no
9838 8243 no
0165 3355 yes
0231 3456 yes
0135 3355 no
3060 5519 yes
3355 6546 no
3060 9999 no
1771 7178 no
9872 7636 no
9698 2156 no
1620 0172 no
9882 1771 no
6045 6226 no
0135 1694 yes
9047 4199 yes
0473 5453 no
7636 4132 no
9838 2459 no
1620 0413 no
7636 9872 no
5453 1972 no
9838 6226 yes
0473 3060 yes
3097 1972 no
9872 9047 no
6045 9882 no
0441 0165 no
0172 5411 yes
0135 9872 yes
9047 7238 no
1287 1694 no
0702 9872 no
2156 3456 yes
3060 6011 no
9872 8243 yes
9882 8647 no
7230 7619 no
9882 6011 no
4199 3456 no
0702 2156 yes
6546 0135 no
0473 6226 no
6045 9047 no
1771 4132 no
6045 0830 yes
4132 6226 yes
9882 9838 yes
5519 5411 no
9838 5519 no
5411 1434 yes
1694 3355 no
9882 4092 no
2459 3060 no
9753 5411 yes
7178 0830 no
4132 6226 yes
7238 0702 no
4199 0231 no
End
