Graph
9966 9966
6611 6611
7339 4941
6611 1434
8383 9930
8383 2581
6160 4582
2581 0247
4941 2790
0566 2132
4582 6160
9149 7918
8217 9930
1487 4714
0566 0942
1487 9978
8383 3514
3514 5049
2132 8383
5792 8599
8217 2790
8217 4941
9149 7404
9930 3880
4724 0977
9149 4582
6611 8599
4941 5595
8217 3880
4941 9506
7564 5989
5049 8217
8217 0247
7404 6160
8599 5792
4582 9966
1161 5812
6063 9149
8599 9325
0566 2581
4724 9325
7564 1434
8599 9325
2132 5049
1161 7404
8599 1487
2790 9909
8383 0247
6063 5812
2132 7339
0541 9506
7404 4582
1434 8958
9149 4582
4582 4582
5792 1487
1161 5812
9149 9966
2019 8958
4714 4724
6160 7404
4582 1161
1161 9966
0247 5049
5989 1487
4582 9966
0977 5792
7918 1161
7339 8383
1999 0942
7918 9149
2790 3823
2790 3514
0977 7564
0247 2581
5812 1161
8383 9506
9325 4724
8599 2019
1487 5989
Queries
6063 0566
7564 1434
1161 9966
9149 7404
6611 7404
8958 7918
9149 1161
6160 2019
2581 3823
7404 6611
3880 3823
9966 9506
9966 0247
0977 6160
7918 0977
5049 8599
9325 6160
3823 5595
1999 4941
5792 1487
5812 4582
5049 9966
2581 1999
7564 9325
0942 1487
9149 6063
4941 4941
8958 4714
5595 9966
5792 1434
4724 2581
1487 0977
7564 9149
7918 0247
1161 9966
8217 6160
2019 5049
0566 7404
8599 4582
8217 6063
7404 2132
3514 9930
4582 5989
6160 1161
7339 0541
8958 5812
9978 7404
8599 8958
5812 7918
2581 5792
4714 8217
5049 9149
2790 1487
0977 6160
5989 5989
7918 3514
3880 4724
4582 5812
7918 0566
4941 2581
5792 3823
5792 9149
8958 9325
6063 9930
8217 6160
5792 8599
9966 7918
1999 2132
5989 1487
4582 5812
4724 9325
4724 7918
6611 4582
1487 4724
6063 5792
0566 2132
5792 9978
6160 9966
9909 0566
9909 7339
5812 4714
5812 1487
Thinking
start 7339 src 7339
7339 4941 src 7339
7339 2132 src 7339
7339 8383 src 7339
4941 2790 src 7339
4941 8217 src 7339
4941 5595 src 7339
4941 9506 src 7339
2132 0566 src 7339
2132 5049 src 7339
8383 9930 src 7339
8383 2581 src 7339
8383 3514 src 7339
8383 0247 src 7339
2790 9909 src 7339
2790 3823 src 7339
8217 3880 src 7339
9506 0541 src 7339
0566 0942 src 7339
0942 1999 src 7339
start 8599 src 8599
8599 5792 src 8599
8599 6611 src 8599
8599 9325 src 8599
8599 1487 src 8599
8599 2019 src 8599
5792 0977 src 8599
6611 1434 src 8599
9325 4724 src 8599
1487 4714 src 8599
1487 9978 src 8599
1487 5989 src 8599
2019 8958 src 8599
0977 7564 src 8599
start 9149 src 9149
9149 7918 src 9149
9149 7404 src 9149
9149 4582 src 9149
9149 6063 src 9149
9149 9966 src 9149
7918 1161 src 9149
7404 6160 src 9149
6063 5812 src 9149
Output
6063 0566 no
7564 1434 yes
1161 9966 yes
9149 7404 yes
6611 7404 no
8958 7918 no
9149 1161 yes
6160 2019 no
2581 3823 yes
7404 6611 no
3880 3823 yes
9966 9506 no
9966 0247 no
0977 6160 no
7918 0977 no
5049 8599 no
9325 6160 no
3823 5595 yes
1999 4941 yes
5792 1487 yes
5812 4582 yes
5049 9966 no
2581 1999 yes
7564 9325 yes
0942 1487 no
9149 6063 yes
4941 4941 yes
8958 4714 yes
5595 9966 no
5792 1434 yes
4724 2581 no
1487 0977 yes
7564 9149 no
7918 0247 no
1161 9966 yes
8217 6160 no
2019 5049 no
0566 7404 no
8599 4582 no
8217 6063 no
7404 2132 no
3514 9930 yes
4582 5989 no
6160 1161 yes
7339 0541 yes
8958 5812 no
9978 7404 no
8599 8958 yes
5812 7918 yes
2581 5792 no
4714 8217 no
5049 9149 no
2790 1487 no
0977 6160 no
5989 5989 yes
7918 3514 no
3880 4724 no
4582 5812 yes
7918 0566 no
4941 2581 yes
5792 3823 no
5792 9149 no
8958 9325 yes
6063 9930 no
8217 6160 no
5792 8599 yes
9966 7918 yes
1999 2132 yes
5989 1487 yes
4582 5812 yes
4724 9325 yes
4724 7918 no
6611 4582 no
1487 4724 yes
6063 5792 no
0566 2132 yes
5792 9978 yes
6160 9966 yes
9909 0566 yes
9909 7339 yes
5812 4714 no
5812 1487 no
End
