Graph
87372 11913
98279 90633
37844 82999
41016 74391
22173 54029
88186 94786
00352 77673
96319 00495
95111 98436
41649 79921
32001 66226
63900 42383
65192 25087
71932 18832
13367 98436
35724 07479
35747 36971
48954 11564
90763 26503
98279 60715
56134 44684
04047 30999
72302 33567
46470 18447
54282 91117
69544 13004
72898 44270
13932 18117
99774 40087
74580 99778
93818 40397
06994 00495
68133 80320
01629 61223
59888 70623
74745 91995
49216 48052
56507 47559
91117 40397
35486 60715
17188 35486
36755 07751
71509 77424
49332 94786
57750 54029
90204 38649
55683 33567
60715 76132
49216 22425
30978 67930
74391 12409
87730 68988
82569 45464
40194 85244
52236 05190
85574 33399
10843 88186
80320 74756
44270 50482
82260 77424
11096 98279
25087 79835
82260 87104
02664 80101
10843 71932
76158 78031
05349 71932
89617 91865
40194 02664
87372 95395
01012 71878
56860 59865
72686 99774
68365 26430
96996 33403
29419 33567
60790 35686
11923 24648
13367 25970
70623 32366
71864 98280
40298 54301
55536 72783
47719 95111
30978 26408
76775 41016
61345 15262
35288 88076
81626 10412
26441 23301
54569 96388
72302 70529
33006 07777
76158 04038
35486 89949
38279 16800
32001 84398
74756 29063
96705 31529
95851 12822
33570 06775
56860 30075
94478 30999
64857 80101
02664 71864
96388 22310
05239 30999
21630 81680
57353 62257
98280 53387
89954 63900
45637 82569
98280 74391
36971 37928
52602 69544
68365 02980
85262 22485
62000 55683
09145 21503
12409 30999
98436 57750
41772 33399
68988 60790
03133 74841
76158 38649
54149 00710
62257 96705
04933 62257
99735 42215
46655 36755
11083 37618
27599 21947
90763 50392
85201 38007
23301 18638
25598 32970
96319 71932
87016 72556
08170 38007
16713 22173
48954 47719
50316 41823
42163 26430
41221 05349
23240 04602
04602 57283
95121 37928
04107 32979
74580 77615
45464 97798
26430 18421
72783 18117
74745 53048
39604 65192
91117 85201
87582 25297
31529 95111
99735 89617
67625 41722
32896 67930
88918 61345
70348 08043
82999 04107
98945 40298
68988 91995
95285 63143
41722 50053
13612 04933
37844 13004
94478 70529
85785 71864
25647 80320
42277 64164
76447 64509
32755 40298
50053 95111
21503 25647
42383 96319
27217 29542
41649 45537
93968 98436
90731 32001
10843 39625
22425 24648
67930 50053
33399 90732
95385 70279
72075 42277
26430 96698
97798 72928
72302 33570
68355 77424
44270 54282
82999 63900
49312 68988
95385 98945
97101 30920
96486 55536
60467 13367
74501 82260
57283 61345
45464 85574
59888 05349
80101 52236
25647 42371
99110 90732
20340 25087
10412 25598
12822 46655
32979 22310
72810 87291
90204 30920
05862 25734
87104 70623
08043 07479
87291 29063
40087 56134
69741 58852
84398 23301
72898 21199
94478 33006
85785 11717
76158 11913
90732 07751
35711 70529
38589 45637
80320 20340
51572 99778
85102 54029
51572 71509
32673 79921
67229 56134
24934 04635
67859 32979
59888 52602
87730 85102
55243 24210
95075 24259
05629 22593
79921 18832
11717 82999
66226 89617
49216 24259
11913 82569
51889 44051
23301 12409
60715 42024
26503 46489
00352 90731
12409 64405
77424 70259
33929 72810
85262 64164
26408 40298
42277 93817
22969 32673
63900 20340
92366 21947
72302 41221
53538 29063
27836 90633
23778 68988
64509 32755
83415 46655
67859 90731
54301 16713
41722 44270
56766 02664
47183 18421
40929 40087
00710 48629
21274 04005
22425 46470
55220 82569
72556 74580
99778 14056
32896 44270
77873 64509
32755 41770
11717 10505
61223 04005
18832 61345
57699 40298
71932 70529
67930 64164
62000 20340
41649 06994
54301 46470
12409 80101
32979 37618
18638 66398
22173 91117
38007 23190
67229 91865
62000 66398
47719 29542
27217 29962
56750 55220
90732 79997
70815 90731
87372 27599
16713 85574
72898 55536
22997 49312
51889 56750
30978 45464
81680 32755
00495 04107
90120 95385
87730 36755
05862 06775
74756 15950
50392 63195
87104 40087
92366 24210
50392 32366
41722 61002
65192 74580
11083 64812
98436 07751
48629 70348
79997 13019
98279 50053
96319 00352
91836 40194
20340 41016
10148 67930
67625 97798
33195 67625
01012 87730
01012 00710
94478 56134
60715 32755
79921 13749
89617 30999
49312 12822
22173 40397
26430 30593
46489 83035
11913 95285
42024 23778
95449 46655
13004 04107
96705 29542
46489 40929
04047 53626
68133 67229
65907 11564
58963 30978
90732 56860
38649 57750
31529 24210
11564 20689
44270 07479
26430 18638
27599 51889
25297 77424
33403 72783
39604 53387
90763 99735
56507 96698
86107 70259
95851 11564
30999 25598
53387 64812
56860 74841
97718 82260
58531 07777
22173 78031
33140 76775
55220 19842
38279 41221
10412 74821
04602 16800
05629 11923
12409 68365
21274 79997
47719 38007
07751 55536
94849 47719
82569 60715
46470 01012
93818 17182
32366 56507
22969 45957
57699 40397
37928 99110
59504 98279
05629 78031
97956 50053
72676 32366
97718 89617
50316 63195
20689 22173
12822 19842
07751 79997
68355 09665
46358 25647
49312 90204
90732 76447
13749 98280
97101 39938
82999 94478
99774 60197
22173 13019
97718 02664
54301 13612
27599 36971
82606 54569
98436 91995
67486 54636
39604 69741
15468 79921
54851 89617
21274 76158
82260 35288
24934 32970
30075 97956
14781 50053
69089 13932
98279 94864
35288 33570
15106 56134
77673 90763
42277 37928
35747 88344
51572 25647
72686 64405
98945 52891
56134 33929
99774 72810
67859 46358
88186 03012
84369 30978
89949 03133
76447 72075
46358 15262
16800 97718
80320 32673
42277 47719
00710 22425
13060 87291
49312 47719
27623 84398
74580 12409
18117 31397
67486 89617
33568 67859
91836 10505
74756 05862
78031 95111
76158 46470
13612 18117
15468 59888
10843 74391
95075 83415
52602 64812
06248 31529
05349 30593
29962 24259
82999 55367
70259 15950
27599 72783
90732 56860
57699 04933
96388 42383
63813 64405
30075 01629
32850 32755
40087 91865
21947 42277
25647 33568
35711 18421
Queries
13004 60197
17182 63143
27623 06775
04635 54301
77873 91117
59865 23301
52236 82999
59888 10148
85102 56507
68133 96319
53538 71509
39938 42371
65907 40929
07777 82606
15950 21199
97718 04107
61345 70815
56750 80320
79835 49312
40298 62257
24210 04602
13019 11717
89617 54636
38279 30978
30978 37618
61223 74756
40087 38589
90204 13060
14056 40087
94786 80320
81680 41722
96388 33399
13749 99774
35486 33403
47719 55220
87291 71509
47183 05629
97956 09665
17188 31529
69544 49216
91836 32001
35711 06994
84398 30075
09665 09665
91995 95385
57353 14056
76447 32001
72302 72928
32673 38589
76447 35747
05349 17182
95395 96996
23778 21503
12409 22969
68365 52236
55367 39604
95395 96486
91117 55683
18638 19842
48052 33403
18447 10843
72556 70623
03012 00495
00495 24259
45537 50053
32896 41221
96996 59888
87016 27217
30920 94478
52602 39625
42383 21947
15106 33399
87291 79921
97956 88186
50316 37844
25647 18832
04038 04635
42163 09665
93818 35288
60715 07479
64812 72783
05349 04038
98280 98279
04047 49312
51572 98279
05349 24934
60715 96996
65907 85574
97956 85262
83415 70815
27599 88344
52891 10843
65192 69544
17188 30999
91995 71864
12409 76132
91117 61345
70623 26503
03012 84369
61345 30999
71509 13612
80320 76158
36971 76447
05629 42371
22969 67486
65192 18421
27623 41221
70623 47183
16800 01629
30075 74501
36971 79997
93818 96388
33399 14056
05349 69544
31397 51572
50053 76158
98279 21274
03133 14056
21630 95449
04038 41722
94478 21199
61002 01012
01012 13004
72783 16800
60715 88076
33929 61002
55367 32896
45537 01012
42383 57353
76447 22485
26430 21503
70623 18421
32970 94478
08170 46470
89954 79997
13060 44684
32755 29962
93817 70259
91995 64164
66226 49332
40298 48629
93818 85785
52602 95111
87291 10505
64509 84369
93968 22593
02980 16800
52891 04602
20689 38007
56860 16800
18447 39938
69089 87582
06775 27836
95395 35711
18638 41772
71932 32366
42383 35724
70279 98279
39604 33929
21630 30920
48052 56766
27599 42163
99774 74841
95449 33403
96319 29962
70529 55683
53387 71932
74821 09665
46655 33399
38589 39625
67486 91865
90732 95449
74745 68133
50053 29542
67859 00495
56507 21274
56507 27217
04635 56134
84398 54149
89949 65192
19842 62000
35686 90633
42371 32366
32366 23190
85201 24259
37928 87582
88344 04602
42277 66226
54851 11717
22593 10148
74841 25087
45464 47559
32970 74821
38279 97101
08043 89617
09665 29542
88344 23190
40929 38007
22593 55683
55220 72928
21274 15262
32850 33929
71864 85102
46470 18117
76447 59888
71932 68355
64164 41770
65192 40194
85574 93968
72075 33567
55536 32979
00495 42371
72810 45637
08170 15468
56134 72676
97718 53538
13060 56507
35711 33399
68988 70348
86107 67486
99774 38649
55220 94849
74580 64164
74501 60467
72783 05190
00352 90204
49332 96388
64405 97718
72302 68133
03133 35724
32001 40397
94478 72928
49312 03133
53387 33399
99110 56134
56860 96698
81626 63813
51889 27836
63900 83415
39938 16800
85201 38589
15950 46470
33929 14781
96486 42277
13060 33567
95851 11083
64164 60467
48629 48629
96319 55220
94786 15468
05349 70279
42277 94849
74580 59865
57699 70348
38007 41770
94478 48954
45537 92366
55536 77615
18447 58963
51572 33929
06775 60790
11717 19842
42163 95075
38279 93817
22997 95395
67930 01629
74501 74745
52602 88076
72676 57750
79921 10505
62000 32896
55367 74756
05349 12409
21199 15468
46655 17182
39938 89949
77873 40194
07479 67930
30978 90120
32755 05190
33140 67625
12409 32896
74821 71932
22593 11923
54282 89954
93818 61223
95121 59504
16713 54282
49332 85102
72810 19842
95385 51572
22485 38279
52602 13367
30920 68355
63900 27599
33567 35747
27836 26408
04047 96319
42277 90633
32850 07777
42215 10148
77673 76132
62000 30978
72302 68988
70348 09665
06248 07479
99735 21947
61345 58531
12822 96705
38007 63900
80320 04602
54851 93817
83035 59865
13612 63143
13367 05629
11564 42371
41016 56507
52891 70279
89949 51889
93818 74391
88076 74821
36755 67229
32970 00352
25734 91117
93817 83035
46655 97101
30920 52891
37618 22593
90731 33567
29542 29063
86107 63143
46470 98280
57353 22425
12822 32970
13932 05239
95111 26503
89617 40397
07751 32970
07751 78031
25734 29063
97956 81626
38649 79921
42383 13060
59865 60197
87372 63143
16713 74391
60197 84398
97718 68365
58852 18638
33568 45464
13612 48052
67625 32366
86107 02980
41770 23240
97101 74756
03133 98436
11096 82999
13004 30978
18421 82606
44270 63813
74821 89954
95121 82260
22593 59865
63143 99778
65907 26441
35288 30920
15468 22593
64405 35724
21947 05629
08170 21630
32970 98436
70279 97798
95449 39625
94849 49216
74391 72686
52602 41823
14781 91865
26503 65907
82569 15950
24648 97718
79921 27599
56766 22997
09665 87016
94786 90120
52236 55536
95385 41649
11923 32366
36971 77873
11717 40087
70348 13060
96996 98436
07777 40087
05239 74745
03012 13060
61223 71864
93818 11564
09145 54301
96996 55683
56507 39604
61223 22997
38007 44270
65192 17188
00495 21274
63900 79835
32366 18832
53387 25647
87372 72556
22997 07751
54851 59865
54569 32979
55683 24648
70623 41016
42277 48052
03012 42371
46470 67859
95851 57699
39938 23190
44270 72556
35724 10843
98436 93817
13060 67486
66398 18638
32673 99735
22310 04038
32673 26408
Thinking
start 89617 src 89617
89617 91865 src 89617
89617 99735 src 89617
89617 66226 src 89617
89617 30999 src 89617
89617 97718 src 89617
89617 54851 src 89617
89617 67486 src 89617
91865 67229 src 89617
91865 40087 src 89617
99735 42215 src 89617
99735 90763 src 89617
66226 32001 src 89617
30999 04047 src 89617
30999 94478 src 89617
30999 05239 src 89617
30999 12409 src 89617
30999 25598 src 89617
97718 82260 src 89617
97718 02664 src 89617
97718 16800 src 89617
67486 54636 src 89617
67229 56134 src 89617
67229 68133 src 89617
40087 99774 src 89617
40087 40929 src 89617
40087 87104 src 89617
90763 26503 src 89617
90763 50392 src 89617
90763 77673 src 89617
32001 84398 src 89617
32001 90731 src 89617
04047 53626 src 89617
94478 70529 src 89617
94478 33006 src 89617
94478 82999 src 89617
12409 74391 src 89617
12409 23301 src 89617
12409 64405 src 89617
12409 80101 src 89617
12409 68365 src 89617
12409 74580 src 89617
25598 32970 src 89617
25598 10412 src 89617
82260 77424 src 89617
82260 74501 src 89617
82260 35288 src 89617
02664 40194 src 89617
02664 71864 src 89617
02664 56766 src 89617
16800 38279 src 89617
16800 04602 src 89617
56134 44684 src 89617
56134 15106 src 89617
56134 33929 src 89617
68133 80320 src 89617
99774 72686 src 89617
99774 60197 src 89617
99774 72810 src 89617
40929 46489 src 89617
87104 70623 src 89617
50392 63195 src 89617
50392 32366 src 89617
77673 00352 src 89617
84398 27623 src 89617
90731 67859 src 89617
90731 70815 src 89617
70529 72302 src 89617
70529 35711 src 89617
70529 71932 src 89617
33006 07777 src 89617
82999 37844 src 89617
82999 04107 src 89617
82999 63900 src 89617
82999 11717 src 89617
82999 55367 src 89617
74391 41016 src 89617
74391 98280 src 89617
74391 10843 src 89617
23301 26441 src 89617
23301 18638 src 89617
64405 63813 src 89617
80101 64857 src 89617
80101 52236 src 89617
68365 26430 src 89617
68365 02980 src 89617
74580 99778 src 89617
74580 77615 src 89617
74580 72556 src 89617
74580 65192 src 89617
32970 24934 src 89617
10412 81626 src 89617
10412 74821 src 89617
77424 71509 src 89617
77424 68355 src 89617
77424 70259 src 89617
77424 25297 src 89617
35288 88076 src 89617
35288 33570 src 89617
40194 85244 src 89617
40194 91836 src 89617
71864 85785 src 89617
38279 41221 src 89617
04602 23240 src 89617
04602 57283 src 89617
80320 74756 src 89617
80320 25647 src 89617
80320 20340 src 89617
80320 32673 src 89617
72810 87291 src 89617
46489 83035 src 89617
70623 59888 src 89617
63195 50316 src 89617
32366 56507 src 89617
32366 72676 src 89617
00352 96319 src 89617
67859 32979 src 89617
67859 46358 src 89617
67859 33568 src 89617
72302 33567 src 89617
35711 18421 src 89617
71932 18832 src 89617
71932 05349 src 89617
07777 58531 src 89617
37844 13004 src 89617
04107 00495 src 89617
63900 42383 src 89617
63900 89954 src 89617
11717 10505 src 89617
41016 76775 src 89617
98280 53387 src 89617
98280 13749 src 89617
10843 88186 src 89617
10843 39625 src 89617
18638 66398 src 89617
52236 05190 src 89617
26430 42163 src 89617
26430 96698 src 89617
26430 30593 src 89617
99778 51572 src 89617
99778 14056 src 89617
72556 87016 src 89617
65192 25087 src 89617
65192 39604 src 89617
24934 04635 src 89617
68355 09665 src 89617
70259 86107 src 89617
70259 15950 src 89617
25297 87582 src 89617
33570 06775 src 89617
57283 61345 src 89617
74756 29063 src 89617
74756 05862 src 89617
25647 21503 src 89617
25647 42371 src 89617
20340 62000 src 89617
32673 79921 src 89617
32673 22969 src 89617
87291 13060 src 89617
59888 52602 src 89617
59888 15468 src 89617
50316 41823 src 89617
56507 47559 src 89617
32979 22310 src 89617
32979 37618 src 89617
46358 15262 src 89617
33567 55683 src 89617
33567 29419 src 89617
18421 47183 src 89617
13004 69544 src 89617
00495 06994 src 89617
42383 96388 src 89617
76775 33140 src 89617
53387 64812 src 89617
88186 94786 src 89617
88186 03012 src 89617
25087 79835 src 89617
39604 69741 src 89617
61345 88918 src 89617
29063 53538 src 89617
05862 25734 src 89617
21503 09145 src 89617
79921 41649 src 89617
22969 45957 src 89617
37618 11083 src 89617
96388 54569 src 89617
94786 49332 src 89617
69741 58852 src 89617
41649 45537 src 89617
54569 82606 src 89617
start 78031 src 78031
78031 76158 src 78031
78031 22173 src 78031
78031 05629 src 78031
78031 95111 src 78031
76158 04038 src 78031
76158 38649 src 78031
76158 11913 src 78031
76158 21274 src 78031
76158 46470 src 78031
22173 54029 src 78031
22173 16713 src 78031
22173 91117 src 78031
22173 40397 src 78031
22173 20689 src 78031
22173 13019 src 78031
05629 22593 src 78031
05629 11923 src 78031
95111 98436 src 78031
95111 47719 src 78031
95111 31529 src 78031
95111 50053 src 78031
38649 90204 src 78031
38649 57750 src 78031
11913 87372 src 78031
11913 82569 src 78031
11913 95285 src 78031
21274 04005 src 78031
21274 79997 src 78031
46470 18447 src 78031
46470 22425 src 78031
46470 54301 src 78031
46470 01012 src 78031
54029 85102 src 78031
16713 85574 src 78031
91117 54282 src 78031
91117 85201 src 78031
40397 93818 src 78031
40397 57699 src 78031
20689 11564 src 78031
11923 24648 src 78031
98436 13367 src 78031
98436 93968 src 78031
98436 07751 src 78031
98436 91995 src 78031
47719 48954 src 78031
47719 29542 src 78031
47719 38007 src 78031
47719 94849 src 78031
47719 42277 src 78031
47719 49312 src 78031
31529 96705 src 78031
31529 24210 src 78031
31529 06248 src 78031
50053 41722 src 78031
50053 67930 src 78031
50053 98279 src 78031
50053 97956 src 78031
50053 14781 src 78031
90204 30920 src 78031
87372 95395 src 78031
87372 27599 src 78031
82569 45464 src 78031
82569 45637 src 78031
82569 55220 src 78031
82569 60715 src 78031
95285 63143 src 78031
04005 61223 src 78031
79997 90732 src 78031
22425 49216 src 78031
22425 00710 src 78031
54301 40298 src 78031
54301 13612 src 78031
01012 71878 src 78031
01012 87730 src 78031
85574 33399 src 78031
54282 44270 src 78031
93818 17182 src 78031
57699 04933 src 78031
11564 65907 src 78031
11564 95851 src 78031
13367 25970 src 78031
13367 60467 src 78031
07751 36755 src 78031
07751 55536 src 78031
91995 74745 src 78031
91995 68988 src 78031
29542 27217 src 78031
38007 08170 src 78031
38007 23190 src 78031
42277 64164 src 78031
42277 72075 src 78031
42277 93817 src 78031
42277 37928 src 78031
42277 21947 src 78031
49312 22997 src 78031
49312 12822 src 78031
96705 62257 src 78031
24210 55243 src 78031
24210 92366 src 78031
41722 67625 src 78031
41722 61002 src 78031
67930 30978 src 78031
67930 32896 src 78031
67930 10148 src 78031
98279 90633 src 78031
98279 11096 src 78031
98279 59504 src 78031
98279 94864 src 78031
97956 30075 src 78031
30920 97101 src 78031
27599 51889 src 78031
27599 36971 src 78031
27599 72783 src 78031
45464 97798 src 78031
45637 38589 src 78031
55220 56750 src 78031
55220 19842 src 78031
60715 35486 src 78031
60715 76132 src 78031
60715 42024 src 78031
60715 32755 src 78031
61223 01629 src 78031
90732 99110 src 78031
90732 56860 src 78031
90732 76447 src 78031
49216 48052 src 78031
49216 24259 src 78031
00710 54149 src 78031
00710 48629 src 78031
40298 98945 src 78031
40298 26408 src 78031
13612 18117 src 78031
33399 41772 src 78031
44270 72898 src 78031
44270 50482 src 78031
44270 07479 src 78031
36755 46655 src 78031
55536 96486 src 78031
74745 53048 src 78031
68988 60790 src 78031
68988 23778 src 78031
27217 29962 src 78031
64164 85262 src 78031
37928 95121 src 78031
62257 57353 src 78031
67625 33195 src 78031
30978 58963 src 78031
30978 84369 src 78031
90633 27836 src 78031
97101 39938 src 78031
51889 44051 src 78031
36971 35747 src 78031
72783 33403 src 78031
97798 72928 src 78031
35486 17188 src 78031
35486 89949 src 78031
32755 64509 src 78031
32755 41770 src 78031
32755 81680 src 78031
32755 32850 src 78031
56860 59865 src 78031
56860 74841 src 78031
24259 95075 src 78031
48629 70348 src 78031
98945 95385 src 78031
98945 52891 src 78031
18117 13932 src 78031
18117 31397 src 78031
72898 21199 src 78031
07479 35724 src 78031
07479 08043 src 78031
46655 83415 src 78031
46655 95449 src 78031
60790 35686 src 78031
85262 22485 src 78031
35747 88344 src 78031
33403 96996 src 78031
89949 03133 src 78031
64509 77873 src 78031
81680 21630 src 78031
95385 70279 src 78031
95385 90120 src 78031
13932 69089 src 78031
Output
13004 60197 yes
17182 63143 yes
27623 06775 yes
04635 54301 no
77873 91117 yes
59865 23301 no
52236 82999 yes
59888 10148 no
85102 56507 no
68133 96319 yes
53538 71509 yes
39938 42371 no
65907 40929 no
07777 82606 yes
15950 21199 no
97718 04107 yes
61345 70815 yes
56750 80320 no
79835 49312 no
40298 62257 yes
24210 04602 no
13019 11717 no
89617 54636 yes
38279 30978 no
30978 37618 no
61223 74756 no
40087 38589 no
90204 13060 no
14056 40087 yes
94786 80320 yes
81680 41722 yes
96388 33399 no
13749 99774 yes
35486 33403 yes
47719 55220 yes
87291 71509 yes
47183 05629 no
97956 09665 no
17188 31529 yes
69544 49216 no
91836 32001 yes
35711 06994 yes
84398 30075 no
09665 09665 yes
91995 95385 yes
57353 14056 no
76447 32001 no
72302 72928 no
32673 38589 no
76447 35747 yes
05349 17182 no
95395 96996 yes
23778 21503 no
12409 22969 yes
68365 52236 yes
55367 39604 yes
95395 96486 yes
91117 55683 no
18638 19842 no
48052 33403 yes
18447 10843 no
72556 70623 yes
03012 00495 yes
00495 24259 no
45537 50053 no
32896 41221 no
96996 59888 no
87016 27217 no
30920 94478 no
52602 39625 yes
42383 21947 no
15106 33399 no
87291 79921 yes
97956 88186 no
50316 37844 yes
25647 18832 yes
04038 04635 no
42163 09665 yes
93818 35288 no
60715 07479 yes
64812 72783 no
05349 04038 no
98280 98279 no
04047 49312 no
51572 98279 no
05349 24934 yes
60715 96996 yes
65907 85574 yes
97956 85262 yes
83415 70815 no
27599 88344 yes
52891 10843 no
65192 69544 yes
17188 30999 no
91995 71864 no
12409 76132 no
91117 61345 no
70623 26503 yes
03012 84369 no
61345 30999 yes
71509 13612 no
80320 76158 no
36971 76447 yes
05629 42371 no
22969 67486 yes
65192 18421 yes
27623 41221 yes
70623 47183 yes
16800 01629 no
30075 74501 no
36971 79997 yes
93818 96388 no
33399 14056 no
05349 69544 yes
31397 51572 no
50053 76158 yes
98279 21274 yes
03133 14056 no
21630 95449 yes
04038 41722 yes
94478 21199 no
61002 01012 yes
01012 13004 no
72783 16800 no
60715 88076 no
33929 61002 no
55367 32896 no
45537 01012 no
42383 57353 no
76447 22485 yes
26430 21503 yes
70623 18421 yes
32970 94478 yes
08170 46470 yes
89954 79997 no
13060 44684 yes
32755 29962 yes
93817 70259 no
91995 64164 yes
66226 49332 yes
40298 48629 yes
93818 85785 no
52602 95111 no
87291 10505 yes
64509 84369 yes
93968 22593 yes
02980 16800 yes
52891 04602 no
20689 38007 yes
56860 16800 no
18447 39938 yes
69089 87582 no
06775 27836 no
95395 35711 no
18638 41772 no
71932 32366 yes
42383 35724 no
70279 98279 yes
39604 33929 yes
21630 30920 yes
48052 56766 no
27599 42163 no
99774 74841 no
95449 33403 yes
96319 29962 no
70529 55683 yes
53387 71932 yes
74821 09665 yes
46655 33399 yes
38589 39625 no
67486 91865 yes
90732 95449 yes
74745 68133 no
50053 29542 yes
67859 00495 yes
56507 21274 no
56507 27217 no
04635 56134 yes
84398 54149 no
89949 65192 no
19842 62000 no
35686 90633 yes
42371 32366 yes
32366 23190 no
85201 24259 yes
37928 87582 no
88344 04602 no
42277 66226 no
54851 11717 yes
22593 10148 yes
74841 25087 no
45464 47559 no
32970 74821 yes
38279 97101 no
08043 89617 no
09665 29542 no
88344 23190 yes
40929 38007 no
22593 55683 no
55220 72928 yes
21274 15262 no
32850 33929 no
71864 85102 no
46470 18117 yes
76447 59888 no
71932 68355 yes
64164 41770 yes
65192 40194 yes
85574 93968 yes
72075 33567 no
55536 32979 no
00495 42371 yes
72810 45637 no
08170 15468 no
56134 72676 yes
97718 53538 yes
13060 56507 yes
35711 33399 no
68988 70348 yes
86107 67486 yes
99774 38649 no
55220 94849 yes
74580 64164 no
74501 60467 no
72783 05190 no
00352 90204 no
49332 96388 yes
64405 97718 yes
72302 68133 yes
03133 35724 yes
32001 40397 no
94478 72928 no
49312 03133 yes
53387 33399 no
99110 56134 no
56860 96698 no
81626 63813 yes
51889 27836 yes
63900 83415 no
39938 16800 no
85201 38589 yes
15950 46470 no
33929 14781 no
96486 42277 yes
13060 33567 yes
95851 11083 no
64164 60467 yes
48629 48629 yes
96319 55220 no
94786 15468 yes
05349 70279 no
42277 94849 yes
74580 59865 no
57699 70348 yes
38007 41770 yes
94478 48954 no
45537 92366 no
55536 77615 no
18447 58963 yes
51572 33929 yes
06775 60790 no
11717 19842 no
42163 95075 no
38279 93817 no
22997 95395 yes
67930 01629 yes
74501 74745 no
52602 88076 yes
72676 57750 no
79921 10505 yes
62000 32896 no
55367 74756 yes
05349 12409 yes
21199 15468 no
46655 17182 yes
39938 89949 yes
77873 40194 no
07479 67930 yes
30978 90120 yes
32755 05190 no
33140 67625 no
12409 32896 no
74821 71932 yes
22593 11923 yes
54282 89954 no
93818 61223 yes
95121 59504 yes
16713 54282 yes
49332 85102 no
72810 19842 no
95385 51572 no
22485 38279 no
52602 13367 no
30920 68355 no
63900 27599 no
33567 35747 no
27836 26408 yes
04047 96319 yes
42277 90633 yes
32850 07777 no
42215 10148 no
77673 76132 no
62000 30978 no
72302 68988 no
70348 09665 no
06248 07479 yes
99735 21947 no
61345 58531 yes
12822 96705 yes
38007 63900 no
80320 04602 yes
54851 93817 no
83035 59865 no
13612 63143 yes
13367 05629 yes
11564 42371 no
41016 56507 yes
52891 70279 yes
89949 51889 yes
93818 74391 no
88076 74821 yes
36755 67229 no
32970 00352 yes
25734 91117 no
93817 83035 no
46655 97101 yes
30920 52891 yes
37618 22593 no
90731 33567 yes
29542 29063 no
86107 63143 no
46470 98280 no
57353 22425 yes
12822 32970 no
13932 05239 no
95111 26503 no
89617 40397 no
07751 32970 no
07751 78031 yes
25734 29063 yes
97956 81626 no
38649 79921 no
42383 13060 yes
59865 60197 no
87372 63143 yes
16713 74391 no
60197 84398 yes
97718 68365 yes
58852 18638 yes
33568 45464 no
13612 48052 yes
67625 32366 no
86107 02980 yes
41770 23240 no
97101 74756 no
03133 98436 yes
11096 82999 no
13004 30978 no
18421 82606 yes
44270 63813 no
74821 89954 yes
95121 82260 no
22593 59865 yes
63143 99778 no
65907 26441 no
35288 30920 no
15468 22593 no
64405 35724 no
21947 05629 yes
08170 21630 yes
32970 98436 no
70279 97798 yes
95449 39625 no
94849 49216 yes
74391 72686 yes
52602 41823 yes
14781 91865 no
26503 65907 no
82569 15950 no
24648 97718 no
79921 27599 no
56766 22997 no
09665 87016 yes
94786 90120 no
52236 55536 no
95385 41649 no
11923 32366 no
36971 77873 yes
11717 40087 yes
70348 13060 no
96996 98436 yes
07777 40087 yes
05239 74745 no
03012 13060 yes
61223 71864 no
93818 11564 yes
09145 54301 no
96996 55683 no
56507 39604 yes
61223 22997 yes
38007 44270 yes
65192 17188 no
00495 21274 no
63900 79835 yes
32366 18832 yes
53387 25647 yes
87372 72556 no
22997 07751 yes
54851 59865 no
54569 32979 yes
55683 24648 no
70623 41016 yes
42277 48052 yes
03012 42371 yes
46470 67859 no
95851 57699 yes
39938 23190 yes
44270 72556 no
35724 10843 no
98436 93817 yes
13060 67486 yes
66398 18638 yes
32673 99735 yes
22310 04038 no
32673 26408 no
End
