Graph
0422 6841
1135 4281
7816 1424
1550 8991
4752 2198
1424 8912
4752 2946
9344 4752
6135 9231
8991 7017
7017 9231
7017 3865
5605 8991
9235 8912
0382 0382
2946 5672
9231 3865
6216 4752
2946 0946
0946 4752
8619 8318
1550 7017
0946 6565
7444 4281
9344 5809
4229 5809
8972 1424
6841 8619
5605 9811
5672 9823
9120 6841
4281 0382
8619 4752
6216 8619
0946 1424
9823 6565
9811 4488
5809 9235
2198 6216
5672 4752
8903 0382
4229 6565
4488 4281
2198 9120
0382 9231
9344 1424
3987 7444
1424 7816
8912 6216
5672 9823
4542 0422
4229 9120
1424 9344
9120 4752
5672 4752
3865 1858
8972 8912
3865 7444
0422 7816
6841 7816
5267 7444
9344 9344
8972 0946
7816 4542
2946 5809
4229 9235
7444 3865
8619 9235
7017 0382
5605 0149
2125 3046
9235 4542
8903 7017
6841 0946
1994 1994
5605 3046
4488 3046
8912 6841
1424 0946
4752 9120
9811 6135
5267 0149
8972 8912
2946 2946
7444 0149
6135 1550
7444 5605
6565 7816
1858 3987
6216 9235
9811 3046
7816 8912
5605 3865
8318 9235
9235 2946
4542 4542
8619 4229
1424 5672
9823 2198
5672 4752
1994 5605
0946 9344
8619 9235
0422 8318
4488 0382
9811 7017
6135 6135
4488 9231
6565 9823
5267 3046
0149 8991
7017 5605
4542 1424
4488 0149
8991 3865
2125 7017
7017 1858
4752 5809
3046 7017
2198 5672
Queries
1550 4281
3987 2946
4229 6216
1135 1135
8318 8991
2198 2198
9811 0149
8991 9344
0149 1135
2125 3865
1135 8903
2946 6841
9120 4752
9120 8991
9120 1994
3987 3865
6135 4281
4229 6135
7444 1858
6841 4488
5267 6216
8318 4488
8972 6216
2125 2125
8972 6565
8912 4281
4752 9235
7816 8991
0149 8991
9231 5267
0382 6135
9120 6565
9231 1135
0149 1135
0422 4542
6841 2198
1994 0422
8619 5267
6216 2946
9823 0382
8972 5672
5267 4229
0946 2946
5672 0382
7017 9235
4752 3046
2198 7017
1550 9344
8903 0382
3987 4752
6135 0946
0422 8912
7017 2125
8972 8318
6216 9231
7444 4488
7816 4542
2946 6135
8991 7444
6841 0946
2125 9344
0422 7816
1135 1550
6565 2946
9235 0382
8972 8972
4752 4542
7017 3046
9344 8972
2198 0946
8972 4542
2125 2198
8903 2198
7017 9823
9811 5605
6841 5267
3046 6135
1550 5672
4752 6841
1858 1135
0946 8972
6565 6841
6135 1550
4229 7816
8318 1550
9823 9811
7017 4281
Thinking
start 8619 src 8619
8619 8318 src 8619
8619 6841 src 8619
8619 4752 src 8619
8619 6216 src 8619
8619 9235 src 8619
8619 4229 src 8619
8318 0422 src 8619
6841 9120 src 8619
6841 7816 src 8619
6841 0946 src 8619
6841 8912 src 8619
4752 2198 src 8619
4752 2946 src 8619
4752 9344 src 8619
4752 5672 src 8619
4752 5809 src 8619
9235 4542 src 8619
4229 6565 src 8619
7816 1424 src 8619
0946 8972 src 8619
2198 9823 src 8619
start 7444 src 7444
7444 4281 src 7444
7444 3987 src 7444
7444 3865 src 7444
7444 5267 src 7444
7444 0149 src 7444
7444 5605 src 7444
4281 1135 src 7444
4281 0382 src 7444
4281 4488 src 7444
3987 1858 src 7444
3865 7017 src 7444
3865 9231 src 7444
3865 8991 src 7444
5267 3046 src 7444
5605 9811 src 7444
5605 1994 src 7444
0382 8903 src 7444
7017 1550 src 7444
7017 2125 src 7444
9231 6135 src 7444
Output
1550 4281 yes
3987 2946 no
4229 6216 yes
1135 1135 yes
8318 8991 no
2198 2198 yes
9811 0149 yes
8991 9344 no
0149 1135 yes
2125 3865 yes
1135 8903 yes
2946 6841 yes
9120 4752 yes
9120 8991 no
9120 1994 no
3987 3865 yes
6135 4281 yes
4229 6135 no
7444 1858 yes
6841 4488 no
5267 6216 no
8318 4488 no
8972 6216 yes
2125 2125 yes
8972 6565 yes
8912 4281 no
4752 9235 yes
7816 8991 no
0149 8991 yes
9231 5267 yes
0382 6135 yes
9120 6565 yes
9231 1135 yes
0149 1135 yes
0422 4542 yes
6841 2198 yes
1994 0422 no
8619 5267 no
6216 2946 yes
9823 0382 no
8972 5672 yes
5267 4229 no
0946 2946 yes
5672 0382 no
7017 9235 no
4752 3046 no
2198 7017 no
1550 9344 no
8903 0382 yes
3987 4752 no
6135 0946 no
0422 8912 yes
7017 2125 yes
8972 8318 yes
6216 9231 no
7444 4488 yes
7816 4542 yes
2946 6135 no
8991 7444 yes
6841 0946 yes
2125 9344 no
0422 7816 yes
1135 1550 yes
6565 2946 yes
9235 0382 no
8972 8972 yes
4752 4542 yes
7017 3046 yes
9344 8972 yes
2198 0946 yes
8972 4542 yes
2125 2198 no
8903 2198 no
7017 9823 no
9811 5605 yes
6841 5267 no
3046 6135 yes
1550 5672 no
4752 6841 yes
1858 1135 yes
0946 8972 yes
6565 6841 yes
6135 1550 yes
4229 7816 yes
8318 1550 no
9823 9811 no
7017 4281 yes
End
