Graph
6109 2429
1442 0008
0931 8593
2320 2429
2320 2429
6079 7240
3768 1094
9217 6164
2923 5443
6109 6810
6079 2320
2429 1094
8593 1442
6109 5424
9740 6079
0008 0339
0008 9154
0931 5872
1442 2621
5102 9217
2923 6164
0008 3841
9217 2320
7240 3768
1806 0008
6109 7240
0008 9601
7608 8813
2986 5102
6810 9217
5266 1348
6079 9217
9217 7240
1442 0575
0575 2035
4653 8813
9601 0693
6079 6079
2429 5443
8150 1442
4653 5872
0693 3591
7608 3591
5400 9740
1094 2320
8813 1013
1442 0575
7543 1806
3768 6109
4726 4653
0652 2923
4726 8813
0693 2621
6810 5266
3591 2035
5872 0693
5400 5424
8813 9154
2986 2986
8593 0575
9217 1348
1013 2621
1094 3768
0575 1013
2621 9154
0652 5102
2923 2923
8593 9948
5400 0652
9740 1348
7240 3768
3768 5443
0652 3768
6109 5400
9948 0931
5266 9217
3841 4726
3841 0575
8150 0575
2035 8150
0931 1442
1348 3768
5443 9217
0339 0339
2320 2429
3591 1013
7543 8593
9154 8150
3591 0339
4726 0693
6164 5102
5424 5400
Queries
9217 4653
3768 2986
3768 3768
1442 2429
9948 0575
5424 5266
0575 7240
2621 9740
3768 9948
3768 5443
2320 8813
5102 5424
0008 9740
0008 5872
4653 9740
1442 2035
1348 5102
5443 2320
0575 5266
9948 2923
6109 2621
1806 9217
0931 5102
1442 9217
2320 2923
8150 2429
1806 2986
6079 6164
3591 1094
9217 3768
2923 7240
0008 6810
6164 2986
1806 8813
0652 5443
7240 7543
4653 2429
2986 0931
7543 2429
7543 3841
3591 9154
1348 9740
9217 9217
2986 4653
6079 9601
0931 0931
4653 9154
1094 6164
9601 5872
5424 9217
0008 9154
5266 9154
2429 2923
5400 5424
8150 3768
0339 1094
7608 2429
7543 1094
5424 5872
0008 2429
9601 6079
6109 7608
1094 2923
5400 3768
2923 2035
4726 1442
7608 3591
8593 3841
5400 9601
7240 3768
9154 7240
3591 6164
5102 5872
5872 7240
8813 3591
0008 7240
9601 4726
7543 1348
8593 2986
6810 8150
Thinking
start 5400 src 5400
5400 9740 src 5400
5400 5424 src 5400
5400 0652 src 5400
5400 6109 src 5400
9740 6079 src 5400
9740 1348 src 5400
0652 2923 src 5400
0652 5102 src 5400
0652 3768 src 5400
6109 2429 src 5400
6109 6810 src 5400
6109 7240 src 5400
6079 2320 src 5400
6079 9217 src 5400
1348 5266 src 5400
2923 5443 src 5400
2923 6164 src 5400
5102 2986 src 5400
3768 1094 src 5400
start 0575 src 0575
0575 1442 src 0575
0575 2035 src 0575
0575 8593 src 0575
0575 1013 src 0575
0575 3841 src 0575
0575 8150 src 0575
1442 0008 src 0575
1442 2621 src 0575
1442 0931 src 0575
2035 3591 src 0575
8593 9948 src 0575
8593 7543 src 0575
1013 8813 src 0575
3841 4726 src 0575
8150 9154 src 0575
0008 0339 src 0575
0008 1806 src 0575
0008 9601 src 0575
2621 0693 src 0575
0931 5872 src 0575
3591 7608 src 0575
8813 4653 src 0575
Output
9217 4653 no
3768 2986 yes
3768 3768 yes
1442 2429 no
9948 0575 yes
5424 5266 yes
0575 7240 no
2621 9740 no
3768 9948 no
3768 5443 yes
2320 8813 no
5102 5424 yes
0008 9740 no
0008 5872 yes
4653 9740 no
1442 2035 yes
1348 5102 yes
5443 2320 yes
0575 5266 no
9948 2923 no
6109 2621 no
1806 9217 no
0931 5102 no
1442 9217 no
2320 2923 yes
8150 2429 no
1806 2986 no
6079 6164 yes
3591 1094 no
9217 3768 yes
2923 7240 yes
0008 6810 no
6164 2986 yes
1806 8813 yes
0652 5443 yes
7240 7543 no
4653 2429 no
2986 0931 no
7543 2429 no
7543 3841 yes
3591 9154 yes
1348 9740 yes
9217 9217 yes
2986 4653 no
6079 9601 no
0931 0931 yes
4653 9154 yes
1094 6164 yes
9601 5872 yes
5424 9217 yes
0008 9154 yes
5266 9154 no
2429 2923 yes
5400 5424 yes
8150 3768 no
0339 1094 no
7608 2429 no
7543 1094 no
5424 5872 no
0008 2429 no
9601 6079 no
6109 7608 no
1094 2923 yes
5400 3768 yes
2923 2035 no
4726 1442 yes
7608 3591 yes
8593 3841 yes
5400 9601 no
7240 3768 yes
9154 7240 no
3591 6164 no
5102 5872 no
5872 7240 no
8813 3591 yes
0008 7240 no
9601 4726 yes
7543 1348 no
8593 2986 no
6810 8150 no
End
