Graph
34532 56090
86650 15680
10231 72005
75574 04721
16541 20455
66474 73891
64193 72964
24570 05345
61458 78899
08630 83893
84381 22183
39579 10145
70373 54802
15718 60601
75574 93513
34338 33189
66474 52813
23505 43794
56504 79250
34555 79250
32869 46658
67191 51271
48811 34870
66474 61908
84381 26334
97115 09627
39458 98534
90736 05734
52743 54060
72085 67627
80907 85707
70997 24982
10231 72005
20455 61458
15680 81192
56630 75423
75574 02822
10489 19320
85081 85081
77317 24570
72964 69026
34532 33321
74154 61458
37594 15718
24570 77317
49896 91512
39579 15718
10145 09627
10231 47968
72964 22075
02619 31280
61727 04118
64193 69026
75423 69026
29122 43763
81192 18218
98689 76491
56090 79191
72773 13548
29122 21524
34317 54924
02822 22183
43222 57754
37594 47377
16646 72005
91512 51073
65834 10231
60601 43763
93358 34338
76491 63690
21322 77317
56513 61458
15718 53651
83475 30109
78899 76491
80907 87480
34174 10231
90736 34870
97115 10489
21429 70373
63690 51271
56504 26334
21524 61908
83893 11593
47539 83475
87480 22075
91647 15718
47377 60601
12157 34338
56630 22075
64683 08630
90736 03210
13548 28786
31059 46092
18218 46092
43794 40242
13934 64683
39845 72005
51400 79250
32869 18218
39845 78899
43763 47377
34317 34317
65834 56513
33189 43222
70373 49896
23505 60601
97115 19320
19320 34338
79191 43794
15718 53692
70997 39458
84381 22183
80907 39845
47377 97231
39845 37763
20983 97231
98037 34870
81192 24570
51073 72085
63690 64193
60601 85081
39458 08630
17480 93513
18639 67627
54060 67627
10489 43794
26334 04721
47968 51271
84381 22183
78899 56630
00318 24570
70373 46658
54924 34317
22183 03210
31280 46092
24570 93992
05734 08630
22075 69026
52813 19320
64683 08630
61908 43222
97115 37874
51271 56513
53692 91647
17480 56504
21429 54924
21054 34555
60601 85081
24982 27176
08630 42090
22183 27176
75574 05734
93992 51073
34338 28607
10251 63690
63690 16646
34870 24982
79191 28607
03210 21054
86650 67627
94842 48811
22075 10585
18218 13548
73891 97231
20983 21524
60601 39579
72005 16541
85707 10585
53651 79191
67627 24570
00318 07099
74154 34174
57754 97231
51271 65834
33189 21524
67627 91525
28786 67627
05953 63690
43222 79191
54924 31280
67627 21322
31059 18639
31280 49896
22183 48811
21524 39579
39458 68860
39845 63690
17480 83893
77317 18218
34663 39579
86650 15680
83475 31059
04721 42090
23505 37594
24570 93992
15680 34317
34663 61908
68860 94842
27176 51400
31280 18218
40242 61727
43794 34338
20455 10585
05734 27176
43794 09627
05345 18218
46092 32869
40242 73891
47377 93358
15680 30109
72773 91525
21524 15718
54924 51073
46092 81192
03210 68860
51271 10251
43794 91647
54060 93992
94842 08630
37763 80907
84381 39458
31059 30109
77317 49896
34532 97231
51400 90736
90736 83893
27176 79250
61908 23157
41422 33189
33189 66474
00415 84381
16646 34174
13934 90736
39458 79250
33321 43794
87480 67191
52743 21322
72085 05345
70997 04721
51400 94842
34663 79191
05345 77317
87480 65834
21322 70373
04118 47377
79250 90736
98037 13934
10585 37763
54802 28786
13548 02619
34174 72005
67191 37763
37594 21524
31280 07099
47377 10145
83475 15680
93513 34870
54060 47539
18639 83475
93992 46658
81674 28786
97231 33189
28607 56090
23505 97115
87480 98689
37874 23157
91525 91512
56630 67191
33189 28607
66474 10145
21429 54802
72964 74154
19320 12157
10251 47968
13934 00415
39845 74154
75423 87480
10585 47968
10585 20455
Queries
19320 79250
86650 15680
22075 56513
07099 05345
83893 93513
37763 61458
00415 21429
10231 97115
18639 24570
83893 68860
10231 22075
91512 09627
42090 48811
56630 20455
69026 11593
79250 74154
34174 26334
03210 08630
04118 51073
47539 10231
05953 23505
07099 40242
61908 81674
10489 04118
02619 46092
94842 65834
34174 04721
16646 22075
56090 09627
63690 54924
37874 10489
07099 18639
39458 34663
61458 34317
54060 21429
70997 56504
08630 98037
43794 90736
53651 34532
77317 47377
70373 83475
70997 43794
18218 08630
83893 70997
61908 24570
24982 48811
72005 91525
90736 52743
67627 80907
29122 60601
54802 97115
00415 64683
34870 93513
72964 21054
98534 37763
52813 52813
10231 72005
27176 93513
16541 10251
98534 51400
23157 57754
24982 34338
72773 47539
11593 10585
93513 16541
15718 46658
07099 54802
72964 87480
30109 37594
48811 37763
37594 73891
43794 39845
10231 65834
52813 03210
66474 47968
39458 27176
43794 21429
21054 11593
48811 34555
04118 16541
98534 24982
04721 10489
39579 56504
43794 73891
75574 39845
90736 11593
61727 76491
20455 20455
05953 41422
16646 47539
51271 15680
20983 39845
54060 67627
34532 33189
23505 43763
33321 10251
11593 43794
43222 53651
60601 28607
30109 94842
34317 64683
47377 47377
51073 70997
16541 20455
16646 64193
20455 13934
32869 93513
64683 97231
18218 28786
75574 09627
03210 75574
47377 53651
41422 43222
43794 26334
13548 27176
42090 93513
43222 69026
34663 04721
34555 56504
70373 77317
27176 39845
63690 37763
49896 63690
85081 34555
20983 61908
20455 37594
61727 98037
98534 98689
51271 47968
61908 60601
10231 23157
74154 28786
28786 46658
21054 21429
77317 24570
47968 98037
80907 74154
15680 11593
31280 54060
00415 39458
79250 56504
72773 31059
51271 93513
18218 61458
93513 34555
68860 13934
21524 56513
34174 69026
39458 70997
56504 13934
29122 28607
81192 54924
77317 11593
10231 80907
05953 72964
21524 60601
98534 42090
97231 37594
26334 48811
93358 34174
37594 80907
79250 91525
98037 05734
63690 10251
53651 83893
68860 21322
10585 16541
31059 15680
54802 28786
13934 34870
83475 87480
00318 42090
39458 39845
64193 75423
16646 78899
81192 13548
34532 47968
83475 34663
52743 46092
70373 18218
30109 30109
09627 40242
61908 64683
56504 61458
39579 23157
30109 18218
11593 65834
20983 34870
85707 67627
05734 26334
34317 10231
16646 15680
18639 41422
39845 98689
56504 34870
09627 37874
81674 29122
39845 34174
17480 53692
70997 51271
23505 42090
29122 10145
34317 72773
72005 61458
22075 51073
47539 42090
43794 37874
37594 16541
24982 34555
10585 28607
16541 13548
64683 54924
97231 00415
80907 97115
00415 72964
56630 05345
13548 02822
18639 21322
10251 18218
80907 40242
21322 51400
70997 98534
04118 12157
08630 72964
08630 46658
34532 28607
48811 46658
32869 98534
47539 72005
56513 47968
16541 39579
24982 56513
80907 29122
42090 08630
86650 98037
85707 97231
56504 98534
21429 53651
31280 08630
16646 12157
53651 97115
67627 21322
07099 05345
81192 91512
18218 70997
37594 97231
57754 33189
39579 43794
83475 05734
10585 53651
39458 21054
54802 07099
74154 22075
31059 53651
46658 46658
48811 43222
00415 56504
78899 61458
69026 04118
53651 74154
18218 75574
54802 21054
39579 43763
33321 67191
47968 39845
34532 81674
63690 39458
10585 76491
00318 86650
72964 74154
34663 75574
84381 51271
66474 43794
04118 66474
98689 33189
80907 16541
02619 02822
21054 42090
02822 24982
34663 10585
10145 48811
05953 63690
43763 02822
43794 64193
13548 39579
56630 51271
48811 43763
57754 00318
18218 86650
34174 78899
32869 77317
78899 22075
93513 04118
24570 67191
39845 46092
69026 72005
05734 94842
98534 94842
26334 65834
02822 70373
81192 22183
56630 87480
54924 05345
78899 98689
24570 10145
20455 39845
61727 41422
28607 32869
70997 09627
61458 39845
51073 49896
33189 18639
19320 53651
72964 94842
53651 83893
37594 39458
97231 49896
83475 98037
Thinking
start 83893 src 83893
83893 08630 src 83893
83893 11593 src 83893
83893 17480 src 83893
83893 90736 src 83893
08630 64683 src 83893
08630 39458 src 83893
08630 05734 src 83893
08630 42090 src 83893
08630 94842 src 83893
17480 93513 src 83893
17480 56504 src 83893
90736 34870 src 83893
90736 03210 src 83893
90736 51400 src 83893
90736 13934 src 83893
90736 79250 src 83893
39458 98534 src 83893
39458 70997 src 83893
39458 68860 src 83893
39458 84381 src 83893
05734 75574 src 83893
05734 27176 src 83893
42090 04721 src 83893
94842 48811 src 83893
56504 26334 src 83893
34870 98037 src 83893
34870 24982 src 83893
03210 22183 src 83893
03210 21054 src 83893
13934 00415 src 83893
79250 34555 src 83893
75574 02822 src 83893
start 77317 src 77317
77317 24570 src 77317
77317 21322 src 77317
77317 18218 src 77317
77317 49896 src 77317
77317 05345 src 77317
24570 81192 src 77317
24570 00318 src 77317
24570 93992 src 77317
24570 67627 src 77317
21322 52743 src 77317
21322 70373 src 77317
18218 46092 src 77317
18218 32869 src 77317
18218 13548 src 77317
18218 31280 src 77317
49896 91512 src 77317
05345 72085 src 77317
81192 15680 src 77317
00318 07099 src 77317
93992 51073 src 77317
93992 54060 src 77317
93992 46658 src 77317
67627 18639 src 77317
67627 86650 src 77317
67627 91525 src 77317
67627 28786 src 77317
70373 54802 src 77317
70373 21429 src 77317
46092 31059 src 77317
13548 72773 src 77317
13548 02619 src 77317
31280 54924 src 77317
15680 34317 src 77317
15680 30109 src 77317
15680 83475 src 77317
54060 47539 src 77317
28786 81674 src 77317
start 39845 src 39845
39845 72005 src 39845
39845 78899 src 39845
39845 80907 src 39845
39845 37763 src 39845
39845 63690 src 39845
39845 74154 src 39845
72005 10231 src 39845
72005 16646 src 39845
72005 16541 src 39845
72005 34174 src 39845
78899 61458 src 39845
78899 76491 src 39845
78899 56630 src 39845
80907 85707 src 39845
80907 87480 src 39845
37763 10585 src 39845
37763 67191 src 39845
63690 51271 src 39845
63690 64193 src 39845
63690 10251 src 39845
63690 05953 src 39845
74154 72964 src 39845
10231 47968 src 39845
10231 65834 src 39845
16541 20455 src 39845
61458 56513 src 39845
76491 98689 src 39845
56630 75423 src 39845
56630 22075 src 39845
64193 69026 src 39845
start 47377 src 47377
47377 37594 src 47377
47377 60601 src 47377
47377 43763 src 47377
47377 97231 src 47377
47377 93358 src 47377
47377 04118 src 47377
47377 10145 src 47377
37594 15718 src 47377
37594 23505 src 47377
37594 21524 src 47377
60601 85081 src 47377
60601 39579 src 47377
43763 29122 src 47377
97231 20983 src 47377
97231 73891 src 47377
97231 57754 src 47377
97231 34532 src 47377
97231 33189 src 47377
93358 34338 src 47377
04118 61727 src 47377
10145 09627 src 47377
10145 66474 src 47377
15718 53651 src 47377
15718 91647 src 47377
15718 53692 src 47377
23505 43794 src 47377
23505 97115 src 47377
21524 61908 src 47377
39579 34663 src 47377
73891 40242 src 47377
57754 43222 src 47377
34532 56090 src 47377
34532 33321 src 47377
33189 41422 src 47377
33189 28607 src 47377
34338 12157 src 47377
34338 19320 src 47377
66474 52813 src 47377
53651 79191 src 47377
43794 10489 src 47377
97115 37874 src 47377
61908 23157 src 47377
Output
19320 79250 no
86650 15680 yes
22075 56513 yes
07099 05345 yes
83893 93513 yes
37763 61458 yes
00415 21429 no
10231 97115 no
18639 24570 yes
83893 68860 yes
10231 22075 yes
91512 09627 no
42090 48811 yes
56630 20455 yes
69026 11593 no
79250 74154 no
34174 26334 no
03210 08630 yes
04118 51073 no
47539 10231 no
05953 23505 no
07099 40242 no
61908 81674 no
10489 04118 yes
02619 46092 yes
94842 65834 no
34174 04721 no
16646 22075 yes
56090 09627 yes
63690 54924 no
37874 10489 yes
07099 18639 yes
39458 34663 no
61458 34317 no
54060 21429 yes
70997 56504 yes
08630 98037 yes
43794 90736 no
53651 34532 yes
77317 47377 no
70373 83475 yes
70997 43794 no
18218 08630 no
83893 70997 yes
61908 24570 no
24982 48811 yes
72005 91525 no
90736 52743 no
67627 80907 no
29122 60601 yes
54802 97115 no
00415 64683 yes
34870 93513 yes
72964 21054 no
98534 37763 no
52813 52813 yes
10231 72005 yes
27176 93513 yes
16541 10251 yes
98534 51400 yes
23157 57754 yes
24982 34338 no
72773 47539 yes
11593 10585 no
93513 16541 no
15718 46658 no
07099 54802 yes
72964 87480 yes
30109 37594 no
48811 37763 no
37594 73891 yes
43794 39845 no
10231 65834 yes
52813 03210 no
66474 47968 no
39458 27176 yes
43794 21429 no
21054 11593 yes
48811 34555 yes
04118 16541 no
98534 24982 yes
04721 10489 no
39579 56504 no
43794 73891 yes
75574 39845 no
90736 11593 yes
61727 76491 no
20455 20455 yes
05953 41422 no
16646 47539 no
51271 15680 no
20983 39845 no
54060 67627 yes
34532 33189 yes
23505 43763 yes
33321 10251 no
11593 43794 no
43222 53651 yes
60601 28607 yes
30109 94842 no
34317 64683 no
47377 47377 yes
51073 70997 no
16541 20455 yes
16646 64193 yes
20455 13934 no
32869 93513 no
64683 97231 no
18218 28786 yes
75574 09627 no
03210 75574 yes
47377 53651 yes
41422 43222 yes
43794 26334 no
13548 27176 no
42090 93513 yes
43222 69026 no
34663 04721 no
34555 56504 yes
70373 77317 yes
27176 39845 no
63690 37763 yes
49896 63690 no
85081 34555 no
20983 61908 yes
20455 37594 no
61727 98037 no
98534 98689 no
51271 47968 yes
61908 60601 yes
10231 23157 no
74154 28786 no
28786 46658 yes
21054 21429 no
77317 24570 yes
47968 98037 no
80907 74154 yes
15680 11593 no
31280 54060 yes
00415 39458 yes
79250 56504 yes
72773 31059 yes
51271 93513 no
18218 61458 no
93513 34555 yes
68860 13934 yes
21524 56513 no
34174 69026 yes
39458 70997 yes
56504 13934 yes
29122 28607 yes
81192 54924 yes
77317 11593 no
10231 80907 yes
05953 72964 yes
21524 60601 yes
98534 42090 yes
97231 37594 yes
26334 48811 yes
93358 34174 no
37594 80907 no
79250 91525 no
98037 05734 yes
63690 10251 yes
53651 83893 no
68860 21322 no
10585 16541 yes
31059 15680 yes
54802 28786 yes
13934 34870 yes
83475 87480 no
00318 42090 no
39458 39845 no
64193 75423 yes
16646 78899 yes
81192 13548 yes
34532 47968 no
83475 34663 no
52743 46092 yes
70373 18218 yes
30109 30109 yes
09627 40242 yes
61908 64683 no
56504 61458 no
39579 23157 yes
30109 18218 yes
11593 65834 no
20983 34870 no
85707 67627 no
05734 26334 yes
34317 10231 no
16646 15680 no
18639 41422 no
39845 98689 yes
56504 34870 yes
09627 37874 yes
81674 29122 no
39845 34174 yes
17480 53692 no
70997 51271 no
23505 42090 no
29122 10145 yes
34317 72773 yes
72005 61458 yes
22075 51073 no
47539 42090 no
43794 37874 yes
37594 16541 no
24982 34555 yes
10585 28607 no
16541 13548 no
64683 54924 no
97231 00415 no
80907 97115 no
00415 72964 no
56630 05345 no
13548 02822 no
18639 21322 yes
10251 18218 no
80907 40242 no
21322 51400 no
70997 98534 yes
04118 12157 yes
08630 72964 no
08630 46658 no
34532 28607 yes
48811 46658 no
32869 98534 no
47539 72005 no
56513 47968 yes
16541 39579 no
24982 56513 no
80907 29122 no
42090 08630 yes
86650 98037 no
85707 97231 no
56504 98534 yes
21429 53651 no
31280 08630 no
16646 12157 no
53651 97115 yes
67627 21322 yes
07099 05345 yes
81192 91512 yes
18218 70997 no
37594 97231 yes
57754 33189 yes
39579 43794 yes
83475 05734 no
10585 53651 no
39458 21054 yes
54802 07099 yes
74154 22075 yes
31059 53651 no
46658 46658 yes
48811 43222 no
00415 56504 yes
78899 61458 yes
69026 04118 no
53651 74154 no
18218 75574 no
54802 21054 no
39579 43763 yes
33321 67191 no
47968 39845 yes
34532 81674 no
63690 39458 no
10585 76491 yes
00318 86650 yes
72964 74154 yes
34663 75574 no
84381 51271 no
66474 43794 yes
04118 66474 yes
98689 33189 no
80907 16541 yes
02619 02822 no
21054 42090 yes
02822 24982 yes
34663 10585 no
10145 48811 no
05953 63690 yes
43763 02822 no
43794 64193 no
13548 39579 no
56630 51271 yes
48811 43763 no
57754 00318 no
18218 86650 yes
34174 78899 yes
32869 77317 yes
78899 22075 yes
93513 04118 no
24570 67191 no
39845 46092 no
69026 72005 yes
05734 94842 yes
98534 94842 yes
26334 65834 no
02822 70373 no
81192 22183 no
56630 87480 yes
54924 05345 yes
78899 98689 yes
24570 10145 no
20455 39845 yes
61727 41422 yes
28607 32869 no
70997 09627 no
61458 39845 yes
51073 49896 yes
33189 18639 no
19320 53651 yes
72964 94842 no
53651 83893 no
37594 39458 no
97231 49896 no
83475 98037 no
End
