Graph
7020 8364
3457 4831
4913 4995
1511 1271
3697 2633
6611 1590
9842 8364
8364 7020
4823 6742
7750 7019
2423 7996
6201 6209
7830 4286
4976 2977
6201 0363
3697 2034
1590 6742
9856 5850
6611 8815
1140 2977
0363 4831
7019 9856
8015 2633
7830 1140
6742 4859
4859 8815
2977 7830
2423 1162
2423 2633
8586 7750
2034 1162
1140 4286
7417 4995
4976 9842
6742 8586
0363 6348
1511 5783
8364 4976
5783 2034
5416 4913
8586 6742
6348 3457
0363 0363
1271 8015
6201 6209
7020 4286
4286 4976
4913 5416
4859 8815
0363 6209
1271 2633
1162 4499
9077 8586
6201 6185
5416 4995
4499 8015
5416 7417
6431 6209
1162 4499
2061 5416
0363 6201
4823 6742
0102 5783
7750 7019
1162 2633
1140 8364
6431 4831
4859 6742
4859 8586
8586 8815
7678 7996
7417 2061
6611 6742
4831 6201
8015 8472
2423 7996
3697 0102
6201 6431
4859 7750
5783 2034
6185 6185
9856 7019
9842 5488
9856 8586
Queries
5416 2977
2034 2423
2423 8815
4286 1162
6201 5783
5850 9077
6611 2633
5488 3697
5783 4831
4859 2633
2977 8364
3457 7417
8364 0363
4995 6431
6185 7678
2977 7020
6209 4995
5488 7996
5850 2977
4995 7417
6348 3457
1140 4823
9077 4976
4286 7830
2633 7750
8364 1140
1162 4859
9856 4913
7019 7417
8015 3697
7678 9856
7996 7996
6201 2061
1140 9842
7750 7750
2061 4913
6185 2061
7019 2061
6201 6185
2977 2034
4823 8815
2423 2034
4831 4499
6611 4859
7020 9842
6209 3457
4995 7417
8364 4976
1140 4859
6611 5783
2034 8586
7417 2977
7830 5416
4913 2061
1271 6611
0102 7996
4499 3697
6742 6209
4913 5488
1162 7996
8586 9856
9077 8586
6742 4913
7417 7417
0363 8815
7417 9077
7020 8364
7417 3697
3457 4499
5416 2977
7020 5488
1162 2061
7417 8364
5416 2061
5488 5850
4913 4913
4823 6742
8015 4913
2061 2061
9856 8586
4913 4913
1511 1590
6209 7020
4995 4995
3457 6185
5488 7750
4499 1511
4995 4913
7417 4913
3457 2061
6431 6431
Thinking
start 4976 src 4976
4976 2977 src 4976
4976 9842 src 4976
4976 8364 src 4976
4976 4286 src 4976
2977 1140 src 4976
2977 7830 src 4976
9842 5488 src 4976
8364 7020 src 4976
start 8586 src 8586
8586 7750 src 8586
8586 6742 src 8586
8586 9077 src 8586
8586 4859 src 8586
8586 8815 src 8586
8586 9856 src 8586
7750 7019 src 8586
6742 4823 src 8586
6742 1590 src 8586
6742 6611 src 8586
9856 5850 src 8586
start 1162 src 1162
1162 2423 src 1162
1162 2034 src 1162
1162 4499 src 1162
1162 2633 src 1162
2423 7996 src 1162
2034 3697 src 1162
2034 5783 src 1162
4499 8015 src 1162
2633 1271 src 1162
7996 7678 src 1162
3697 0102 src 1162
5783 1511 src 1162
8015 8472 src 1162
start 6201 src 6201
6201 6209 src 6201
6201 0363 src 6201
6201 6185 src 6201
6201 4831 src 6201
6201 6431 src 6201
0363 6348 src 6201
4831 3457 src 6201
start 5416 src 5416
5416 4913 src 5416
5416 4995 src 5416
5416 7417 src 5416
5416 2061 src 5416
Output
5416 2977 no
2034 2423 yes
2423 8815 no
4286 1162 no
6201 5783 no
5850 9077 yes
6611 2633 no
5488 3697 no
5783 4831 no
4859 2633 no
2977 8364 yes
3457 7417 no
8364 0363 no
4995 6431 no
6185 7678 no
2977 7020 yes
6209 4995 no
5488 7996 no
5850 2977 no
4995 7417 yes
6348 3457 yes
1140 4823 no
9077 4976 no
4286 7830 yes
2633 7750 no
8364 1140 yes
1162 4859 no
9856 4913 no
7019 7417 no
8015 3697 yes
7678 9856 no
7996 7996 yes
6201 2061 no
1140 9842 yes
7750 7750 yes
2061 4913 yes
6185 2061 no
7019 2061 no
6201 6185 yes
2977 2034 no
4823 8815 yes
2423 2034 yes
4831 4499 no
6611 4859 yes
7020 9842 yes
6209 3457 yes
4995 7417 yes
8364 4976 yes
1140 4859 no
6611 5783 no
2034 8586 no
7417 2977 no
7830 5416 no
4913 2061 yes
1271 6611 no
0102 7996 yes
4499 3697 yes
6742 6209 no
4913 5488 no
1162 7996 yes
8586 9856 yes
9077 8586 yes
6742 4913 no
7417 7417 yes
0363 8815 no
7417 9077 no
7020 8364 yes
7417 3697 no
3457 4499 no
5416 2977 no
7020 5488 yes
1162 2061 no
7417 8364 no
5416 2061 yes
5488 5850 no
4913 4913 yes
4823 6742 yes
8015 4913 no
2061 2061 yes
9856 8586 yes
4913 4913 yes
1511 1590 no
6209 7020 no
4995 4995 yes
3457 6185 yes
5488 7750 no
4499 1511 yes
4995 4913 yes
7417 4913 yes
3457 2061 no
6431 6431 yes
End
