Graph
1794 7270
3668 4982
1581 9898
4568 0308
7269 7269
8738 4797
6623 8624
6623 3668
7269 1461
6666 1835
8738 4797
1794 2036
0180 7270
7985 4852
1461 4009
4797 3668
0308 4962
2497 7985
1866 5089
9898 4724
2036 7425
9335 7269
1835 0335
7366 0615
9789 1835
2021 4797
2497 7606
0335 7985
3442 1866
7425 9335
7985 1835
9188 3668
7270 1794
7366 6955
9898 0709
1866 4852
4724 0615
8624 9188
2497 7606
4982 8738
4982 8738
4797 4982
6662 1835
3668 4982
6955 4724
1866 6666
7425 7425
6666 7985
6955 9791
0308 4962
4962 1581
7269 7270
6623 8738
2021 3668
5089 6666
9335 7665
1461 4009
9789 3442
7366 4724
9789 7606
0180 7665
7985 2497
6623 8738
3668 9188
5089 0335
7985 7985
2497 1866
4724 6955
6666 0335
4962 7366
4797 6623
4568 9898
8624 6623
6666 1835
6666 3442
4982 8738
2036 7425
0709 4724
7665 7269
1835 1835
2021 8624
1794 4009
2036 7665
9898 0615
2021 3668
1794 0180
7425 7270
7665 7425
4724 4724
5089 7985
4962 4962
0308 9791
9258 9791
7665 7425
0335 1866
4797 4982
7269 7270
4568 0615
1794 1794
6955 9791
6623 8624
4982 3668
9789 6662
0180 7665
7269 4009
9188 4982
9789 6662
2021 6623
1794 1461
2036 7269
1835 9789
4009 2036
1581 4724
5089 7985
4982 2021
Queries
0709 9258
4724 6955
4852 7606
1835 5089
4982 1794
4797 4982
4568 1794
7366 2036
5089 1461
7985 2497
3668 7270
9188 2036
1835 6662
0709 4797
7425 1835
1866 5089
4982 2497
9335 0335
6662 1461
8738 8738
2021 8738
8738 4982
5089 4852
9335 9188
7985 7269
1581 0615
7985 4009
7425 7366
9335 1835
6623 7425
0180 7606
4568 0335
7665 4009
3442 1866
7665 7985
6662 3442
7270 7665
7665 9789
7269 4009
4797 8738
0335 2497
3668 6623
4852 4568
9898 6955
4982 4962
0335 8624
0615 9188
4797 1835
1794 8738
3442 7606
9789 1581
0308 0308
9335 7269
6623 2021
3442 2497
7425 3442
7665 9898
9188 3668
7270 9335
7270 7366
6666 0335
9258 1581
8624 8624
7366 1581
9791 1866
7270 8738
4724 0180
3668 8738
8624 2021
8738 9188
1794 7665
9335 2497
4982 0709
1866 0180
0308 4982
9335 7270
0615 7270
7270 4982
6662 1866
4724 2021
6666 6662
Thinking
start 4009 src 4009
4009 1461 src 4009
4009 1794 src 4009
4009 7269 src 4009
4009 2036 src 4009
1794 7270 src 4009
1794 0180 src 4009
7269 9335 src 4009
7269 7665 src 4009
2036 7425 src 4009
start 7985 src 7985
7985 4852 src 7985
7985 2497 src 7985
7985 0335 src 7985
7985 1835 src 7985
7985 6666 src 7985
7985 5089 src 7985
4852 1866 src 7985
2497 7606 src 7985
1835 9789 src 7985
1835 6662 src 7985
6666 3442 src 7985
start 9188 src 9188
9188 3668 src 9188
9188 8624 src 9188
9188 4982 src 9188
3668 6623 src 9188
3668 4797 src 9188
3668 2021 src 9188
4982 8738 src 9188
start 9791 src 9791
9791 6955 src 9791
9791 0308 src 9791
9791 9258 src 9791
6955 7366 src 9791
6955 4724 src 9791
0308 4568 src 9791
0308 4962 src 9791
7366 0615 src 9791
4724 9898 src 9791
4724 0709 src 9791
4724 1581 src 9791
Output
0709 9258 yes
4724 6955 yes
4852 7606 yes
1835 5089 yes
4982 1794 no
4797 4982 yes
4568 1794 no
7366 2036 no
5089 1461 no
7985 2497 yes
3668 7270 no
9188 2036 no
1835 6662 yes
0709 4797 no
7425 1835 no
1866 5089 yes
4982 2497 no
9335 0335 no
6662 1461 no
8738 8738 yes
2021 8738 yes
8738 4982 yes
5089 4852 yes
9335 9188 no
7985 7269 no
1581 0615 yes
7985 4009 no
7425 7366 no
9335 1835 no
6623 7425 no
0180 7606 no
4568 0335 no
7665 4009 yes
3442 1866 yes
7665 7985 no
6662 3442 yes
7270 7665 yes
7665 9789 no
7269 4009 yes
4797 8738 yes
0335 2497 yes
3668 6623 yes
4852 4568 no
9898 6955 yes
4982 4962 no
0335 8624 no
0615 9188 no
4797 1835 no
1794 8738 no
3442 7606 yes
9789 1581 no
0308 0308 yes
9335 7269 yes
6623 2021 yes
3442 2497 yes
7425 3442 no
7665 9898 no
9188 3668 yes
7270 9335 yes
7270 7366 no
6666 0335 yes
9258 1581 yes
8624 8624 yes
7366 1581 yes
9791 1866 no
7270 8738 no
4724 0180 no
3668 8738 yes
8624 2021 yes
8738 9188 yes
1794 7665 yes
9335 2497 no
4982 0709 no
1866 0180 no
0308 4982 no
9335 7270 yes
0615 7270 no
7270 4982 no
6662 1866 yes
4724 2021 no
6666 6662 yes
End
