Graph
98789 99943
72881 93431
56750 50267
32825 31538
91031 41351
68054 78260
02834 61446
06218 41016
69415 66227
55627 59028
25116 68415
96505 87307
19986 45783
97477 28269
68447 41016
01738 02716
16193 87307
84521 45783
51943 63501
23431 90602
32320 35971
63309 31538
55803 61446
26362 21676
39387 81456
18387 00855
06829 24171
44175 84119
15081 76519
50408 33570
86419 61270
98789 14168
96904 21415
38867 03561
99762 57919
06325 74258
08184 97477
11432 92077
55627 23695
94732 66669
25116 70488
46005 06218
84501 96123
78168 28269
73473 24171
52620 87632
44111 54799
02834 55803
11432 83776
00855 96123
39387 54116
06692 36884
82635 44159
92737 03561
21503 63068
24171 84119
14168 39824
05681 22290
03361 17275
17275 15932
97477 08184
65311 06973
59648 84521
81456 72025
39951 78168
66227 68054
83776 59298
46939 31538
23431 54581
52620 37568
91977 25316
10984 44721
87307 08184
91031 56831
33570 17877
06568 27655
91031 06325
90401 94779
38867 28269
30804 44175
64111 68415
39951 97477
56684 06829
61446 14168
41733 78499
23695 23295
22290 73489
08184 94779
72025 11439
41351 18865
44721 44175
54743 56750
56684 73489
37842 70933
22900 65311
64111 30588
54581 35947
88069 50885
01738 32320
37842 10520
39824 78168
28269 94069
44175 21812
46092 16193
36067 92077
23695 66688
32772 07230
01056 91031
05069 07230
78499 41351
69415 65311
40845 32772
44721 17877
03361 05069
29750 96904
88787 43313
94779 98789
94732 94069
15081 96401
93431 25116
23068 37842
63309 32320
16858 46939
23068 07979
54743 66688
70085 63440
44111 46939
31538 32825
72416 10504
76519 10984
16858 39951
39387 44159
44111 02716
40459 83776
23431 90602
97477 27655
90401 70694
21812 73473
74385 03688
05069 07639
43313 35971
99762 42901
64111 39824
96401 65600
06829 82635
24171 50408
05681 11432
05069 09004
73489 80771
02954 61478
23295 86794
41351 03561
13684 86794
22164 64111
40459 17186
33570 96401
17186 44175
54581 46830
84521 08254
56684 53560
19460 83776
33963 50267
10984 19460
92077 13684
15932 04779
53560 17186
27655 66600
90631 02954
24702 37568
69051 82017
92737 54799
17877 17186
19460 30804
65600 45783
48531 18387
65742 43313
88069 46092
29750 20575
11670 37842
54743 69415
14168 21415
98789 14168
23295 10984
27580 06325
24702 15081
07230 46939
08184 06568
57919 88069
16858 46092
46092 07639
03361 43313
21415 94069
84521 19460
52620 84521
65742 03688
48531 65600
23295 73473
63440 30588
30804 81456
41351 41351
16193 38867
88069 06218
30804 59028
05069 42112
61446 97477
66688 13387
21138 21503
56526 88787
64111 16858
30804 76519
22290 86794
83776 24171
50885 90948
86794 69497
51989 70488
21503 46830
61270 68415
03361 44111
68447 06325
86419 72285
06568 66669
93431 06692
39824 87745
98961 54311
03688 72881
11432 36067
92538 90602
84501 08254
94069 42901
31839 14168
68415 46005
17186 69497
69415 22900
63068 56750
46939 17275
11432 84521
74258 98789
08151 61478
68415 99762
37162 99943
95729 68352
54743 39984
38867 06218
73240 06218
46939 98979
65311 44175
30804 25316
31538 70488
42112 02954
44175 59915
20575 70085
65600 00855
88787 14168
54581 72416
06692 46092
59298 00855
17940 14168
96401 59298
23695 55627
04779 61270
08254 36067
38682 69497
99762 02954
56684 33963
48531 21812
30588 01056
17940 51943
98961 56526
38867 21415
54581 84501
59915 76519
28269 94779
66688 54116
59054 20141
44721 44159
25316 59648
90401 36884
41733 07639
92735 59648
22900 32304
06568 36884
27580 21415
46005 93431
99132 27580
98961 42112
91031 55803
51943 65742
03361 15932
73473 69051
84119 83776
80112 90401
48662 39984
35947 59028
73240 56526
36257 92735
96401 44721
06218 70085
36067 65600
72025 55627
40459 19986
84521 59298
23280 81456
54581 66688
09004 06218
46092 42112
44111 05069
10504 54116
52620 66688
70694 03561
33963 96084
27580 04779
22290 01126
94779 27580
88787 54311
74258 91031
78499 21676
81456 23295
10504 96123
73473 30804
18387 44175
87745 54799
17940 86419
76519 44175
42112 51943
82017 39387
59298 36257
84501 68054
78260 39387
56831 15932
21138 17102
10520 88787
11670 07639
11432 59054
80874 12178
04779 44111
69051 87632
56526 26362
68447 01738
15932 78168
06829 73489
10504 50408
44159 21138
59648 69051
70085 66600
05069 07979
50885 21415
33570 59028
07230 02834
54581 17102
24171 54581
07979 27655
41016 17940
40845 25116
39984 33570
65742 06325
01056 16193
02954 87307
22290 19986
78499 41016
90631 90401
50267 01126
78499 02716
63440 35024
16858 03561
17275 21415
32772 74385
84119 08254
22290 48531
16193 39951
92077 48662
81456 69051
21503 54116
10984 54743
91031 61478
23280 59052
53560 10984
78499 07979
29750 54311
70488 20575
44159 48662
21415 63440
35971 14168
22290 59054
80112 74258
96084 73473
23695 50267
59915 50267
82017 21503
80112 51989
28269 46005
63440 42901
86794 15081
32825 90948
51989 27580
33963 37568
91031 57919
68054 82017
86794 44721
21812 80771
92538 54743
88069 90631
19986 48531
59648 69415
36884 21415
87745 46939
56831 46005
11439 55627
66600 37162
92735 24171
31538 10520
13387 76519
20575 99943
24171 46830
69051 37568
21138 37568
09004 06325
07230 36884
38867 99762
32772 37162
07639 70933
13684 25185
87745 06218
90602 20141
35024 10520
78168 61270
36067 18387
30804 10984
29750 14168
22290 80874
86419 43313
44159 56750
43313 78499
22164 06218
99762 87307
73473 24171
46092 99943
61478 57919
32825 03688
54581 66688
96505 06692
96904 70933
03561 46005
97477 17275
69415 35947
17940 37842
50267 80771
31839 26362
41733 72285
20141 48531
42901 51943
39951 74258
86419 01738
10504 69415
44721 54116
11670 99762
87632 13387
66600 21415
99762 17940
65600 17877
78499 94779
94069 20575
56831 63309
27655 21415
83776 80771
59054 25316
70694 57919
88069 87307
01056 20575
54799 73240
96084 22290
06568 94069
32320 07230
11670 36884
55627 00855
88787 08184
68352 59298
36067 44721
96084 38682
31839 66600
17940 39951
37568 17102
73240 43313
50267 45783
99132 66669
42901 54311
87745 11670
16193 98979
12178 59052
51943 01056
66227 69497
88069 06692
32304 54116
61270 68447
02954 05069
54311 30588
54116 73489
48531 12178
27655 01738
36884 26362
02834 31839
91031 93431
70933 14168
02954 39824
32304 72025
84521 50267
12178 65311
15932 16193
92737 41351
24702 53560
51943 39951
87632 46830
31538 63501
26362 41733
27655 07230
90631 35024
32772 03688
36884 91031
40459 68054
51943 27655
44721 06973
73489 25316
87632 69497
03361 29750
05681 59028
21138 50267
82017 15081
10504 55627
70488 35971
17102 59028
21812 45783
10504 96401
63440 32320
90602 66227
30804 68352
21138 24171
59028 63068
41016 37842
31839 20575
70933 39824
03361 63440
36884 39951
63068 52620
53560 73473
46005 10520
23068 99943
54799 98789
23695 13387
26362 74258
66688 06829
17186 00855
72881 63309
78260 35947
54311 99943
01738 36884
05681 39387
11439 59028
46005 32320
01126 81456
82635 10984
23431 38682
92735 01126
13684 25185
12178 15081
38682 33570
44721 44175
87307 46939
10520 06218
23068 78499
36884 14168
02834 03361
17275 90631
22900 68054
21676 87745
32772 42901
54743 59648
25185 30804
02954 08151
10520 35024
23695 68352
18865 11670
24171 17102
25116 96505
03561 63309
99132 70085
30804 23295
32304 53560
17102 95729
23695 90602
78260 59052
95729 36257
39984 25185
72416 59648
61478 21415
55627 10984
10984 36067
72285 30520
90631 04779
96904 26362
48531 38682
82635 24702
05069 31538
10520 37162
59052 21812
70694 99132
92538 83776
14168 16193
44721 17186
06692 02834
42112 41016
10984 33570
27655 51943
17186 59648
90948 05069
39387 15081
06692 39824
06325 37842
38867 30520
99762 38867
96084 39387
88787 55803
96505 20575
39984 36257
35947 48662
39824 97477
59915 06973
45783 69415
32772 99943
23280 63068
63501 63309
61270 05069
13387 90602
61446 22164
06218 06692
01126 80771
70488 90401
92538 23695
36884 03361
65742 46939
65311 52620
66669 55803
53560 92538
24171 82017
06218 21676
80771 59298
84119 21812
Queries
46830 36067
07230 74258
54581 94732
17940 17186
72025 01126
36884 39984
87307 53560
12178 02954
06325 54311
68415 14168
07639 72881
91031 21812
30804 80112
10520 54581
10504 06829
96084 37162
90401 17186
39387 87745
11670 98979
87745 96123
66688 14168
02954 18865
80112 06973
57919 10504
17186 21812
84501 63068
92735 90602
03561 69497
23280 44175
06973 44175
22900 11670
92737 01056
21415 07230
25116 52620
86794 24702
66600 68054
88787 17186
08151 92077
04779 70694
29750 92737
48662 96505
10520 08254
42112 23295
39387 11439
07639 25316
80874 78260
36067 36067
36257 13684
16193 41016
23295 72285
95729 99762
18387 44175
64111 37568
88787 25316
07979 40459
30588 32320
32320 20575
70488 37162
63309 06325
65600 42112
92735 70694
66669 27580
92077 78168
10504 11439
76519 48531
80874 23280
81456 68352
99762 93431
61446 08184
17940 02716
06829 63501
90948 20141
07230 94069
73473 87632
66669 48662
70933 00855
73473 97477
09004 24702
24171 35971
21138 06692
17186 36884
56684 70694
72285 96123
14168 90401
65600 39824
96505 66600
44159 44111
33570 06325
44721 09004
64111 15081
00855 99943
54799 30520
01738 45783
56684 24171
90602 12178
56684 24171
14168 19986
54581 96123
83776 81456
24702 64111
93431 96505
37162 30588
55803 30588
86419 68352
16858 20141
88069 06973
22164 39824
40459 63440
96904 32320
15081 66600
50408 87745
02716 91031
84501 14168
78168 78168
43313 90948
52620 63309
16193 69051
52620 87632
69415 17940
01056 02834
78499 20141
94732 88069
25185 01738
17102 70933
65311 18865
11439 56750
72025 13387
08184 59648
55627 33963
84501 84119
57919 50267
17275 46092
56684 63501
87745 68447
09004 16193
37842 25116
45783 38867
98789 74258
56684 10984
21503 45783
86794 17186
41351 52620
06973 01738
81456 87307
93431 56750
41733 96904
41351 78499
59648 08151
17186 21138
24171 54311
95729 35971
55803 66227
18865 56750
84521 73489
36257 19460
21812 35947
68447 21812
08184 46092
19986 36884
99132 87632
02716 13684
73489 08254
18387 39387
32772 59052
25316 36257
96505 06325
38682 94779
98789 01126
25185 37162
16858 44175
20141 51989
78499 38867
98979 59298
78260 78168
45783 48531
66600 39824
59648 56526
69051 64111
16193 44111
69415 06325
59298 22164
54311 18387
20575 54799
66669 66227
06218 39824
84521 65600
37842 90602
54743 98961
61478 59028
63068 11439
46092 91031
27580 54581
02954 68447
66669 06325
21676 23280
94069 88787
70488 69415
33963 37568
15081 70488
56684 70694
65742 07979
94779 25316
59915 65311
43313 93431
72416 45783
48662 94779
06829 40459
17102 01126
72285 36067
38682 50408
38682 01056
69415 02834
30588 01056
98961 80771
94069 46092
94069 35971
94732 21415
37568 06325
63068 90948
96904 54743
54799 74385
72285 33963
31538 21676
96084 05681
55803 17102
68447 63309
59052 59915
84521 88787
11439 51989
01738 11670
70694 57919
17877 63309
88787 15932
44721 23431
30588 36067
88787 90401
05069 14168
21503 32304
06692 66600
54743 23295
65742 81456
90948 65600
36884 50267
19986 59028
78168 61446
05681 40459
59028 33570
96123 23068
20141 00855
54311 50885
13684 73473
59028 41733
02716 39387
73473 53560
59028 80874
41016 45783
00855 20141
09004 18387
65311 11670
17877 30804
90631 70694
Thinking
start 36884 src 36884
36884 06692 src 36884
36884 90401 src 36884
36884 06568 src 36884
36884 21415 src 36884
36884 07230 src 36884
36884 11670 src 36884
36884 26362 src 36884
36884 91031 src 36884
36884 39951 src 36884
36884 01738 src 36884
36884 14168 src 36884
36884 03361 src 36884
06692 93431 src 36884
06692 46092 src 36884
06692 96505 src 36884
06692 88069 src 36884
06692 02834 src 36884
06692 39824 src 36884
06692 06218 src 36884
90401 94779 src 36884
90401 70694 src 36884
90401 80112 src 36884
90401 90631 src 36884
90401 70488 src 36884
06568 27655 src 36884
06568 08184 src 36884
06568 66669 src 36884
06568 94069 src 36884
21415 96904 src 36884
21415 38867 src 36884
21415 27580 src 36884
21415 50885 src 36884
21415 17275 src 36884
21415 63440 src 36884
21415 66600 src 36884
21415 61478 src 36884
07230 32772 src 36884
07230 05069 src 36884
07230 46939 src 36884
07230 32320 src 36884
11670 37842 src 36884
11670 07639 src 36884
11670 99762 src 36884
11670 87745 src 36884
11670 18865 src 36884
26362 21676 src 36884
26362 56526 src 36884
26362 31839 src 36884
26362 41733 src 36884
26362 74258 src 36884
91031 41351 src 36884
91031 56831 src 36884
91031 06325 src 36884
91031 01056 src 36884
91031 55803 src 36884
91031 57919 src 36884
39951 78168 src 36884
39951 97477 src 36884
39951 16858 src 36884
39951 16193 src 36884
39951 17940 src 36884
39951 51943 src 36884
01738 02716 src 36884
01738 68447 src 36884
01738 86419 src 36884
14168 98789 src 36884
14168 61446 src 36884
14168 88787 src 36884
14168 35971 src 36884
14168 29750 src 36884
14168 70933 src 36884
03361 43313 src 36884
03361 44111 src 36884
03361 15932 src 36884
93431 72881 src 36884
93431 25116 src 36884
93431 46005 src 36884
46092 42112 src 36884
46092 99943 src 36884
96505 87307 src 36884
96505 20575 src 36884
39824 64111 src 36884
39824 02954 src 36884
06218 41016 src 36884
06218 73240 src 36884
06218 70085 src 36884
06218 09004 src 36884
06218 22164 src 36884
06218 10520 src 36884
94779 28269 src 36884
94779 78499 src 36884
70694 03561 src 36884
70694 99132 src 36884
80112 51989 src 36884
90631 35024 src 36884
90631 04779 src 36884
70488 31538 src 36884
27655 07979 src 36884
66669 94732 src 36884
94069 42901 src 36884
38867 30520 src 36884
50885 90948 src 36884
63440 30588 src 36884
66600 37162 src 36884
61478 08151 src 36884
32772 40845 src 36884
32772 74385 src 36884
32772 03688 src 36884
05069 61270 src 36884
46939 98979 src 36884
46939 65742 src 36884
32320 63309 src 36884
37842 23068 src 36884
99762 68415 src 36884
87745 54799 src 36884
56526 98961 src 36884
41733 72285 src 36884
41351 92737 src 36884
51943 63501 src 36884
88787 54311 src 36884
31538 32825 src 36884
start 90602 src 90602
90602 23431 src 90602
90602 92538 src 90602
90602 20141 src 90602
90602 66227 src 90602
90602 23695 src 90602
90602 13387 src 90602
23431 54581 src 90602
23431 38682 src 90602
92538 54743 src 90602
92538 83776 src 90602
92538 53560 src 90602
20141 59054 src 90602
20141 48531 src 90602
66227 69415 src 90602
66227 68054 src 90602
66227 69497 src 90602
23695 55627 src 90602
23695 23295 src 90602
23695 66688 src 90602
23695 50267 src 90602
23695 68352 src 90602
13387 76519 src 90602
13387 87632 src 90602
54581 35947 src 90602
54581 46830 src 90602
54581 72416 src 90602
54581 84501 src 90602
54581 17102 src 90602
54581 24171 src 90602
38682 96084 src 90602
38682 33570 src 90602
54743 56750 src 90602
54743 39984 src 90602
54743 10984 src 90602
54743 59648 src 90602
83776 11432 src 90602
83776 59298 src 90602
83776 40459 src 90602
83776 19460 src 90602
83776 84119 src 90602
83776 80771 src 90602
53560 56684 src 90602
53560 17186 src 90602
53560 24702 src 90602
53560 73473 src 90602
53560 32304 src 90602
59054 22290 src 90602
59054 25316 src 90602
48531 18387 src 90602
48531 65600 src 90602
48531 21812 src 90602
48531 19986 src 90602
48531 12178 src 90602
69415 65311 src 90602
69415 22900 src 90602
69415 10504 src 90602
69415 45783 src 90602
68054 78260 src 90602
68054 82017 src 90602
69497 86794 src 90602
55627 59028 src 90602
55627 72025 src 90602
55627 11439 src 90602
55627 00855 src 90602
23295 81456 src 90602
23295 30804 src 90602
66688 54116 src 90602
66688 52620 src 90602
66688 06829 src 90602
50267 33963 src 90602
50267 01126 src 90602
50267 59915 src 90602
50267 84521 src 90602
50267 21138 src 90602
68352 95729 src 90602
76519 15081 src 90602
76519 44175 src 90602
87632 69051 src 90602
35947 48662 src 90602
46830 21503 src 90602
84501 96123 src 90602
84501 08254 src 90602
17102 37568 src 90602
24171 50408 src 90602
24171 92735 src 90602
96084 39387 src 90602
33570 17877 src 90602
33570 96401 src 90602
56750 63068 src 90602
56750 44159 src 90602
39984 25185 src 90602
39984 36257 src 90602
10984 44721 src 90602
10984 82635 src 90602
10984 36067 src 90602
11432 92077 src 90602
11432 05681 src 90602
80771 73489 src 90602
22290 80874 src 90602
25316 91977 src 90602
21812 59052 src 90602
65311 06973 src 90602
86794 13684 src 90602
81456 23280 src 90602
Output
46830 36067 yes
07230 74258 yes
54581 94732 no
17940 17186 no
72025 01126 yes
36884 39984 no
87307 53560 no
12178 02954 no
06325 54311 yes
68415 14168 yes
07639 72881 yes
91031 21812 no
30804 80112 no
10520 54581 no
10504 06829 yes
96084 37162 no
90401 17186 no
39387 87745 no
11670 98979 yes
87745 96123 no
66688 14168 no
02954 18865 yes
80112 06973 no
57919 10504 no
17186 21812 yes
84501 63068 yes
92735 90602 yes
03561 69497 no
23280 44175 yes
06973 44175 yes
22900 11670 no
92737 01056 yes
21415 07230 yes
25116 52620 no
86794 24702 yes
66600 68054 no
88787 17186 no
08151 92077 no
04779 70694 yes
29750 92737 yes
48662 96505 no
10520 08254 no
42112 23295 no
39387 11439 yes
07639 25316 no
80874 78260 yes
36067 36067 yes
36257 13684 yes
16193 41016 yes
23295 72285 no
95729 99762 no
18387 44175 yes
64111 37568 no
88787 25316 no
07979 40459 no
30588 32320 yes
32320 20575 yes
70488 37162 yes
63309 06325 yes
65600 42112 no
92735 70694 no
66669 27580 yes
92077 78168 no
10504 11439 yes
76519 48531 yes
80874 23280 yes
81456 68352 yes
99762 93431 yes
61446 08184 yes
17940 02716 yes
06829 63501 no
90948 20141 no
07230 94069 yes
73473 87632 yes
66669 48662 no
70933 00855 no
73473 97477 no
09004 24702 no
24171 35971 no
21138 06692 no
17186 36884 no
56684 70694 no
72285 96123 no
14168 90401 yes
65600 39824 no
96505 66600 yes
44159 44111 no
33570 06325 no
44721 09004 no
64111 15081 no
00855 99943 no
54799 30520 yes
01738 45783 no
56684 24171 yes
90602 12178 yes
56684 24171 yes
14168 19986 no
54581 96123 yes
83776 81456 yes
24702 64111 no
93431 96505 yes
37162 30588 yes
55803 30588 yes
86419 68352 no
16858 20141 no
88069 06973 no
22164 39824 yes
40459 63440 no
96904 32320 yes
15081 66600 no
50408 87745 no
02716 91031 yes
84501 14168 no
78168 78168 yes
43313 90948 yes
52620 63309 no
16193 69051 no
52620 87632 yes
69415 17940 no
01056 02834 yes
78499 20141 no
94732 88069 yes
25185 01738 no
17102 70933 no
65311 18865 no
11439 56750 yes
72025 13387 yes
08184 59648 no
55627 33963 yes
84501 84119 yes
57919 50267 no
17275 46092 yes
56684 63501 no
87745 68447 yes
09004 16193 yes
37842 25116 yes
45783 38867 no
98789 74258 yes
56684 10984 yes
21503 45783 yes
86794 17186 yes
41351 52620 no
06973 01738 no
81456 87307 no
93431 56750 no
41733 96904 yes
41351 78499 yes
59648 08151 no
17186 21138 yes
24171 54311 no
95729 35971 no
55803 66227 no
18865 56750 no
84521 73489 yes
36257 19460 yes
21812 35947 yes
68447 21812 no
08184 46092 yes
19986 36884 no
99132 87632 no
02716 13684 no
73489 08254 yes
18387 39387 yes
32772 59052 no
25316 36257 yes
96505 06325 yes
38682 94779 no
98789 01126 no
25185 37162 no
16858 44175 no
20141 51989 no
78499 38867 yes
98979 59298 no
78260 78168 no
45783 48531 yes
66600 39824 yes
59648 56526 no
69051 64111 no
16193 44111 yes
69415 06325 no
59298 22164 no
54311 18387 no
20575 54799 yes
66669 66227 no
06218 39824 yes
84521 65600 yes
37842 90602 no
54743 98961 no
61478 59028 no
63068 11439 yes
46092 91031 yes
27580 54581 no
02954 68447 yes
66669 06325 yes
21676 23280 no
94069 88787 yes
70488 69415 no
33963 37568 yes
15081 70488 no
56684 70694 no
65742 07979 yes
94779 25316 no
59915 65311 yes
43313 93431 yes
72416 45783 yes
48662 94779 no
06829 40459 yes
17102 01126 yes
72285 36067 no
38682 50408 yes
38682 01056 no
69415 02834 no
30588 01056 yes
98961 80771 no
94069 46092 yes
94069 35971 yes
94732 21415 yes
37568 06325 no
63068 90948 no
96904 54743 no
54799 74385 yes
72285 33963 no
31538 21676 yes
96084 05681 yes
55803 17102 no
68447 63309 yes
59052 59915 yes
84521 88787 no
11439 51989 no
01738 11670 yes
70694 57919 yes
17877 63309 no
88787 15932 yes
44721 23431 yes
30588 36067 no
88787 90401 yes
05069 14168 yes
21503 32304 yes
06692 66600 yes
54743 23295 yes
65742 81456 no
90948 65600 no
36884 50267 no
19986 59028 yes
78168 61446 yes
05681 40459 yes
59028 33570 yes
96123 23068 no
20141 00855 yes
54311 50885 yes
13684 73473 yes
59028 41733 no
02716 39387 no
73473 53560 yes
59028 80874 yes
41016 45783 no
00855 20141 yes
09004 18387 no
65311 11670 no
17877 30804 yes
90631 70694 yes
End
