Graph
1819 8528
7609 7590
8528 0809
7333 3736
8528 7333
3736 1520
9098 9492
1825 7876
9728 7876
9384 0421
3991 0809
2350 9873
9098 1825
5021 3077
5021 3366
9728 3935
3736 3736
5021 0809
2350 8974
8528 3667
9492 9728
8660 2350
8660 0532
3667 1819
9728 7590
4065 7870
2883 0963
8974 9098
8528 2425
7590 9667
0532 4768
9492 6009
1313 3935
3077 1520
3667 0849
7333 7347
1520 2425
0809 3366
3935 7735
4768 4712
9098 9384
0461 0963
1720 8912
9098 6009
1762 1819
0421 7735
1720 0461
8528 1720
8912 1819
9098 9098
0421 6805
0421 7870
0809 8528
7743 9728
8660 7876
2350 3935
3366 2425
0849 2425
2883 3077
9728 2350
2350 9695
7333 1819
3935 7876
5021 5021
0421 4065
0809 1520
9098 6805
1762 3667
2425 1819
0532 9098
7743 4712
8660 6009
9492 1313
7735 4768
4768 4768
8912 1819
6009 0532
4065 7743
9728 9667
1762 1819
6805 4065
1720 3366
2350 9728
8912 2883
8912 7347
3991 8912
1313 7870
9492 9873
Queries
3991 0809
7743 8912
6805 6805
6009 1819
9695 9728
7870 3667
7743 1720
1825 7735
1825 9492
5021 4065
1720 9728
2425 3077
0849 0809
7743 9728
2350 1819
5021 7333
7347 3366
7743 2425
7876 0461
3991 8660
1520 6009
3366 5021
1520 3736
1819 1762
1825 7743
1825 0461
0849 1762
0849 3667
1720 8528
6009 9695
7876 9492
1520 1762
7735 2425
2425 9695
1720 9667
2425 2883
4065 7590
9695 9667
2425 2425
8912 7876
9728 1520
9098 2883
8912 4065
8912 0461
2350 3935
9384 0963
9695 3077
7347 2425
6805 9492
0532 3736
0461 3991
8912 0963
7590 5021
2883 9492
0809 3667
0461 9695
8528 0461
7743 9728
3667 3077
7876 7743
2425 0421
2350 0421
1825 2883
5021 1762
9695 8660
1762 9667
4712 9873
0809 0849
0809 9695
9098 6009
8912 8974
9098 0809
9873 7743
1762 4065
1720 5021
7347 4768
4065 0849
0963 0421
7735 3935
9728 1825
0849 2350
Thinking
start 1819 src 1819
1819 8528 src 1819
1819 3667 src 1819
1819 1762 src 1819
1819 8912 src 1819
1819 7333 src 1819
1819 2425 src 1819
8528 0809 src 1819
8528 1720 src 1819
3667 0849 src 1819
8912 2883 src 1819
8912 7347 src 1819
8912 3991 src 1819
7333 3736 src 1819
2425 1520 src 1819
2425 3366 src 1819
0809 5021 src 1819
1720 0461 src 1819
2883 0963 src 1819
2883 3077 src 1819
start 7735 src 7735
7735 3935 src 7735
7735 0421 src 7735
7735 4768 src 7735
3935 9728 src 7735
3935 1313 src 7735
3935 2350 src 7735
3935 7876 src 7735
0421 9384 src 7735
0421 6805 src 7735
0421 7870 src 7735
0421 4065 src 7735
4768 0532 src 7735
4768 4712 src 7735
9728 9492 src 7735
9728 7590 src 7735
9728 7743 src 7735
9728 9667 src 7735
2350 9873 src 7735
2350 8974 src 7735
2350 8660 src 7735
2350 9695 src 7735
7876 1825 src 7735
9384 9098 src 7735
0532 6009 src 7735
7590 7609 src 7735
Output
3991 0809 yes
7743 8912 no
6805 6805 yes
6009 1819 no
9695 9728 yes
7870 3667 no
7743 1720 no
1825 7735 yes
1825 9492 yes
5021 4065 no
1720 9728 no
2425 3077 yes
0849 0809 yes
7743 9728 yes
2350 1819 no
5021 7333 yes
7347 3366 yes
7743 2425 no
7876 0461 no
3991 8660 no
1520 6009 no
3366 5021 yes
1520 3736 yes
1819 1762 yes
1825 7743 yes
1825 0461 no
0849 1762 yes
0849 3667 yes
1720 8528 yes
6009 9695 yes
7876 9492 yes
1520 1762 yes
7735 2425 no
2425 9695 no
1720 9667 no
2425 2883 yes
4065 7590 yes
9695 9667 yes
2425 2425 yes
8912 7876 no
9728 1520 no
9098 2883 no
8912 4065 no
8912 0461 yes
2350 3935 yes
9384 0963 no
9695 3077 no
7347 2425 yes
6805 9492 yes
0532 3736 no
0461 3991 yes
8912 0963 yes
7590 5021 no
2883 9492 no
0809 3667 yes
0461 9695 no
8528 0461 yes
7743 9728 yes
3667 3077 yes
7876 7743 yes
2425 0421 no
2350 0421 yes
1825 2883 no
5021 1762 yes
9695 8660 yes
1762 9667 no
4712 9873 yes
0809 0849 yes
0809 9695 no
9098 6009 yes
8912 8974 no
9098 0809 no
9873 7743 yes
1762 4065 no
1720 5021 yes
7347 4768 no
4065 0849 no
0963 0421 no
7735 3935 yes
9728 1825 yes
0849 2350 no
End
