Graph
90827 59440
93014 31877
86514 55090
83487 55090
72959 67531
66260 38801
26311 77678
76861 23266
04104 59267
11489 34842
29928 66658
97195 63303
26311 49515
36569 07704
06568 43640
06682 80016
44642 08385
91264 46645
37058 69416
71275 79894
11251 08889
72159 22000
60018 59267
96080 51021
57342 32162
35317 58943
84423 39254
25362 66606
15223 35317
28475 26891
49025 15672
31601 46900
67860 72895
36411 40024
57930 63841
70500 39270
58468 43522
33218 04855
79489 03208
03208 59440
96291 34861
53609 63353
79894 55178
19877 95551
64948 85115
04186 74904
37981 32843
03243 21708
89262 32843
10168 60004
50461 38801
48462 76861
70080 53462
21182 20073
80251 58624
07353 97124
10667 66606
74032 41464
29928 52616
63615 51549
41464 31601
35316 15341
66606 97660
06568 96033
35452 18851
58943 16727
81805 02407
37981 56127
79894 37618
29928 04746
64967 26891
46900 11201
58943 12607
07959 32197
87641 36569
37901 90411
46645 48539
37942 97084
31601 83792
32197 59267
90181 87641
42258 40024
25229 77217
15660 58181
92532 76114
29052 43513
26412 08385
22043 25229
02064 95924
43708 43828
63303 11235
41464 66606
50461 35316
49657 67531
02909 66606
60504 15695
39270 61244
90827 63625
01474 26311
99323 07959
79900 05826
95906 95906
07423 95906
57930 83487
93656 76407
64967 64566
70849 53580
89213 83830
85009 23266
36427 59267
68033 48462
06935 31519
80175 35437
40608 35317
79639 09212
21802 50461
10667 94489
77678 56919
71903 59528
31519 09833
33453 04746
01823 38616
74292 67860
14973 02046
11278 99479
24894 54374
11406 85746
11489 11235
19305 42322
46150 95551
89213 04186
59876 71177
70865 09212
26714 51549
64770 29978
97195 43875
95143 79900
28060 88165
91883 47971
44411 56127
99519 83830
90420 53002
22177 29052
11489 73963
42974 99286
33453 29928
61708 78198
53511 26311
20073 59267
91883 73963
80475 11624
25229 90827
92532 83792
53748 53002
78372 18941
50461 38637
52620 33218
30545 63353
85384 55563
36569 44990
11489 18268
90827 77217
40993 16212
24894 55243
74032 52117
64967 68389
63174 12862
35786 83487
45930 34842
09212 98178
42974 74904
02046 83792
60018 76553
58291 83487
65985 43522
48462 70080
03549 58181
24894 38660
91056 25229
18719 95551
41837 70452
77678 41318
87801 24539
09298 93047
26412 19877
35316 42258
29052 66658
31601 12607
04104 76407
11251 41563
21802 76425
60004 26735
39270 55243
41318 77678
77024 37981
38660 79489
26735 37376
03243 41837
53609 71550
10667 11489
29052 37618
59192 91933
03243 68389
57930 59267
97195 20080
53002 29633
62367 20705
09690 58624
42470 07423
19305 26289
54374 71275
76553 33746
87679 15672
09368 32197
49301 39254
93656 83487
27556 10667
28340 43236
64566 26714
79894 64967
79383 15660
14815 07423
07959 11251
74027 36569
14269 33712
53748 74895
33775 96709
89558 46586
86396 79060
02407 07704
73702 59876
06935 07063
43537 02046
76861 26420
76589 43012
46645 67904
07328 29031
97195 89181
65621 43640
41523 33218
36569 92532
71177 36569
83207 03243
44642 74292
48038 95295
29052 79489
90827 55178
46586 43640
75136 08889
59197 42326
76838 68389
43640 22043
16212 18478
15695 89695
22314 68564
26714 78323
69551 68656
62226 69551
25546 03243
96033 90411
53580 62531
76861 53502
88165 06989
05826 85384
68564 70849
84423 49301
63615 80475
49401 36361
20970 76799
59440 97040
49025 77088
39270 95924
70141 91056
92204 68389
29928 77678
19877 51021
35437 92204
33453 36361
85746 53511
41602 40024
85384 26735
98178 78027
64967 70452
19305 98679
94489 97660
56723 09212
71903 18478
76861 16937
96080 48199
39270 12862
95592 21182
62020 70849
80475 29052
38660 27885
26427 95551
40024 90181
20970 11489
90827 95918
09212 83207
34842 18268
28448 96291
74027 80016
57930 20073
55178 02064
91195 45620
68564 20073
42326 33775
73487 24378
40024 83830
37058 97195
95918 09212
16591 18478
43708 61708
93656 11251
55243 32167
80773 58291
02046 71550
42326 96709
56919 01823
18851 71550
27556 74032
44642 18719
51021 67214
71550 35317
83792 23960
66387 29052
56371 13513
63303 46645
77678 43640
96709 91883
03243 63625
38660 32843
44642 48564
88165 92402
01575 26412
95906 46606
66260 42974
66978 53580
36361 43236
43640 56723
60018 37376
18851 43875
49657 71550
31519 46114
67742 72257
76861 62367
11235 15341
31877 51549
41464 42974
75136 48462
06935 18603
09298 65621
80773 33746
83487 09487
15223 91264
64967 72257
06935 19305
83830 01259
55090 75928
18719 43012
18268 11774
78027 72159
67904 26563
48564 87801
91264 49411
28475 80475
86514 16937
52117 59876
07328 76114
15660 15695
83487 80773
02136 83032
33712 80016
69551 83487
92172 95551
29052 25705
11251 06935
96467 28060
12620 86086
02372 02088
64566 72257
71275 49515
90827 35437
80773 86514
09487 48462
46114 19877
49411 37058
15931 58458
22314 48462
71177 99519
73487 29052
79383 06568
15931 83792
24894 04746
49401 00585
74242 59267
46586 04746
07328 47971
91056 36361
63625 36361
71349 15660
48564 19305
76861 87679
59528 21182
92172 23266
29633 77678
71177 42326
37058 81805
84423 32197
64967 85746
58468 32479
76589 97124
09532 97660
02064 12620
48199 44642
42326 87641
83487 14815
26735 69551
70500 00585
62367 49025
77613 49411
51207 76861
26412 55563
52616 64967
10066 38660
26412 59528
03549 15660
18268 44990
09833 87415
42326 91195
70868 40993
95120 09487
02372 76114
85746 80175
46900 25362
02927 59267
90181 99479
71550 02046
26289 20514
40608 58458
48462 05226
16212 20514
43012 57930
32167 77024
76407 46150
69551 59192
23227 77613
21802 94489
67904 01259
95551 99323
79639 71349
61708 52117
15931 10667
53511 78323
18478 68033
37981 93047
73689 55178
43708 01779
12681 46586
91195 52620
60504 39270
11774 11201
06662 25229
64967 96033
14973 93391
63303 59876
69416 90181
62531 14815
56919 95918
49411 60740
99519 34842
86353 59528
25427 04746
53502 89956
19877 02927
87801 55090
69551 26412
28060 96024
35493 53609
74904 18268
43640 33453
22177 09627
43828 06682
48462 68656
43537 39232
83032 38801
71550 06989
25705 12681
43537 74904
59528 56531
54374 03549
60740 33775
58181 09212
97660 42974
95295 64948
92172 66978
31601 79060
42326 46900
50461 53609
64850 87801
03208 39560
37618 33453
96024 29031
11624 10066
66658 10556
58458 29031
37746 43513
65621 39560
09368 26289
29978 56531
42470 56531
94882 14973
62367 39829
36427 95295
20080 04186
11489 26563
19305 09690
22043 78027
83032 36411
66658 70452
91883 26563
02909 11235
12607 46645
63841 78372
80016 73963
33453 43640
53609 52117
23227 33712
28107 03789
28107 91056
75136 95551
90489 48462
19877 67860
67742 33453
11278 33712
34842 35493
87415 66133
53609 59876
80175 74895
34842 02088
29052 35437
21525 56723
11980 53580
46586 86086
44642 34861
43513 21708
09627 72159
11201 72959
19370 75928
42974 48539
52616 11406
22177 65621
18268 02909
22043 93014
71177 15931
85746 37981
57503 96877
11624 42840
76425 63303
09532 74032
07423 74242
80475 39560
79900 89956
09298 41736
66606 60740
24378 03243
26714 91056
10667 49657
06117 63625
18478 49301
50461 89213
92204 79894
73963 91883
24539 39829
97040 22043
95551 64850
59876 71550
42326 33712
06662 78027
49657 92402
12050 82100
26427 26412
36569 23960
66978 63841
78323 01474
46407 53002
58181 43236
11201 91883
15695 08649
71550 71177
21418 87178
82100 98679
26420 43451
49657 11774
61708 83792
37376 96877
16212 74292
10667 92532
85384 07959
86396 53609
12050 62226
92204 12620
09690 58624
82427 12620
97124 72895
64948 59528
05022 35316
86514 07353
65985 07353
76861 78372
84423 90489
91195 71177
48462 76589
59197 35317
97221 95653
29422 69551
15341 35317
80016 36569
89181 59876
65985 72895
35437 29633
37376 59267
96467 42326
25546 28340
18719 59528
42258 80830
78323 01823
21525 28475
89695 89695
32479 87415
09487 77088
32167 92204
70500 79894
73963 62330
96709 47971
40993 37376
95143 95653
91933 29978
02064 25546
33775 20154
92204 43236
37942 23227
07353 70849
67036 66260
19877 48462
26427 06935
39232 38801
88165 05022
77613 58458
01474 41318
90827 43236
78372 57342
91195 30545
70141 90827
68723 96467
79894 83207
68033 89840
46900 04855
76838 76838
95592 95295
73487 35437
64967 37981
46407 65621
92204 39270
46114 62265
15223 91195
55243 28340
91883 53609
90827 56127
43881 54374
12607 94882
95551 62531
89213 10667
56723 33453
97084 76799
90921 83207
07328 97084
92402 93391
65985 75136
46150 72555
46606 87801
80016 94882
91933 53580
70080 11980
80773 89956
06935 70868
83487 06935
97084 10667
22000 76838
41464 25362
33218 07328
14973 21802
67036 66260
12862 02064
22000 82427
02064 34336
63625 39103
74027 20080
21018 03243
89840 21182
40024 89181
24539 95120
53609 42974
26412 86514
39270 80175
59440 31877
97660 83032
20154 43875
79894 12862
78027 41837
33453 31217
84715 87801
73487 43236
62265 49025
39560 78027
04104 95592
41523 41523
58181 70865
22177 43881
07328 52620
12620 37618
73702 46645
18719 93656
32162 18719
92172 69551
09833 46114
14973 48539
15341 83032
22043 77678
99286 02046
12607 43828
55178 37746
96877 48564
99479 78198
91195 83792
60740 15341
39103 00585
31217 09298
43708 42326
44642 76407
20073 97221
19370 33746
37058 41464
89558 80175
03789 35437
68564 12050
11980 32479
70452 38660
21525 56919
18851 37058
74904 73702
50461 43828
36411 46900
17861 31519
31601 89213
96033 41837
18851 99479
32602 89181
65621 53748
63174 00585
18851 73702
33712 15931
13513 74027
35786 70868
01259 43828
44411 79639
32479 67452
64949 71550
02407 29031
91933 33746
83487 20705
18603 14815
82427 25705
78372 32162
47971 16727
43708 64538
49657 15931
28060 35317
43828 32999
41318 12862
52616 10556
36411 16727
75136 95295
84857 51549
82427 21018
95592 22314
37901 37901
37942 92032
80251 68656
82100 80251
02909 63303
38616 29928
48564 10168
15660 10556
95143 48199
14815 48564
41736 90827
16937 19370
40024 63353
09690 57342
71550 31601
89695 37618
11235 14269
07704 50461
57930 84423
82427 82427
68564 05826
35316 86396
59876 48539
20080 50461
89840 26412
44642 07299
43828 25362
20073 71903
52117 52620
99519 99286
23227 76114
66387 41736
39829 23266
29978 76861
11624 38660
80830 48539
71275 87178
63174 58181
05022 14269
59528 15672
76589 57930
37058 11201
09627 63174
48462 01575
46114 72895
80016 34842
70849 19877
84715 95906
43513 79894
22000 26714
09833 87801
64770 56197
59528 23266
28060 16327
21802 88165
67742 29052
03243 78323
09690 01575
72959 72959
65503 42840
86353 74292
92204 61616
37376 58624
83207 11406
28475 02064
11489 77613
38616 32167
06662 82427
12050 32479
10556 72257
55178 41736
68389 36550
32479 37376
59192 18719
32602 33775
81805 14973
16937 74292
15341 43875
53462 76407
77088 07299
19305 48462
26004 29928
11624 65621
63303 50496
63841 60004
79894 10556
22043 71349
85384 79900
91933 95906
06935 74242
73487 29633
55563 66978
41464 72959
77024 74895
59528 65985
79894 26891
73689 73689
34842 01779
80251 67452
48199 07353
13513 14973
72159 10066
92204 73487
98448 75928
62226 26412
51207 87801
76425 02372
72555 06935
09487 09833
71550 36411
23960 58458
97084 66260
41837 90827
01259 64538
87641 04855
79900 51207
66606 10667
28107 95918
84857 79489
63353 41523
58624 59267
72895 57503
Queries
76425 85384
05022 37981
73689 01474
71349 11624
59440 42840
67036 02088
14815 02136
65503 39232
27885 78323
22000 06935
86086 35437
22043 19370
12681 22000
64850 09690
92172 46150
40608 06568
70865 77678
78198 96024
53502 77088
36361 58624
11489 99519
07959 95592
62330 73702
31217 88165
24894 86353
54374 35493
09298 48564
19370 43012
76589 73963
46645 41563
58458 38637
01259 52616
24378 93047
37618 74242
76407 36411
70080 11489
48038 43828
90420 43451
68564 83487
11201 00585
49411 26427
96080 03789
10066 03208
64770 21182
68723 35437
97040 89840
26563 37058
46645 26891
96877 72895
67214 99323
26714 16327
26714 90411
62330 34842
69551 55090
53462 36411
77088 80475
33453 70868
43640 87178
24378 86086
59528 75136
52117 45620
06568 04186
96024 01779
41837 53002
39232 08649
67860 80251
02372 35786
37746 43875
95592 32479
26427 72555
06117 73689
18941 57930
37618 39270
74242 37981
90411 66978
64850 66133
49411 07353
67742 67531
43881 70080
56531 97195
99323 49411
58291 62020
58468 97221
95592 64566
08889 40993
09833 14973
51021 39560
20080 51549
96877 11235
01259 26412
46900 33453
46150 16591
11980 59192
26891 28448
78198 56919
43236 50496
41563 43012
39232 82100
72895 89558
72257 72257
50461 60004
95551 46150
44990 44411
74027 66978
68033 72555
11201 26563
34336 36569
60018 53462
93656 76425
43708 72959
76407 29422
95143 93656
20080 61244
02046 02088
97124 09212
98448 57930
71550 95551
98679 79894
42322 41837
03208 23266
77088 51021
64566 93391
44990 25229
11201 09690
10066 08649
33453 43513
93391 37942
95906 37058
98448 72257
64566 21182
26735 92172
59440 87178
90921 31519
56531 10168
76425 06935
03549 46645
52117 28060
93014 37981
00585 36550
90420 28448
63174 35452
81805 78372
55563 29052
43451 12681
22043 27885
58943 91883
74904 55090
48199 11980
91264 58943
41602 87178
28448 86396
12050 25427
65985 56197
70080 87801
57503 71550
55243 64566
95295 20705
01823 04746
47971 96080
93391 96024
87178 97084
40608 76799
19877 75928
76838 72159
64770 65985
58624 18719
29031 56371
99286 79900
19305 15660
92532 84423
68723 43881
43881 84423
11251 95551
04104 76861
41837 26427
66260 67036
32162 29052
67452 06989
09298 64948
62020 73963
39232 82100
74242 56531
94882 58458
96080 86353
39232 90420
77678 07063
55243 79900
83830 53609
71177 42258
75136 39103
39560 23960
63615 67742
21182 72555
56371 28448
22177 48462
43875 35452
66387 09212
36550 39103
32479 53609
73689 64967
35437 03549
40024 24539
63625 32197
79060 07423
01779 74904
19370 08649
99286 63841
89213 09690
18603 42258
38637 43875
29928 15223
87415 05826
91933 86396
28060 28060
56919 46606
85746 59876
49411 33775
42470 82427
59197 69416
77024 19370
23960 71275
15931 71275
66260 20080
91056 46407
67742 34336
25546 67036
36411 91883
18268 73963
61708 05022
34861 34861
05022 32167
50496 03208
89213 48564
63625 55178
74904 92032
43451 48199
24378 26891
80175 37981
60004 43451
21802 43828
70080 39232
09833 72895
36550 49401
67742 95924
29978 96024
82427 44411
48199 37058
16327 99519
20154 90921
21708 25229
86353 92532
89956 21802
07704 73702
16727 91264
80016 99286
88165 32167
62265 95592
70849 25546
74027 91264
66658 50461
67860 73702
38660 11489
46586 36550
39254 92402
58624 79489
95906 56127
03243 18851
62330 96291
35437 43875
66978 76799
45620 93014
95924 49301
95653 67452
24894 53502
95295 70452
61244 86396
38801 78027
32999 29928
01779 95918
87641 43236
48038 49411
11774 64949
56197 89695
76407 77088
07299 06117
49301 49025
64967 94489
97084 15223
49411 95918
02407 28448
43708 64538
19370 11774
68723 53002
43451 62367
92172 57503
25427 86086
42322 55243
38616 22314
64770 43875
07328 63174
60018 06682
43640 95120
70500 59528
39270 10556
78027 07959
18851 32479
83207 25362
34842 44990
83792 43828
96024 98178
49515 37746
66133 46150
49515 38616
15341 74904
99519 58458
27885 12607
09833 55563
96291 53502
64770 63353
28448 11980
95295 80016
46900 40024
43708 11235
32602 87641
39560 20154
22177 41318
04746 29928
16591 63303
74027 53502
55563 66658
12620 84857
02064 34842
02407 96024
15660 60004
66260 53580
14815 71550
22177 52620
70849 67904
83487 66133
74904 96709
72257 24894
95592 77024
87641 87178
14973 35437
16727 42974
63625 72555
06117 50496
71177 41523
59192 16591
07353 89840
77217 71275
29928 87178
05226 95551
31519 07328
58943 74032
27556 46900
07063 73487
90420 86353
73689 41837
39103 59197
01575 64948
97040 03549
09532 76861
07063 03243
73702 85009
07704 16727
83207 62367
10168 12862
24378 56723
74242 53462
01575 46150
46645 64948
26412 51207
35317 32602
64967 71349
21018 28475
64967 43522
Thinking
start 10667 src 10667
10667 66606 src 10667
10667 94489 src 10667
10667 11489 src 10667
10667 27556 src 10667
10667 15931 src 10667
10667 49657 src 10667
10667 92532 src 10667
10667 89213 src 10667
10667 97084 src 10667
66606 25362 src 10667
66606 97660 src 10667
66606 41464 src 10667
66606 02909 src 10667
66606 60740 src 10667
94489 21802 src 10667
11489 34842 src 10667
11489 11235 src 10667
11489 73963 src 10667
11489 18268 src 10667
11489 20970 src 10667
11489 26563 src 10667
11489 77613 src 10667
27556 74032 src 10667
15931 58458 src 10667
15931 83792 src 10667
15931 71177 src 10667
15931 33712 src 10667
49657 67531 src 10667
49657 71550 src 10667
49657 92402 src 10667
49657 11774 src 10667
92532 76114 src 10667
92532 36569 src 10667
89213 83830 src 10667
89213 04186 src 10667
89213 50461 src 10667
89213 31601 src 10667
97084 37942 src 10667
97084 76799 src 10667
97084 07328 src 10667
97084 66260 src 10667
25362 46900 src 10667
25362 43828 src 10667
97660 09532 src 10667
97660 42974 src 10667
97660 83032 src 10667
41464 37058 src 10667
41464 72959 src 10667
02909 63303 src 10667
60740 49411 src 10667
60740 33775 src 10667
60740 15341 src 10667
21802 76425 src 10667
21802 14973 src 10667
21802 88165 src 10667
34842 45930 src 10667
34842 99519 src 10667
34842 35493 src 10667
34842 02088 src 10667
34842 80016 src 10667
34842 01779 src 10667
11235 14269 src 10667
73963 91883 src 10667
73963 62330 src 10667
18268 44990 src 10667
18268 74904 src 10667
26563 67904 src 10667
77613 23227 src 10667
74032 52117 src 10667
58458 40608 src 10667
58458 29031 src 10667
58458 23960 src 10667
83792 02046 src 10667
83792 61708 src 10667
83792 91195 src 10667
71177 59876 src 10667
71177 42326 src 10667
33712 11278 src 10667
71550 53609 src 10667
71550 18851 src 10667
71550 35317 src 10667
71550 06989 src 10667
71550 64949 src 10667
71550 36411 src 10667
92402 93391 src 10667
11774 11201 src 10667
76114 02372 src 10667
36569 07704 src 10667
36569 87641 src 10667
36569 74027 src 10667
83830 40024 src 10667
83830 01259 src 10667
04186 20080 src 10667
50461 38801 src 10667
50461 35316 src 10667
50461 38637 src 10667
31601 12607 src 10667
31601 79060 src 10667
37942 92032 src 10667
07328 47971 src 10667
07328 33218 src 10667
07328 52620 src 10667
66260 67036 src 10667
46900 04855 src 10667
43828 43708 src 10667
43828 06682 src 10667
43828 32999 src 10667
42974 99286 src 10667
42974 48539 src 10667
83032 02136 src 10667
37058 69416 src 10667
37058 97195 src 10667
37058 81805 src 10667
63303 46645 src 10667
63303 50496 src 10667
49411 91264 src 10667
33775 96709 src 10667
33775 20154 src 10667
33775 32602 src 10667
15341 43875 src 10667
14973 94882 src 10667
14973 13513 src 10667
88165 28060 src 10667
88165 05022 src 10667
74904 43537 src 10667
74904 73702 src 10667
29031 96024 src 10667
29031 02407 src 10667
61708 78198 src 10667
91195 45620 src 10667
91195 30545 src 10667
91195 15223 src 10667
59876 89181 src 10667
42326 59197 src 10667
42326 96467 src 10667
11278 99479 src 10667
53609 63353 src 10667
53609 86396 src 10667
18851 35452 src 10667
35317 58943 src 10667
36411 16727 src 10667
87641 90181 src 10667
40024 42258 src 10667
40024 41602 src 10667
01259 64538 src 10667
38801 39232 src 10667
33218 41523 src 10667
48539 80830 src 10667
13513 56371 src 10667
28060 16327 src 10667
96467 68723 src 10667
start 76861 src 76861
76861 23266 src 76861
76861 48462 src 76861
76861 26420 src 76861
76861 53502 src 76861
76861 16937 src 76861
76861 62367 src 76861
76861 87679 src 76861
76861 51207 src 76861
76861 78372 src 76861
76861 29978 src 76861
23266 85009 src 76861
23266 92172 src 76861
23266 39829 src 76861
23266 59528 src 76861
48462 68033 src 76861
48462 70080 src 76861
48462 75136 src 76861
48462 09487 src 76861
48462 22314 src 76861
48462 05226 src 76861
48462 68656 src 76861
48462 90489 src 76861
48462 76589 src 76861
48462 19877 src 76861
48462 01575 src 76861
48462 19305 src 76861
26420 43451 src 76861
53502 89956 src 76861
16937 86514 src 76861
16937 19370 src 76861
16937 74292 src 76861
62367 20705 src 76861
62367 49025 src 76861
87679 15672 src 76861
51207 87801 src 76861
51207 79900 src 76861
78372 18941 src 76861
78372 63841 src 76861
78372 57342 src 76861
78372 32162 src 76861
29978 64770 src 76861
29978 56531 src 76861
29978 91933 src 76861
92172 95551 src 76861
92172 66978 src 76861
92172 69551 src 76861
39829 24539 src 76861
59528 71903 src 76861
59528 21182 src 76861
59528 26412 src 76861
59528 86353 src 76861
59528 64948 src 76861
59528 18719 src 76861
59528 65985 src 76861
68033 18478 src 76861
68033 89840 src 76861
70080 53462 src 76861
70080 11980 src 76861
75136 08889 src 76861
75136 95295 src 76861
09487 83487 src 76861
09487 95120 src 76861
09487 77088 src 76861
09487 09833 src 76861
22314 68564 src 76861
22314 95592 src 76861
68656 80251 src 76861
90489 84423 src 76861
76589 43012 src 76861
76589 97124 src 76861
76589 57930 src 76861
19877 51021 src 76861
19877 46114 src 76861
19877 02927 src 76861
19877 67860 src 76861
19877 70849 src 76861
01575 09690 src 76861
19305 42322 src 76861
19305 26289 src 76861
19305 98679 src 76861
19305 06935 src 76861
19305 48564 src 76861
89956 80773 src 76861
86514 55090 src 76861
86514 07353 src 76861
19370 75928 src 76861
19370 33746 src 76861
74292 44642 src 76861
74292 16212 src 76861
49025 62265 src 76861
87801 64850 src 76861
87801 46606 src 76861
87801 84715 src 76861
79900 05826 src 76861
79900 95143 src 76861
79900 85384 src 76861
63841 60004 src 76861
64770 56197 src 76861
56531 42470 src 76861
91933 59192 src 76861
91933 53580 src 76861
91933 95906 src 76861
95551 46150 src 76861
95551 26427 src 76861
95551 99323 src 76861
95551 62531 src 76861
66978 55563 src 76861
69551 62226 src 76861
69551 26735 src 76861
69551 29422 src 76861
71903 20073 src 76861
26412 08385 src 76861
64948 85115 src 76861
18719 93656 src 76861
65985 43522 src 76861
65985 72895 src 76861
18478 16591 src 76861
18478 49301 src 76861
53462 76407 src 76861
11980 32479 src 76861
08889 11251 src 76861
95295 48038 src 76861
95295 36427 src 76861
83487 35786 src 76861
83487 58291 src 76861
83487 14815 src 76861
77088 07299 src 76861
09833 31519 src 76861
09833 87415 src 76861
68564 12050 src 76861
95592 04104 src 76861
80251 58624 src 76861
80251 82100 src 76861
80251 67452 src 76861
84423 39254 src 76861
84423 32197 src 76861
57930 59267 src 76861
51021 96080 src 76861
51021 67214 src 76861
70849 62020 src 76861
26289 20514 src 76861
26289 09368 src 76861
06935 07063 src 76861
06935 18603 src 76861
06935 70868 src 76861
06935 74242 src 76861
06935 72555 src 76861
48564 96877 src 76861
48564 10168 src 76861
07353 48199 src 76861
75928 98448 src 76861
33746 76553 src 76861
44642 34861 src 76861
16212 40993 src 76861
95143 95653 src 76861
85384 07959 src 76861
42470 07423 src 76861
26735 37376 src 76861
20073 97221 src 76861
43522 58468 src 76861
72895 57503 src 76861
11251 41563 src 76861
31519 17861 src 76861
87415 66133 src 76861
59267 60018 src 76861
34861 96291 src 76861
96291 28448 src 76861
start 79894 src 79894
79894 71275 src 79894
79894 55178 src 79894
79894 37618 src 79894
79894 64967 src 79894
79894 92204 src 79894
79894 70500 src 79894
79894 83207 src 79894
79894 12862 src 79894
79894 43513 src 79894
79894 10556 src 79894
79894 26891 src 79894
71275 54374 src 79894
71275 49515 src 79894
71275 87178 src 79894
55178 90827 src 79894
55178 02064 src 79894
55178 73689 src 79894
55178 37746 src 79894
55178 41736 src 79894
37618 29052 src 79894
37618 33453 src 79894
37618 12620 src 79894
37618 89695 src 79894
64967 64566 src 79894
64967 68389 src 79894
64967 70452 src 79894
64967 72257 src 79894
64967 85746 src 79894
64967 52616 src 79894
64967 96033 src 79894
64967 37981 src 79894
92204 35437 src 79894
92204 32167 src 79894
92204 43236 src 79894
92204 39270 src 79894
92204 61616 src 79894
92204 73487 src 79894
70500 00585 src 79894
83207 03243 src 79894
83207 09212 src 79894
83207 90921 src 79894
83207 11406 src 79894
12862 63174 src 79894
12862 41318 src 79894
43513 21708 src 79894
10556 66658 src 79894
10556 15660 src 79894
26891 28475 src 79894
54374 24894 src 79894
54374 03549 src 79894
54374 43881 src 79894
49515 26311 src 79894
87178 21418 src 79894
90827 59440 src 79894
90827 63625 src 79894
90827 25229 src 79894
90827 77217 src 79894
90827 95918 src 79894
90827 70141 src 79894
90827 56127 src 79894
90827 41837 src 79894
02064 95924 src 79894
02064 25546 src 79894
02064 34336 src 79894
41736 09298 src 79894
41736 66387 src 79894
29052 22177 src 79894
29052 79489 src 79894
29052 80475 src 79894
29052 25705 src 79894
29052 67742 src 79894
33453 04746 src 79894
33453 29928 src 79894
33453 36361 src 79894
33453 43640 src 79894
33453 56723 src 79894
33453 31217 src 79894
12620 86086 src 79894
12620 82427 src 79894
89695 15695 src 79894
64566 26714 src 79894
68389 76838 src 79894
68389 36550 src 79894
70452 38660 src 79894
85746 53511 src 79894
85746 80175 src 79894
96033 06568 src 79894
96033 90411 src 79894
37981 32843 src 79894
37981 77024 src 79894
37981 93047 src 79894
35437 29633 src 79894
35437 03789 src 79894
32167 55243 src 79894
32167 38616 src 79894
43236 28340 src 79894
43236 58181 src 79894
39270 61244 src 79894
39270 60504 src 79894
73487 24378 src 79894
00585 49401 src 79894
00585 39103 src 79894
03243 21018 src 79894
03243 78323 src 79894
09212 79639 src 79894
09212 70865 src 79894
09212 98178 src 79894
63174 09627 src 79894
41318 77678 src 79894
41318 01474 src 79894
15660 79383 src 79894
15660 71349 src 79894
28475 21525 src 79894
59440 03208 src 79894
59440 97040 src 79894
59440 31877 src 79894
63625 06117 src 79894
25229 22043 src 79894
25229 91056 src 79894
25229 06662 src 79894
95918 56919 src 79894
95918 28107 src 79894
56127 44411 src 79894
41837 78027 src 79894
09298 65621 src 79894
79489 84857 src 79894
80475 11624 src 79894
80475 63615 src 79894
80475 39560 src 79894
25705 12681 src 79894
04746 46586 src 79894
04746 25427 src 79894
29928 26004 src 79894
82427 22000 src 79894
15695 08649 src 79894
26714 51549 src 79894
38660 27885 src 79894
38660 10066 src 79894
80175 74895 src 79894
80175 89558 src 79894
90411 37901 src 79894
32843 89262 src 79894
29633 53002 src 79894
38616 01823 src 79894
09627 72159 src 79894
31877 93014 src 79894
65621 46407 src 79894
65621 53748 src 79894
11624 42840 src 79894
53002 90420 src 79894
42840 65503 src 79894
Output
76425 85384 no
05022 37981 no
73689 01474 yes
71349 11624 yes
59440 42840 yes
67036 02088 yes
14815 02136 no
65503 39232 no
27885 78323 yes
22000 06935 no
86086 35437 yes
22043 19370 no
12681 22000 yes
64850 09690 yes
92172 46150 yes
40608 06568 no
70865 77678 yes
78198 96024 yes
53502 77088 yes
36361 58624 no
11489 99519 yes
07959 95592 yes
62330 73702 yes
31217 88165 no
24894 86353 no
54374 35493 no
09298 48564 no
19370 43012 yes
76589 73963 no
46645 41563 no
58458 38637 yes
01259 52616 no
24378 93047 yes
37618 74242 no
76407 36411 no
70080 11489 no
48038 43828 no
90420 43451 no
68564 83487 yes
11201 00585 no
49411 26427 no
96080 03789 no
10066 03208 yes
64770 21182 yes
68723 35437 no
97040 89840 no
26563 37058 yes
46645 26891 no
96877 72895 yes
67214 99323 yes
26714 16327 no
26714 90411 yes
62330 34842 yes
69551 55090 yes
53462 36411 no
77088 80475 no
33453 70868 no
43640 87178 yes
24378 86086 yes
59528 75136 yes
52117 45620 yes
06568 04186 no
96024 01779 yes
41837 53002 yes
39232 08649 no
67860 80251 yes
02372 35786 no
37746 43875 no
95592 32479 yes
26427 72555 yes
06117 73689 yes
18941 57930 yes
37618 39270 yes
74242 37981 no
90411 66978 no
64850 66133 yes
49411 07353 no
67742 67531 no
43881 70080 no
56531 97195 no
99323 49411 no
58291 62020 yes
58468 97221 yes
95592 64566 no
08889 40993 yes
09833 14973 no
51021 39560 no
20080 51549 no
96877 11235 no
01259 26412 no
46900 33453 no
46150 16591 yes
11980 59192 yes
26891 28448 no
78198 56919 no
43236 50496 no
41563 43012 yes
39232 82100 no
72895 89558 no
72257 72257 yes
50461 60004 no
95551 46150 yes
44990 44411 no
74027 66978 no
68033 72555 yes
11201 26563 yes
34336 36569 no
60018 53462 yes
93656 76425 no
43708 72959 yes
76407 29422 yes
95143 93656 yes
20080 61244 no
02046 02088 yes
97124 09212 no
98448 57930 yes
71550 95551 no
98679 79894 no
42322 41837 no
03208 23266 no
77088 51021 yes
64566 93391 no
44990 25229 no
11201 09690 no
10066 08649 yes
33453 43513 yes
93391 37942 yes
95906 37058 no
98448 72257 no
64566 21182 no
26735 92172 yes
59440 87178 yes
90921 31519 no
56531 10168 yes
76425 06935 no
03549 46645 no
52117 28060 yes
93014 37981 yes
00585 36550 yes
90420 28448 no
63174 35452 no
81805 78372 no
55563 29052 no
43451 12681 no
22043 27885 yes
58943 91883 yes
74904 55090 no
48199 11980 yes
91264 58943 yes
41602 87178 no
28448 86396 no
12050 25427 no
65985 56197 yes
70080 87801 yes
57503 71550 no
55243 64566 yes
95295 20705 yes
01823 04746 yes
47971 96080 no
93391 96024 yes
87178 97084 no
40608 76799 yes
19877 75928 yes
76838 72159 yes
64770 65985 yes
58624 18719 yes
29031 56371 yes
99286 79900 no
19305 15660 no
92532 84423 no
68723 43881 no
43881 84423 no
11251 95551 yes
04104 76861 yes
41837 26427 no
66260 67036 yes
32162 29052 no
67452 06989 no
09298 64948 no
62020 73963 no
39232 82100 no
74242 56531 yes
94882 58458 yes
96080 86353 yes
39232 90420 no
77678 07063 no
55243 79900 no
83830 53609 yes
71177 42258 yes
75136 39103 no
39560 23960 no
63615 67742 yes
21182 72555 yes
56371 28448 no
22177 48462 no
43875 35452 yes
66387 09212 yes
36550 39103 yes
32479 53609 no
73689 64967 yes
35437 03549 yes
40024 24539 no
63625 32197 no
79060 07423 no
01779 74904 yes
19370 08649 no
99286 63841 no
89213 09690 no
18603 42258 no
38637 43875 yes
29928 15223 no
87415 05826 yes
91933 86396 no
28060 28060 yes
56919 46606 no
85746 59876 no
49411 33775 yes
42470 82427 no
59197 69416 yes
77024 19370 no
23960 71275 no
15931 71275 no
66260 20080 yes
91056 46407 yes
67742 34336 yes
25546 67036 no
36411 91883 yes
18268 73963 yes
61708 05022 yes
34861 34861 yes
05022 32167 no
50496 03208 no
89213 48564 no
63625 55178 yes
74904 92032 yes
43451 48199 yes
24378 26891 yes
80175 37981 yes
60004 43451 yes
21802 43828 yes
70080 39232 no
09833 72895 yes
36550 49401 yes
67742 95924 yes
29978 96024 no
82427 44411 yes
48199 37058 no
16327 99519 yes
20154 90921 no
21708 25229 yes
86353 92532 no
89956 21802 no
07704 73702 yes
16727 91264 yes
80016 99286 yes
88165 32167 no
62265 95592 yes
70849 25546 no
74027 91264 yes
66658 50461 no
67860 73702 no
38660 11489 no
46586 36550 yes
39254 92402 no
58624 79489 no
95906 56127 no
03243 18851 no
62330 96291 no
35437 43875 no
66978 76799 no
45620 93014 no
95924 49301 no
95653 67452 yes
24894 53502 no
95295 70452 no
61244 86396 no
38801 78027 no
32999 29928 no
01779 95918 no
87641 43236 no
48038 49411 no
11774 64949 yes
56197 89695 no
76407 77088 yes
07299 06117 no
49301 49025 yes
64967 94489 no
97084 15223 yes
49411 95918 no
02407 28448 no
43708 64538 yes
19370 11774 no
68723 53002 no
43451 62367 yes
92172 57503 yes
25427 86086 yes
42322 55243 no
38616 22314 no
64770 43875 no
07328 63174 no
60018 06682 no
43640 95120 no
70500 59528 no
39270 10556 yes
78027 07959 no
18851 32479 no
83207 25362 no
34842 44990 yes
83792 43828 yes
96024 98178 no
49515 37746 yes
66133 46150 yes
49515 38616 yes
15341 74904 yes
99519 58458 yes
27885 12607 no
09833 55563 yes
96291 53502 yes
64770 63353 no
28448 11980 yes
95295 80016 no
46900 40024 yes
43708 11235 yes
32602 87641 yes
39560 20154 no
22177 41318 yes
04746 29928 yes
16591 63303 no
74027 53502 no
55563 66658 no
12620 84857 yes
02064 34842 no
02407 96024 yes
15660 60004 no
66260 53580 no
14815 71550 no
22177 52620 no
70849 67904 no
83487 66133 yes
74904 96709 yes
72257 24894 yes
95592 77024 no
87641 87178 no
14973 35437 no
16727 42974 yes
63625 72555 no
06117 50496 no
71177 41523 yes
59192 16591 yes
07353 89840 yes
77217 71275 yes
29928 87178 yes
05226 95551 yes
31519 07328 no
58943 74032 yes
27556 46900 yes
07063 73487 no
90420 86353 no
73689 41837 yes
39103 59197 no
01575 64948 yes
97040 03549 yes
09532 76861 no
07063 03243 no
73702 85009 no
07704 16727 yes
83207 62367 no
10168 12862 no
24378 56723 yes
74242 53462 yes
01575 46150 yes
46645 64948 no
26412 51207 yes
35317 32602 yes
64967 71349 yes
21018 28475 yes
64967 43522 no
End
