Graph
3889 4682
3395 1216
6053 6379
6505 9549
2702 6815
9241 6113
7004 7776
8492 3395
5175 4502
0189 3226
4872 6379
7004 7004
7004 5175
6053 9688
6417 9241
9688 4872
7776 4491
9688 8803
5175 4502
7004 4502
5919 9688
9643 8027
9549 3395
1216 9549
4682 7004
9688 3095
6113 8484
7004 3889
2377 6497
6053 5919
5175 5175
5294 5175
4502 5294
3792 0189
9549 8492
7776 5175
0282 6505
9643 8484
8803 4872
2417 4682
5294 3889
6497 6417
3226 3792
3095 9688
4682 3889
0189 8492
6815 6113
1216 3395
2377 9241
5175 4682
0157 0189
6113 6417
0189 8492
4502 5294
6497 6417
1216 1216
4682 1493
2377 8027
6417 6113
6815 2702
3226 1216
3505 3792
6113 6113
3095 8431
4502 2417
2702 9241
5919 8803
1216 8492
7197 6497
2702 9643
4872 6053
8492 0189
2417 7776
0282 3226
0157 6505
0157 6505
3505 3395
0157 0157
4872 8431
0189 3505
2417 7776
7197 9643
6417 6417
3226 8492
7004 1493
8803 3095
7776 5294
3505 3226
2377 2702
6815 9643
5919 4872
3095 6053
2377 6497
6815 9241
0189 0282
3395 1216
1493 7776
7776 7776
9643 9241
7004 7776
6379 8803
6505 3226
6505 6505
3226 0282
0157 9549
5919 9688
8492 0189
4502 4682
3792 8492
6815 6417
3889 3889
7776 1493
8484 8484
Queries
1216 3792
3395 6053
6379 4872
4872 2417
8492 9241
5919 6815
6053 3095
8431 8803
1493 6505
6379 6113
2702 1216
1216 6053
8484 8431
9643 6815
9688 6053
7197 6497
2702 7004
0189 0189
5294 5175
4502 4682
4491 7776
5175 4682
6497 1216
0282 2417
6113 1216
4682 6497
7004 5294
3505 9549
9643 9241
4491 4872
6379 9688
8484 4491
3095 5919
5919 4491
3889 1493
9643 5175
2417 4491
9241 6505
5919 9241
8492 3505
9241 6417
9241 2702
3095 2377
7004 3792
3395 2377
4872 3095
8027 6113
2377 9241
9688 6379
5919 7197
9549 5919
6379 7197
0189 2702
6815 6113
3505 4872
5919 4872
7197 9688
7004 6379
6505 0157
4502 4502
8027 8484
7197 2417
8492 4491
6505 0157
3792 0189
5175 5175
8803 5919
6053 1493
7197 9688
0282 6815
7197 6379
0189 2702
4872 9688
0189 4502
3889 8803
5294 0157
0189 9549
9643 9643
3505 9549
1493 9643
3889 6815
2377 6053
8492 3792
9241 9549
9688 4682
8492 0157
3792 7776
4502 7004
3792 2702
0282 9241
5175 6505
6815 5175
Thinking
start 9643 src 9643
9643 8027 src 9643
9643 8484 src 9643
9643 2702 src 9643
9643 7197 src 9643
9643 6815 src 9643
9643 9241 src 9643
8027 2377 src 9643
8484 6113 src 9643
7197 6497 src 9643
6815 6417 src 9643
start 9549 src 9549
9549 6505 src 9549
9549 3395 src 9549
9549 1216 src 9549
9549 8492 src 9549
9549 0157 src 9549
6505 0282 src 9549
6505 3226 src 9549
3395 3505 src 9549
8492 0189 src 9549
8492 3792 src 9549
start 7004 src 7004
7004 7776 src 7004
7004 5175 src 7004
7004 4502 src 7004
7004 4682 src 7004
7004 3889 src 7004
7004 1493 src 7004
7776 4491 src 7004
7776 2417 src 7004
7776 5294 src 7004
start 9688 src 9688
9688 6053 src 9688
9688 4872 src 9688
9688 8803 src 9688
9688 5919 src 9688
9688 3095 src 9688
6053 6379 src 9688
4872 8431 src 9688
Output
1216 3792 yes
3395 6053 no
6379 4872 yes
4872 2417 no
8492 9241 no
5919 6815 no
6053 3095 yes
8431 8803 yes
1493 6505 no
6379 6113 no
2702 1216 no
1216 6053 no
8484 8431 no
9643 6815 yes
9688 6053 yes
7197 6497 yes
2702 7004 no
0189 0189 yes
5294 5175 yes
4502 4682 yes
4491 7776 yes
5175 4682 yes
6497 1216 no
0282 2417 no
6113 1216 no
4682 6497 no
7004 5294 yes
3505 9549 yes
9643 9241 yes
4491 4872 no
6379 9688 yes
8484 4491 no
3095 5919 yes
5919 4491 no
3889 1493 yes
9643 5175 no
2417 4491 yes
9241 6505 no
5919 9241 no
8492 3505 yes
9241 6417 yes
9241 2702 yes
3095 2377 no
7004 3792 no
3395 2377 no
4872 3095 yes
8027 6113 yes
2377 9241 yes
9688 6379 yes
5919 7197 no
9549 5919 no
6379 7197 no
0189 2702 no
6815 6113 yes
3505 4872 no
5919 4872 yes
7197 9688 no
7004 6379 no
6505 0157 yes
4502 4502 yes
8027 8484 yes
7197 2417 no
8492 4491 no
6505 0157 yes
3792 0189 yes
5175 5175 yes
8803 5919 yes
6053 1493 no
7197 9688 no
0282 6815 no
7197 6379 no
0189 2702 no
4872 9688 yes
0189 4502 no
3889 8803 no
5294 0157 no
0189 9549 yes
9643 9643 yes
3505 9549 yes
1493 9643 no
3889 6815 no
2377 6053 no
8492 3792 yes
9241 9549 no
9688 4682 no
8492 0157 yes
3792 7776 no
4502 7004 yes
3792 2702 no
0282 9241 no
5175 6505 no
6815 5175 no
End
