Graph
4688 0480
5324 7761
5628 5628
8842 5324
9076 3746
9583 1976
4445 5989
1267 1976
1174 5324
5324 5366
4445 9583
4688 5312
9400 4803
0929 5312
6497 1837
0287 0480
1267 1976
5312 0480
0480 0929
9076 5324
6915 1998
7223 5312
3219 0129
7970 7223
9583 3219
9988 5324
5353 7722
0129 4486
4803 9910
4803 7761
4803 9910
0647 4688
4803 4140
9076 1657
6915 1174
8807 7223
5366 9400
7761 1998
1267 5989
0912 4486
9175 5366
9400 9910
9076 4803
9076 7722
5366 5324
4140 4803
5628 1976
9583 0129
9583 4486
0647 1837
5312 0287
5366 8842
7970 0480
1267 9583
0929 4688
1657 1998
4486 5628
1267 5628
6093 3746
4140 3746
9910 1998
4688 4688
9583 3219
7970 6497
0287 7970
0287 6497
0480 7970
1837 0628
7722 6126
6915 9400
3746 9988
0480 0929
0628 7223
1976 4486
5312 5312
3219 1976
9400 3746
0129 4445
9175 4803
4140 5324
5989 9583
7223 0647
9988 4803
0129 3219
5353 6126
0929 0628
1976 4486
6497 0287
5353 6126
6497 4688
7722 5353
0912 1976
9400 9175
0929 7970
5312 4688
1998 9988
5989 1976
9583 4445
0129 4486
7223 7970
6497 1837
1976 4445
4486 1267
1657 7761
5628 4445
0480 4688
9988 4803
0480 0480
3219 4486
4803 5324
0912 5628
3219 1267
4445 1976
3219 3219
6497 0929
0912 3219
3746 7761
8807 0480
7223 8807
0647 0287
7223 5312
4688 4688
9175 1657
Queries
1976 1267
1837 3746
1998 5628
9988 9988
7970 0480
0129 7761
0129 4803
5628 1267
0287 4486
0929 0912
0929 6093
1976 6497
3746 3746
5353 8807
7970 7722
0129 5628
5353 1174
5989 0647
0912 5989
5312 0628
4445 9175
0480 0912
7761 0480
3219 8807
1267 3219
0912 1267
5989 9583
4688 9175
8807 4445
6093 9076
4445 9400
5628 1267
8807 0929
9583 0912
4445 0129
7970 0480
0129 5324
7722 4140
4688 9400
5628 4445
7761 1976
1657 0647
7722 0628
1837 0929
1976 0129
5989 6126
0480 9175
7970 8807
0912 1267
8807 7761
0287 4688
5989 0129
1267 4445
8807 6126
9175 1174
0129 0628
1174 4140
9583 1267
4445 4486
0628 5312
4486 4140
5366 4688
7223 3219
5989 3746
4445 4688
9910 1267
3746 9988
1267 1976
5353 6093
6497 0480
0480 6093
9910 4140
0129 1267
1267 6915
3219 0129
1976 8807
4140 1174
1267 5989
0129 5989
0929 7722
1267 9400
0628 1976
5324 3219
9583 4688
8842 1837
6497 3746
0480 6093
5312 7970
5312 9910
3219 7970
Thinking
start 7970 src 7970
7970 7223 src 7970
7970 0480 src 7970
7970 6497 src 7970
7970 0287 src 7970
7970 0929 src 7970
7223 5312 src 7970
7223 8807 src 7970
7223 0628 src 7970
7223 0647 src 7970
0480 4688 src 7970
6497 1837 src 7970
start 5989 src 5989
5989 4445 src 5989
5989 1267 src 5989
5989 9583 src 5989
5989 1976 src 5989
4445 0129 src 5989
4445 5628 src 5989
1267 4486 src 5989
1267 3219 src 5989
1976 0912 src 5989
start 5353 src 5353
5353 7722 src 5353
5353 6126 src 5353
7722 9076 src 5353
9076 3746 src 5353
9076 5324 src 5353
9076 1657 src 5353
9076 4803 src 5353
3746 6093 src 5353
3746 4140 src 5353
3746 9988 src 5353
3746 9400 src 5353
3746 7761 src 5353
5324 8842 src 5353
5324 1174 src 5353
5324 5366 src 5353
1657 1998 src 5353
1657 9175 src 5353
4803 9910 src 5353
9400 6915 src 5353
Output
1976 1267 yes
1837 3746 no
1998 5628 no
9988 9988 yes
7970 0480 yes
0129 7761 no
0129 4803 no
5628 1267 yes
0287 4486 no
0929 0912 no
0929 6093 no
1976 6497 no
3746 3746 yes
5353 8807 no
7970 7722 no
0129 5628 yes
5353 1174 yes
5989 0647 no
0912 5989 yes
5312 0628 yes
4445 9175 no
0480 0912 no
7761 0480 no
3219 8807 no
1267 3219 yes
0912 1267 yes
5989 9583 yes
4688 9175 no
8807 4445 no
6093 9076 yes
4445 9400 no
5628 1267 yes
8807 0929 yes
9583 0912 yes
4445 0129 yes
7970 0480 yes
0129 5324 no
7722 4140 yes
4688 9400 no
5628 4445 yes
7761 1976 no
1657 0647 no
7722 0628 no
1837 0929 yes
1976 0129 yes
5989 6126 no
0480 9175 no
7970 8807 yes
0912 1267 yes
8807 7761 no
0287 4688 yes
5989 0129 yes
1267 4445 yes
8807 6126 no
9175 1174 yes
0129 0628 no
1174 4140 yes
9583 1267 yes
4445 4486 yes
0628 5312 yes
4486 4140 no
5366 4688 no
7223 3219 no
5989 3746 no
4445 4688 no
9910 1267 no
3746 9988 yes
1267 1976 yes
5353 6093 yes
6497 0480 yes
0480 6093 no
9910 4140 yes
0129 1267 yes
1267 6915 no
3219 0129 yes
1976 8807 no
4140 1174 yes
1267 5989 yes
0129 5989 yes
0929 7722 no
1267 9400 no
0628 1976 no
5324 3219 no
9583 4688 no
8842 1837 no
6497 3746 no
0480 6093 no
5312 7970 yes
5312 9910 no
3219 7970 no
End
