Graph
3241 1597
6274 9253
3260 8299
9057 0307
8497 4204
8497 5558
0985 8669
5486 3260
9889 8177
3846 0307
4204 1508
9253 5307
8177 5486
9254 0899
0291 3260
1197 0307
9254 6274
6274 0650
2992 3196
0469 2992
5486 8762
0469 5558
4204 4480
4018 2614
3846 4018
9254 1065
8078 4039
5470 2992
1597 8078
1597 1456
1830 0985
2992 7233
4204 0469
1197 2614
0307 1830
1597 5373
8657 3260
5960 9253
6770 9889
3846 3236
3516 8177
5373 6632
5558 6109
8190 2992
Queries
3516 8762
5373 6274
1456 9254
3516 0291
1065 3846
1597 2614
6274 8177
1597 0650
3516 0650
4480 3846
5960 0650
8190 3196
8657 8190
5960 6274
0650 0650
5486 5486
3241 8657
3516 5373
8078 3241
0307 0985
5307 3846
5373 0469
5960 8657
3260 8657
9254 6274
1456 6274
9889 0291
6274 5960
1597 5373
9253 4204
3846 6274
5470 7233
9254 5307
5307 0899
8299 8762
8299 3516
1830 8078
1597 5373
9889 6632
0650 5307
2992 5558
8078 1456
4018 6274
0899 0985
9057 3241
4018 1197
4039 8299
0650 1065
6274 5307
0469 4480
0469 8497
8657 9889
4018 1597
5558 7233
3196 0291
0291 0291
8497 2992
9057 2614
2614 9253
5470 8190
8177 0899
6770 4039
4039 1065
3241 1597
2614 3846
3241 1456
8657 5558
7233 6274
5558 3236
2992 8497
1065 5960
3196 0899
1456 0899
5307 1597
9254 1065
1456 8078
5307 1065
5307 6632
8078 1197
5486 3516
0899 0291
1456 3241
6770 2992
8762 3516
9057 4480
1508 5470
4480 5470
4204 7233
0985 0307
8657 5558
Thinking
start 2992 src 2992
2992 3196 src 2992
2992 0469 src 2992
2992 5470 src 2992
2992 7233 src 2992
2992 8190 src 2992
0469 5558 src 2992
0469 4204 src 2992
5558 8497 src 2992
5558 6109 src 2992
4204 1508 src 2992
4204 4480 src 2992
start 5486 src 5486
5486 3260 src 5486
5486 8177 src 5486
5486 8762 src 5486
3260 8299 src 5486
3260 0291 src 5486
3260 8657 src 5486
8177 9889 src 5486
8177 3516 src 5486
9889 6770 src 5486
start 8078 src 8078
8078 4039 src 8078
8078 1597 src 8078
1597 3241 src 8078
1597 1456 src 8078
1597 5373 src 8078
5373 6632 src 8078
start 1830 src 1830
1830 0985 src 1830
1830 0307 src 1830
0985 8669 src 1830
0307 9057 src 1830
0307 3846 src 1830
0307 1197 src 1830
3846 4018 src 1830
3846 3236 src 1830
1197 2614 src 1830
start 0899 src 0899
0899 9254 src 0899
9254 6274 src 0899
9254 1065 src 0899
6274 9253 src 0899
6274 0650 src 0899
9253 5307 src 0899
9253 5960 src 0899
Output
3516 8762 yes
5373 6274 no
1456 9254 no
3516 0291 yes
1065 3846 no
1597 2614 no
6274 8177 no
1597 0650 no
3516 0650 no
4480 3846 no
5960 0650 yes
8190 3196 yes
8657 8190 no
5960 6274 yes
0650 0650 yes
5486 5486 yes
3241 8657 no
3516 5373 no
8078 3241 yes
0307 0985 yes
5307 3846 no
5373 0469 no
5960 8657 no
3260 8657 yes
9254 6274 yes
1456 6274 no
9889 0291 yes
6274 5960 yes
1597 5373 yes
9253 4204 no
3846 6274 no
5470 7233 yes
9254 5307 yes
5307 0899 yes
8299 8762 yes
8299 3516 yes
1830 8078 no
1597 5373 yes
9889 6632 no
0650 5307 yes
2992 5558 yes
8078 1456 yes
4018 6274 no
0899 0985 no
9057 3241 no
4018 1197 yes
4039 8299 no
0650 1065 yes
6274 5307 yes
0469 4480 yes
0469 8497 yes
8657 9889 yes
4018 1597 no
5558 7233 yes
3196 0291 no
0291 0291 yes
8497 2992 yes
9057 2614 yes
2614 9253 no
5470 8190 yes
8177 0899 no
6770 4039 no
4039 1065 no
3241 1597 yes
2614 3846 yes
3241 1456 yes
8657 5558 no
7233 6274 no
5558 3236 no
2992 8497 yes
1065 5960 yes
3196 0899 no
1456 0899 no
5307 1597 no
9254 1065 yes
1456 8078 yes
5307 1065 yes
5307 6632 no
8078 1197 no
5486 3516 yes
0899 0291 no
1456 3241 yes
6770 2992 no
8762 3516 yes
9057 4480 no
1508 5470 yes
4480 5470 yes
4204 7233 yes
0985 0307 yes
8657 5558 no
End
