Graph
5170 0337
8643 8890
2804 9314
5146 6410
6760 6070
0337 0509
0337 1708
9814 9814
4916 6070
5146 3005
3005 8525
9863 7670
9145 0867
1188 8890
6686 1978
9863 9814
6930 4441
9863 3323
3894 1713
3005 6686
8890 2391
3894 8890
7625 9498
5170 4591
7960 2804
1708 1921
1921 5170
4003 7809
3005 6686
8643 7809
8643 7809
1188 8643
1978 3005
3464 9863
4916 6930
9145 5170
3894 1713
9863 6930
3464 7670
4978 6070
0509 0867
4441 4978
0509 9145
7809 1713
1713 2391
1921 7625
4591 9498
7809 3894
5146 6410
1921 2007
1900 7625
6992 6686
7960 2804
9145 9498
2007 1900
3894 4003
2391 8890
2391 4003
7670 4916
1188 8890
3005 0328
0328 7960
6992 6686
7960 6410
9314 6686
1978 1978
1900 5170
6686 3005
3005 6686
0509 4591
6760 9814
6686 3005
Queries
1188 2391
3005 6992
9314 9145
6070 0509
8890 2391
1713 4003
0867 4591
1978 6992
7670 6410
7670 1978
0337 5170
3894 6070
2391 4441
1921 1713
4441 1900
9145 8525
8643 8890
7670 3464
8643 6410
5170 3005
7960 6686
9498 7670
1713 6686
6686 4978
1921 8890
7960 0509
6410 2804
5170 4978
0328 5170
1978 4003
0337 4003
9145 2007
0509 2007
4978 7670
0328 3005
4003 2391
0337 7625
7960 4591
8890 3894
2391 4441
6686 1978
4441 1978
8643 6070
4978 9314
1708 2007
6760 6930
8890 7960
9145 0867
6760 4978
6070 9863
3323 6930
4003 5146
8525 3005
8890 1713
4978 4916
0328 6992
0337 7625
2391 8890
8890 4003
3323 4916
6410 8525
2391 3894
6070 6070
6410 9498
2804 1978
7670 4978
3323 9814
1188 9145
6070 4003
3005 7960
6686 4978
1921 8643
1921 0867
8643 6686
2007 6760
4441 9863
1978 4441
3464 9814
6410 0328
7670 4441
1708 1900
8525 4978
4003 0328
9498 3464
1921 0509
1921 9814
8643 4978
9145 8890
9498 7809
2007 3323
0328 6930
0328 7960
0509 4978
3005 3005
9814 1978
1708 4591
8890 6070
1978 6992
6686 8643
7625 6070
Thinking
start 3323 src 3323
3323 9863 src 3323
9863 7670 src 3323
9863 9814 src 3323
9863 3464 src 3323
9863 6930 src 3323
7670 4916 src 3323
9814 6760 src 3323
6930 4441 src 3323
4916 6070 src 3323
4441 4978 src 3323
start 5170 src 5170
5170 0337 src 5170
5170 4591 src 5170
5170 1921 src 5170
5170 9145 src 5170
5170 1900 src 5170
0337 0509 src 5170
0337 1708 src 5170
4591 9498 src 5170
1921 7625 src 5170
1921 2007 src 5170
9145 0867 src 5170
start 9314 src 9314
9314 2804 src 9314
9314 6686 src 9314
2804 7960 src 9314
6686 1978 src 9314
6686 3005 src 9314
6686 6992 src 9314
7960 0328 src 9314
7960 6410 src 9314
3005 5146 src 9314
3005 8525 src 9314
start 7809 src 7809
7809 4003 src 7809
7809 8643 src 7809
7809 1713 src 7809
7809 3894 src 7809
4003 2391 src 7809
8643 8890 src 7809
8643 1188 src 7809
Output
1188 2391 yes
3005 6992 yes
9314 9145 no
6070 0509 no
8890 2391 yes
1713 4003 yes
0867 4591 yes
1978 6992 yes
7670 6410 no
7670 1978 no
0337 5170 yes
3894 6070 no
2391 4441 no
1921 1713 no
4441 1900 no
9145 8525 no
8643 8890 yes
7670 3464 yes
8643 6410 no
5170 3005 no
7960 6686 yes
9498 7670 no
1713 6686 no
6686 4978 no
1921 8890 no
7960 0509 no
6410 2804 yes
5170 4978 no
0328 5170 no
1978 4003 no
0337 4003 no
9145 2007 yes
0509 2007 yes
4978 7670 yes
0328 3005 yes
4003 2391 yes
0337 7625 yes
7960 4591 no
8890 3894 yes
2391 4441 no
6686 1978 yes
4441 1978 no
8643 6070 no
4978 9314 no
1708 2007 yes
6760 6930 yes
8890 7960 no
9145 0867 yes
6760 4978 yes
6070 9863 yes
3323 6930 yes
4003 5146 no
8525 3005 yes
8890 1713 yes
4978 4916 yes
0328 6992 yes
0337 7625 yes
2391 8890 yes
8890 4003 yes
3323 4916 yes
6410 8525 yes
2391 3894 yes
6070 6070 yes
6410 9498 no
2804 1978 yes
7670 4978 yes
3323 9814 yes
1188 9145 no
6070 4003 no
3005 7960 yes
6686 4978 no
1921 8643 no
1921 0867 yes
8643 6686 no
2007 6760 no
4441 9863 yes
1978 4441 no
3464 9814 yes
6410 0328 yes
7670 4441 yes
1708 1900 yes
8525 4978 no
4003 0328 no
9498 3464 no
1921 0509 yes
1921 9814 no
8643 4978 no
9145 8890 no
9498 7809 no
2007 3323 no
0328 6930 no
0328 7960 yes
0509 4978 no
3005 3005 yes
9814 1978 no
1708 4591 yes
8890 6070 no
1978 6992 yes
6686 8643 no
7625 6070 no
End
