Graph
98082 01884
44476 43102
25186 90964
42277 84902
10401 38714
41551 64666
55039 75709
51196 87004
67238 68088
83528 07612
40344 31431
86778 92397
86778 45120
27237 57364
12510 25738
23599 42295
25066 74044
19934 69311
70408 16427
04640 80579
47510 11333
61938 25823
87004 69315
33353 76749
89134 56372
80457 99849
40344 65009
31021 81249
15107 90157
99646 19594
22998 01378
82128 32600
81066 65428
58583 68729
94136 00463
87872 28320
43863 42510
44990 62332
20617 69352
00986 92207
51950 18304
76772 47697
96381 14898
57084 07301
89399 05920
66074 92191
92907 42924
04612 32018
76993 37113
63780 07612
69466 82348
97010 60871
16427 10104
19133 71471
60498 71233
21303 41924
94739 39000
42510 41769
13407 59234
06436 86661
86661 80596
27237 78853
78268 06436
98031 81928
76772 05731
71233 81928
41924 96911
99646 65016
74140 72803
18304 71017
49635 71714
23095 23095
71222 43905
23390 50990
15540 05666
16688 72803
19133 06798
41926 70030
81725 51961
71714 08063
98031 81249
80596 70030
55615 69352
84272 34917
76205 47697
26165 18950
98031 98031
29699 07301
15348 39408
55615 52996
80304 70408
56903 29396
70030 06436
60498 55039
69690 51256
45176 82128
26415 93745
45671 03117
82128 14897
50009 19167
20297 36062
74610 33353
34012 21804
50181 29861
68137 86661
31021 16688
95231 41994
57364 94739
94136 10876
31644 56922
49666 66096
21408 87713
45706 30242
01844 31644
23400 81428
31173 74373
08063 81735
08063 20297
57364 05731
80304 37463
96911 85142
94739 23400
98031 62256
76936 58575
27271 50990
55039 92369
97010 98031
55039 58826
65484 49635
60084 72948
46321 87713
13477 59234
40922 96581
92736 44476
82348 18950
50990 15348
80596 96338
85730 13163
00463 52115
75697 53817
22234 08382
03782 69380
15774 65016
79890 46866
90367 11105
82638 38073
81357 57364
30966 18663
72924 45120
10104 51196
51402 44990
39800 74610
99695 82964
74044 43863
90157 84272
41551 29396
46547 27237
24843 02149
11367 73574
28340 72558
65087 91125
42549 42549
41154 01844
15931 40922
76772 14993
03117 70443
48749 82964
46696 16533
59234 85875
21303 11389
14363 46866
51196 42544
14898 06436
59113 19924
03815 39800
47448 51152
76993 75697
14363 75697
64032 06798
82802 70030
81428 66839
13988 70408
10876 70443
99646 98623
59234 52996
31644 42295
24781 08051
42544 10875
19133 46321
61938 70841
12510 90412
28365 71233
82964 86661
77351 89518
47697 38714
96192 29740
69352 20617
48749 22723
16533 38073
26404 89696
19594 29385
55254 51196
03117 45671
41926 82348
42544 44571
69311 89068
31173 58575
85730 24295
66096 49635
76326 02010
22193 29699
56922 38875
96911 42295
84733 84733
04344 18304
69284 86661
66096 28320
32600 12510
46547 12510
90889 74044
43290 48598
82802 76936
63780 64688
84272 60084
41769 86778
12510 38159
96369 92191
65484 55733
55039 31180
98366 55128
99849 86312
89068 21259
62256 50990
29396 47365
05920 84272
16427 23095
60871 43863
37113 19924
89399 27670
62069 26165
55128 40344
70841 57364
20349 00786
38714 91840
99695 69284
73475 95300
32600 46547
83547 47510
51152 38163
32018 17966
74373 01844
70841 29740
72948 08753
52629 87713
59845 69479
89068 48749
04262 10401
65375 28662
29396 08382
78262 57148
31679 76936
70510 68729
41590 61383
77076 26165
15137 41010
78969 40922
26404 02149
47983 34917
20297 06477
11849 62069
18663 33353
06436 82802
99849 87004
34346 13163
54983 62069
85730 15540
16752 22193
96338 56960
99695 11849
06477 44476
82802 48749
92369 91125
94136 23095
47983 59234
25066 00397
49666 86980
81428 42116
13407 71017
72558 79890
89134 72948
52996 56372
74140 41769
37113 23390
70408 99849
09678 60005
55733 07612
49666 64688
51256 68733
51418 44990
25694 14898
26404 28365
45671 04640
03931 92736
16427 69320
41926 96381
76326 29380
20437 03123
24607 83528
46866 24781
65628 66783
65016 89231
37497 96338
60700 60084
26404 46866
74423 44699
36461 78969
86980 22998
76993 40604
80304 64823
69352 51152
82964 98082
40569 04612
72924 42510
02010 75862
60084 69479
04612 72948
52626 57137
26107 64688
90412 41010
61383 91840
66096 83528
78506 74140
56072 49138
27271 36461
58919 58583
71997 69315
76936 20349
65009 57364
37463 21804
19594 03931
66074 04344
21303 82103
69466 48598
47365 07301
18950 85142
62069 68137
92369 90367
90367 40922
55128 61383
77076 99695
76287 75697
75862 03815
63618 74044
23067 68381
60871 65087
90889 92397
74373 46876
27670 68729
41551 22516
49812 86980
86778 07672
47983 37939
65375 47177
27271 89713
71222 23599
17966 03123
61383 81851
16533 19352
26107 19133
60871 42549
07521 21303
96934 46321
01844 95300
80056 94811
26107 57148
12510 00463
21804 15009
44476 49812
14363 07672
43573 22816
37113 86778
86778 40604
87713 75862
56922 34346
01378 90964
04612 22234
32600 70408
95231 70443
85875 37504
69690 32018
92191 59845
41590 46547
77351 74423
52817 93504
41994 45176
38115 25186
70030 07521
92907 58575
27467 58113
31431 52626
57364 81428
63780 30966
52996 16752
43237 80579
76993 64829
64829 94007
28320 92137
77351 79199
17966 60084
44571 31431
38115 65016
50009 19581
26704 17966
50201 50201
49812 28320
93745 41924
95680 61383
87713 30230
65087 08051
42277 46744
78506 40922
28375 58826
28662 06798
78506 89696
63780 24607
26165 66783
28662 02010
39408 31180
34917 52817
79199 28320
74535 70030
79199 92137
76307 69311
46696 47697
39408 76287
03117 70408
19167 77351
21804 78853
78969 89696
84733 89696
12270 29740
57167 95375
18039 22560
37939 89399
68088 29861
13988 98366
42549 81249
55254 61938
05920 39518
45176 65009
55039 97010
59843 57167
15137 16533
41633 84733
65609 73574
87872 00625
56922 21259
30230 22816
41590 00463
19133 92137
23067 80596
45671 41590
12510 27237
59843 19167
86778 40922
14897 27237
16533 37463
84902 68137
86778 69335
70443 57364
48598 73475
58919 82157
16688 91125
61313 84733
51402 92137
72803 86778
55128 23400
04262 14897
17278 37504
95375 55733
19581 25186
01844 76307
30260 08382
47177 68088
53817 11105
55128 28510
03117 81851
68729 40569
71979 06436
38875 62069
07842 05920
63019 33451
11367 57084
76936 56960
57137 52626
86778 61313
57084 37504
55325 95231
53817 81249
66074 72948
66074 57084
48598 90045
42510 78506
94739 41994
26107 63019
13988 47697
50990 15348
16752 98078
95354 64666
51961 24607
98078 52996
95354 30260
98623 01378
11849 06436
51152 47365
49812 90757
49002 13407
74373 68381
42544 94739
94136 78853
09678 26165
78853 94739
69335 50990
49812 57167
01378 81725
38714 55325
10104 61938
80056 19133
98078 27467
00786 18950
82802 82964
56072 27670
56960 96381
00463 43237
15107 51256
99646 92137
82103 92207
74610 44699
96581 69335
20693 33753
16427 95231
09669 34346
31644 84902
65375 21448
58919 60084
89068 44596
52817 18304
74044 46866
15137 14897
69479 72948
76749 64688
41769 62256
39518 26704
95354 47448
96934 76326
37939 46146
47177 21408
82157 04344
00625 66096
65009 23400
41010 19352
00397 11333
92137 68088
76205 95680
60005 26165
46319 92397
80056 52629
52115 19352
13988 10876
65375 76749
29385 49812
08382 56072
48749 41924
38163 93504
40569 58113
09678 65628
69335 64829
37113 18039
42116 05731
74140 81928
85730 65628
57831 74610
47983 17278
74535 68137
96369 47983
81249 24843
96934 68333
71017 96369
40344 34012
75348 60084
27237 87004
11389 85730
66783 20349
81928 72803
90157 37504
81249 90889
79199 57831
19352 32600
48749 41154
19934 41154
59160 17966
97010 18039
91316 56960
51196 16427
37504 27670
46866 34405
74610 75862
82638 10401
95680 69315
92736 43573
37463 41590
11367 96369
79343 72803
18304 59160
98179 21303
25851 66839
66839 14897
34234 97478
63019 68333
02202 81851
45120 72924
60871 92397
64688 90964
24781 31021
92736 57148
31679 44596
46696 80304
04612 60084
73475 89068
96934 77351
89518 51418
52817 95354
04146 04344
61383 69320
74535 74535
70030 24295
71017 66074
95354 84272
29699 38163
26415 82103
31431 15009
59680 41633
50201 72924
19594 63780
19924 28340
80056 03931
47510 81928
34012 86312
31021 30242
48749 31644
21786 95375
49138 49668
81725 44990
64823 46547
60084 59160
82638 16427
82802 24295
10875 69315
24781 76993
71017 60084
46547 04843
39000 13988
12270 41994
16463 75862
85142 96381
34917 89399
87004 04843
94811 89518
16533 47697
68333 44476
50936 76749
98078 55615
37463 14993
64829 76287
68733 33753
74044 59680
15137 04843
90157 95354
42549 97010
45671 16533
69380 96381
83547 79343
40344 55325
61938 94739
45176 13988
63019 78262
41590 66839
01884 09669
82802 00786
27237 41994
90964 77351
68729 89134
91316 21303
52996 08753
60700 57084
65016 57831
13988 02202
94811 16463
81428 16533
34234 49666
25851 39000
46547 04640
64688 76326
47697 66839
47983 68733
95231 16533
21786 29385
59843 50009
69320 04640
31180 15931
40569 59234
00986 86661
25851 03117
04262 80579
14993 70408
25823 00463
45706 72955
55615 49002
59160 82157
61938 64823
16463 21408
43905 19934
76936 96381
47510 97010
67735 43237
45120 45120
79199 29380
20297 28662
68137 37497
25916 18039
25823 78853
37504 81172
74535 90045
96338 93745
89696 07672
42549 83547
57167 19133
70510 59160
71997 25823
83528 97485
71979 82348
81249 76287
81725 47177
91316 82964
71017 68733
41769 26404
51961 90964
92191 82157
82348 56922
41926 26165
79890 74140
55128 16533
83606 46319
28510 52115
61313 45120
80939 72924
08382 81172
82964 21303
50936 59843
31679 23067
23599 76936
90889 27271
47448 52817
14363 81928
48598 60005
14993 46696
20349 95300
50201 14363
20617 29902
42549 79890
66074 51152
28365 62256
93745 56272
34405 39408
51950 15107
70510 85875
81066 27670
79890 83547
36461 24781
21408 65016
36062 51418
45176 14897
45706 24843
91840 64823
21448 26107
56372 38163
76205 46547
97010 60498
91840 86436
89518 00625
12270 34012
17966 81172
75697 00397
65609 37939
25694 43905
53817 15348
38073 61383
67735 55128
41010 76205
20693 58583
58583 47983
15107 85875
43905 91316
76287 43863
02202 49523
69466 56960
01378 50936
47177 49812
02028 87872
89231 92736
46744 48749
40569 03123
89231 64688
00786 41924
76772 44571
87872 18663
89134 29396
38159 40344
19581 25186
37463 16427
97010 83547
81735 47177
21448 50181
70841 13988
57167 19167
24843 75697
46321 00625
92397 94007
59160 81066
06436 76307
45706 25066
89696 19924
10401 02202
13477 08753
20437 92191
00397 92397
85964 94739
60700 73574
55325 67735
94136 82638
31021 22560
19167 29385
01884 73475
08051 76287
37497 05666
42544 21804
03123 08114
56960 91316
01844 91316
38073 82638
51418 90964
14363 78969
00463 46696
94136 16533
37654 72955
11105 14918
30260 68729
98078 57084
32600 57364
94739 21804
55615 65609
47365 08753
22516 08382
38163 04344
74535 01884
60700 16752
81735 52629
02028 44990
50936 25186
22234 33753
31173 48749
86436 86312
29380 87872
81172 07301
89399 68733
90889 15931
91316 46876
31644 23067
41551 59234
30242 59113
40569 49002
70443 61383
29902 22234
25186 19133
20349 76936
59843 21786
40604 72924
23390 24781
89696 31180
71471 98623
76993 75697
03117 82128
47510 31021
90757 25186
41010 86436
01884 89068
14993 00463
94463 65087
26404 30242
92736 90964
07612 65484
15540 92907
80457 98366
98179 31644
22998 34234
26107 28320
69335 89696
76205 25823
04612 57084
21303 69380
98179 96381
52626 47697
10876 15137
23067 19934
00986 73475
24781 25916
83606 86778
46319 37654
68381 93745
81066 46146
85142 14898
46146 29396
44699 74423
89518 55733
14993 27237
64688 39800
74044 84733
04344 51256
74610 77351
37113 11333
68088 44990
70841 87004
58826 07672
38163 56072
29396 92191
99695 21303
78969 69335
43102 68088
14993 82128
07301 47983
47365 72948
90964 78262
22560 28365
44990 08063
15931 79890
14363 24781
00986 05666
59845 72948
81428 38714
39000 41010
25066 39408
19133 65484
57167 74423
04640 86436
46547 10104
46696 38073
16688 89713
23067 34346
25186 08063
07301 18304
11105 98031
82128 41994
31679 69380
04640 82638
42295 21259
56272 69311
62069 00786
10401 80457
57831 18663
01844 01884
71222 14898
94136 32600
90412 25851
96192 46547
98366 38714
52629 94811
55254 49523
87004 41590
81357 78853
64666 89399
49002 81172
98078 47448
58919 20437
92191 71017
94739 05731
44476 33451
74423 21786
97010 94007
97478 16463
02010 03931
44571 04262
38163 08382
24607 30966
48749 69284
94463 46866
98082 15540
90367 74044
70030 13163
42924 93745
24843 72924
39264 34234
02149 28365
38115 24607
26165 19934
92191 71017
14363 86778
76936 85142
92191 17966
01884 93745
58583 17278
38714 87004
97478 86980
34917 58919
26107 68333
46319 65087
46547 13988
78268 86661
60005 42924
59845 47983
22723 71979
72803 92397
75697 72955
71233 11333
76326 19581
20693 04344
20693 34917
94463 53817
29396 95354
89068 82802
46876 18950
03931 50181
76326 65484
42295 60005
69315 38714
24607 75862
04843 80457
38159 05731
83528 51961
21259 09669
46101 56922
23400 64823
19581 63780
86312 81357
21259 56272
78506 76287
70443 15009
26704 56903
31644 56272
06477 64032
80304 85964
89713 55039
91840 94739
56960 56272
86778 16688
22816 87872
58583 49002
34404 50990
96369 29902
46101 43290
04612 69479
44571 04843
77351 97485
59160 17278
47510 42549
67238 68333
08382 84272
75348 55615
46101 42295
98082 78268
52626 14897
42277 68381
55039 74140
22560 15931
10876 14897
85142 48749
52996 39518
90157 93504
37497 31173
57167 16463
79199 87713
31431 69315
86980 83528
60498 80939
62069 44596
82128 16427
71017 22516
47448 39518
75697 74140
28510 05731
60498 79343
78506 59113
45176 81428
75862 21448
00625 15774
71714 29380
74535 42924
43290 60005
65609 18304
47448 93504
47983 47448
10875 29740
41010 52626
19133 67238
49138 04612
81066 58113
69690 07301
08753 46146
95300 82964
14993 76772
07612 16463
59160 04146
52626 29740
72955 72558
90157 82157
37654 26404
15540 77076
36461 71233
82157 22234
28662 33451
70408 81428
81725 30230
15931 94463
47448 17966
97010 15931
87713 15774
80596 07521
51196 14897
04344 57084
49523 23400
73574 34917
93745 77076
24295 96911
37504 73574
64032 65375
37463 80304
01844 11849
02028 39264
99646 25186
09678 26165
40344 76772
63618 76993
30966 51402
98078 20437
78853 86312
64829 83547
33753 68729
99646 49635
27670 89399
36461 02149
86778 02149
02202 37463
90964 43102
56903 58919
92736 76326
70841 91840
15348 40922
81428 94136
26107 19167
85964 70408
23095 66839
38115 22816
47365 27670
25066 41633
69380 82103
81249 28365
48749 65628
76936 95300
68333 33353
74373 41926
69466 46101
11389 73475
49635 39264
75348 65609
22998 01378
32600 23400
72948 68729
08382 69690
75709 14918
49635 79199
50936 66096
08114 47448
58919 58113
33753 15107
86778 75697
34346 56272
50181 39800
37113 22560
46696 82128
40922 43863
85730 54983
07612 25186
34917 70510
15009 70408
55615 41551
90412 95231
00463 69315
07842 11367
41590 38073
00625 65375
94739 96192
37654 30242
81928 34405
46101 82348
37463 80579
76772 45176
48598 91316
96934 97478
92736 30230
96934 44699
59680 60871
87713 30966
72803 58826
37939 47448
89713 14363
10876 57364
00625 65484
13163 82964
99849 10104
11367 08753
66783 23067
76307 41924
69479 11367
31173 69311
69284 09669
07521 19934
94136 67735
51961 28662
25851 95680
23067 69284
06798 44476
50181 95375
29385 01378
08382 89134
81428 82638
37497 05666
65428 07301
72948 07842
13407 08114
72955 27271
39408 28365
25186 19581
06436 74373
18039 41633
76205 81851
31021 28340
74610 29385
03815 49666
73475 98082
73574 70510
04344 51256
89518 71471
41926 96381
18304 49668
39408 72924
13407 22193
37939 69479
59160 03123
94136 95680
13477 38163
68729 08114
28365 83606
94136 78853
79199 78262
47448 22193
51950 20693
50990 45706
34917 93504
17966 56072
81735 43102
61938 04640
56922 46101
18039 28340
34917 05920
34917 27467
52996 73574
51961 76326
82802 69311
57831 02010
18663 07612
25694 82964
31173 60005
37463 66839
20437 81172
82103 38875
23599 80596
07612 06477
46146 20437
20349 78268
82103 68137
51256 22193
11367 52817
02010 39800
47697 28510
96192 81428
31679 71979
41924 42277
37504 32018
59234 17966
81428 70443
80939 02149
96338 82103
59234 29902
46319 31180
40922 28340
97010 34404
57167 90757
37463 55128
91125 60871
57167 98623
62256 83606
65484 90757
20349 85142
69284 23067
47510 98031
15137 10401
13988 69320
19352 47697
51418 89231
51152 71017
92137 65484
50936 29380
71471 47177
41590 00463
98623 98623
76307 43905
92207 85730
20297 44699
79343 15931
29396 34917
24295 90045
98031 34404
90412 49523
26107 30230
22516 59160
25066 89713
82964 18950
83547 69335
77076 82103
13407 04344
14363 19924
29380 02028
76205 10104
65628 82802
71979 46744
86312 25851
10401 57364
46696 25738
92736 29385
12270 44571
86778 72955
17278 57084
38875 09669
92736 19594
31679 69466
78262 64032
41769 92369
96911 18950
49138 32018
64666 08382
20297 19167
29385 19581
03931 83528
69479 37504
38159 38159
19133 97478
11105 46319
55254 42544
17966 84272
08382 11367
82128 02202
02202 49523
23095 38159
41926 41154
57148 29380
48598 31644
00625 63019
86312 94739
28375 63618
86312 45176
07301 55615
29380 43102
22816 81725
98082 06436
62332 76749
55128 37463
60084 05920
92207 56960
45671 42116
10104 42544
30242 71233
36461 72558
04344 51152
64032 68333
15931 41769
63019 52629
96934 22998
41994 86436
71979 86661
95354 66074
01844 69311
41924 84902
11105 80939
65016 50181
27271 28340
44699 08063
52996 26704
50990 24781
56960 43290
00986 24295
13163 76307
77076 46876
24781 76287
28375 30242
61938 04843
96369 71017
68137 18950
19133 00625
25066 97010
61313 42549
81851 44571
41551 08753
48749 03782
60005 85142
56922 13163
50181 19167
68088 44476
52115 90412
42544 80579
61383 39000
94007 78506
90412 69315
37654 30242
Queries
29396 70510
42277 70841
40569 23400
91840 26107
91316 48598
65484 56903
43237 25823
52629 63780
46101 26165
40569 68137
15774 75862
73475 89231
19924 44476
28510 57364
50990 68733
57364 67735
92207 71997
22193 30260
92207 41994
05666 59160
31021 86661
33451 69311
70841 95680
94136 32018
09669 70030
16752 49002
52629 83547
56922 41926
85730 15009
60084 42295
94136 60871
90964 93745
00786 69311
38875 93745
26704 59160
41154 82103
64666 21408
23400 64666
64688 21259
62256 69352
71471 04612
11105 11105
60005 26415
44476 92907
20693 75348
76307 09678
93504 27670
75709 09678
07842 82157
47448 40569
19352 18950
13988 10401
89068 72924
74610 83528
19133 51418
02149 30242
84733 66096
71471 38073
51402 36062
68137 38073
37504 38163
80579 43573
15137 80596
44699 96369
65609 30260
17278 34405
41010 63780
81172 29385
34405 42549
01844 98179
39000 95231
41926 45671
74044 45706
89399 42295
37497 66783
95680 19924
15107 73574
14363 55615
74373 31644
89134 81066
92207 40604
57084 81172
23390 16688
38115 22516
71222 33753
11105 45176
71222 69466
21448 99849
45706 40922
20617 74373
45671 11367
07612 28320
76936 71979
92137 76307
92191 11367
91840 38159
51950 41551
26107 06798
42510 96581
56272 81066
68137 60005
78262 36062
42510 26404
20617 16752
51950 28375
03782 46101
49002 18950
05666 87713
25066 75697
03782 34405
56960 96911
37463 28365
80596 14897
10401 80579
39408 71233
42510 22816
25186 74044
64688 20349
06798 65484
57167 96934
57084 56372
41633 46101
77351 55254
49812 81066
99849 18039
19167 49668
27271 07842
22816 19167
94463 55325
94007 36062
24295 64688
98366 65009
37463 70443
58919 61313
98179 46744
76307 48598
42277 93504
69315 23400
41769 96338
23599 11389
96934 40604
97478 80457
31021 41769
23095 19924
42510 65484
57831 29385
00786 43905
49812 78262
86436 22816
46547 44699
00625 97478
98623 50936
16752 37504
79343 09669
50009 28320
78969 97485
96369 48749
01844 11105
30242 40922
55325 59680
55128 57831
44571 71997
39000 11389
75862 60700
37113 37504
47448 66783
44476 39264
45120 92397
34346 87004
65087 70841
76307 58919
37504 20437
16752 69690
65428 77076
83606 22560
15137 10104
14898 52996
78262 83528
65628 81928
64666 31173
14918 98623
36062 02028
98623 08063
23599 00786
26415 20349
64032 32600
98179 65628
76307 68733
52817 20437
62332 78506
28365 37113
41551 29699
05920 68381
43102 96381
89399 20693
10875 56903
67238 04640
26704 98623
37939 27467
39000 10104
31021 81172
20617 46146
80939 14918
90889 51950
23095 46547
41769 23400
47177 66074
75709 92369
80579 21804
63618 10876
57167 21303
90412 64829
39264 16752
69311 84902
60871 27271
66783 06436
81066 71233
20297 00397
38163 26415
04612 58919
94007 72803
36062 90045
16533 22516
02202 15774
55128 07842
38073 27237
41590 10104
02202 41590
56072 72558
98031 30230
62069 21448
74373 22723
15137 50936
21303 74373
34405 07301
73475 41154
77076 62069
04146 72948
28375 38073
24607 80304
42116 57364
83606 16688
58113 70841
56272 96381
04843 55039
49668 71017
65016 77076
21786 51961
02202 89068
76205 66783
98078 96369
13988 70510
81066 37504
17966 75348
31644 76936
07521 48598
65428 26704
18950 92207
92207 29396
89068 41010
38163 95300
95375 56072
55325 41994
46321 27467
36062 65016
01378 24781
72948 55325
86661 43102
07521 98366
81172 41769
71017 26415
15107 13407
01378 25916
42510 70408
19934 42277
90367 19594
89068 91125
50990 25738
00397 25916
44699 38875
91125 41769
84733 29740
85964 46146
57137 99849
22516 26107
84902 76936
51402 74610
15774 29385
10104 58583
69315 87004
22234 65609
69380 92137
20349 23599
74423 47365
78262 16463
59845 15931
25186 03815
92369 28340
22516 69479
41010 25738
19924 68381
33753 94136
82157 12510
13407 74610
90757 02028
03782 11389
69690 49666
15137 03815
46146 82348
76326 92736
14897 29902
Thinking
start 04344 src 04344
04344 18304 src 04344
04344 66074 src 04344
04344 82157 src 04344
04344 04146 src 04344
04344 38163 src 04344
04344 51256 src 04344
04344 20693 src 04344
04344 57084 src 04344
04344 13407 src 04344
04344 51152 src 04344
18304 51950 src 04344
18304 71017 src 04344
18304 52817 src 04344
18304 59160 src 04344
18304 07301 src 04344
18304 65609 src 04344
18304 49668 src 04344
66074 92191 src 04344
66074 72948 src 04344
66074 95354 src 04344
82157 58919 src 04344
82157 90157 src 04344
82157 22234 src 04344
38163 93504 src 04344
38163 29699 src 04344
38163 56372 src 04344
38163 56072 src 04344
38163 08382 src 04344
38163 13477 src 04344
51256 69690 src 04344
51256 68733 src 04344
51256 15107 src 04344
51256 22193 src 04344
20693 33753 src 04344
20693 58583 src 04344
20693 34917 src 04344
57084 11367 src 04344
57084 37504 src 04344
57084 60700 src 04344
57084 98078 src 04344
57084 04612 src 04344
57084 17278 src 04344
13407 59234 src 04344
13407 49002 src 04344
13407 08114 src 04344
51152 47448 src 04344
51152 69352 src 04344
51152 47365 src 04344
71017 96369 src 04344
71017 60084 src 04344
71017 22516 src 04344
59160 17966 src 04344
59160 70510 src 04344
59160 81066 src 04344
59160 03123 src 04344
07301 81172 src 04344
07301 47983 src 04344
07301 65428 src 04344
07301 55615 src 04344
65609 73574 src 04344
65609 37939 src 04344
65609 75348 src 04344
49668 49138 src 04344
92191 59845 src 04344
92191 20437 src 04344
92191 29396 src 04344
72948 08753 src 04344
72948 89134 src 04344
72948 69479 src 04344
72948 68729 src 04344
72948 07842 src 04344
95354 64666 src 04344
95354 30260 src 04344
95354 84272 src 04344
58919 56903 src 04344
58919 58113 src 04344
22234 29902 src 04344
56372 52996 src 04344
56072 27670 src 04344
69690 32018 src 04344
68733 89399 src 04344
15107 85875 src 04344
22193 16752 src 04344
34917 05920 src 04344
34917 27467 src 04344
04612 40569 src 04344
59234 41551 src 04344
47448 39518 src 04344
69352 20617 src 04344
17966 26704 src 04344
81066 46146 src 04344
start 82964 src 82964
82964 99695 src 82964
82964 48749 src 82964
82964 86661 src 82964
82964 98082 src 82964
82964 82802 src 82964
82964 91316 src 82964
82964 21303 src 82964
82964 95300 src 82964
82964 13163 src 82964
82964 25694 src 82964
82964 18950 src 82964
99695 69284 src 82964
99695 11849 src 82964
99695 77076 src 82964
48749 22723 src 82964
48749 89068 src 82964
48749 41924 src 82964
48749 41154 src 82964
48749 31644 src 82964
48749 46744 src 82964
48749 31173 src 82964
48749 85142 src 82964
48749 65628 src 82964
48749 03782 src 82964
86661 06436 src 82964
86661 80596 src 82964
86661 68137 src 82964
86661 00986 src 82964
86661 78268 src 82964
86661 71979 src 82964
98082 01884 src 82964
98082 15540 src 82964
98082 73475 src 82964
82802 70030 src 82964
82802 76936 src 82964
82802 24295 src 82964
82802 00786 src 82964
82802 69311 src 82964
91316 56960 src 82964
91316 43905 src 82964
91316 01844 src 82964
91316 46876 src 82964
91316 48598 src 82964
21303 11389 src 82964
21303 82103 src 82964
21303 07521 src 82964
21303 98179 src 82964
21303 69380 src 82964
95300 20349 src 82964
13163 85730 src 82964
13163 34346 src 82964
13163 76307 src 82964
13163 56922 src 82964
25694 14898 src 82964
18950 26165 src 82964
18950 82348 src 82964
18950 96911 src 82964
69284 09669 src 82964
69284 23067 src 82964
11849 62069 src 82964
77076 93745 src 82964
89068 21259 src 82964
89068 44596 src 82964
41924 42277 src 82964
41924 84902 src 82964
41154 19934 src 82964
41154 41926 src 82964
31644 42295 src 82964
31644 56272 src 82964
31173 74373 src 82964
31173 58575 src 82964
31173 37497 src 82964
31173 60005 src 82964
85142 96381 src 82964
65628 66783 src 82964
65628 09678 src 82964
80596 96338 src 82964
80596 23599 src 82964
68137 74535 src 82964
00986 92207 src 82964
00986 05666 src 82964
71979 31679 src 82964
15540 92907 src 82964
24295 90045 src 82964
56960 69466 src 82964
56960 43290 src 82964
43905 71222 src 82964
82103 26415 src 82964
82103 38875 src 82964
85730 54983 src 82964
56922 46101 src 82964
23067 68381 src 82964
93745 42924 src 82964
start 75697 src 75697
75697 53817 src 75697
75697 76993 src 75697
75697 14363 src 75697
75697 76287 src 75697
75697 00397 src 75697
75697 24843 src 75697
75697 72955 src 75697
75697 74140 src 75697
75697 86778 src 75697
53817 11105 src 75697
53817 81249 src 75697
53817 15348 src 75697
53817 94463 src 75697
76993 37113 src 75697
76993 40604 src 75697
76993 64829 src 75697
76993 24781 src 75697
76993 63618 src 75697
14363 46866 src 75697
14363 07672 src 75697
14363 81928 src 75697
14363 50201 src 75697
14363 78969 src 75697
14363 89713 src 75697
14363 19924 src 75697
76287 39408 src 75697
76287 43863 src 75697
76287 08051 src 75697
76287 78506 src 75697
00397 25066 src 75697
00397 11333 src 75697
00397 92397 src 75697
24843 02149 src 75697
24843 45706 src 75697
24843 72924 src 75697
72955 37654 src 75697
72955 72558 src 75697
72955 27271 src 75697
74140 72803 src 75697
74140 41769 src 75697
74140 79890 src 75697
74140 55039 src 75697
86778 45120 src 75697
86778 40922 src 75697
86778 69335 src 75697
86778 61313 src 75697
86778 83606 src 75697
86778 16688 src 75697
11105 90367 src 75697
11105 14918 src 75697
11105 98031 src 75697
11105 46319 src 75697
11105 80939 src 75697
81249 31021 src 75697
81249 42549 src 75697
81249 90889 src 75697
81249 28365 src 75697
15348 50990 src 75697
94463 65087 src 75697
94463 15931 src 75697
37113 23390 src 75697
37113 18039 src 75697
37113 22560 src 75697
64829 94007 src 75697
64829 83547 src 75697
24781 36461 src 75697
24781 25916 src 75697
63618 74044 src 75697
63618 28375 src 75697
46866 26404 src 75697
46866 34405 src 75697
07672 89696 src 75697
07672 58826 src 75697
81928 71233 src 75697
81928 47510 src 75697
19924 59113 src 75697
19924 28340 src 75697
39408 31180 src 75697
43863 42510 src 75697
43863 60871 src 75697
25066 41633 src 75697
25066 97010 src 75697
45706 30242 src 75697
72803 79343 src 75697
41769 62256 src 75697
41769 92369 src 75697
55039 75709 src 75697
55039 60498 src 75697
40922 96581 src 75697
61313 84733 src 75697
16688 91125 src 75697
98031 34404 src 75697
74044 59680 src 75697
start 43102 src 43102
43102 44476 src 43102
43102 68088 src 43102
43102 90964 src 43102
43102 81735 src 43102
43102 29380 src 43102
44476 92736 src 43102
44476 06477 src 43102
44476 49812 src 43102
44476 68333 src 43102
44476 33451 src 43102
44476 06798 src 43102
68088 67238 src 43102
68088 29861 src 43102
68088 47177 src 43102
68088 92137 src 43102
68088 44990 src 43102
90964 25186 src 43102
90964 01378 src 43102
90964 64688 src 43102
90964 77351 src 43102
90964 51961 src 43102
90964 51418 src 43102
90964 78262 src 43102
81735 08063 src 43102
81735 52629 src 43102
29380 76326 src 43102
29380 79199 src 43102
29380 87872 src 43102
29380 71714 src 43102
29380 50936 src 43102
29380 02028 src 43102
29380 57148 src 43102
92736 03931 src 43102
92736 43573 src 43102
92736 89231 src 43102
92736 30230 src 43102
92736 29385 src 43102
92736 19594 src 43102
06477 20297 src 43102
06477 64032 src 43102
06477 07612 src 43102
49812 86980 src 43102
49812 28320 src 43102
49812 90757 src 43102
49812 57167 src 43102
68333 96934 src 43102
68333 63019 src 43102
68333 26107 src 43102
68333 33353 src 43102
33451 28662 src 43102
06798 19133 src 43102
29861 50181 src 43102
47177 65375 src 43102
47177 21408 src 43102
47177 81725 src 43102
47177 71471 src 43102
92137 51402 src 43102
92137 99646 src 43102
92137 65484 src 43102
44990 62332 src 43102
25186 38115 src 43102
25186 19581 src 43102
01378 22998 src 43102
01378 98623 src 43102
64688 63780 src 43102
64688 49666 src 43102
64688 76749 src 43102
64688 39800 src 43102
77351 89518 src 43102
77351 74423 src 43102
77351 19167 src 43102
77351 74610 src 43102
77351 97485 src 43102
51961 24607 src 43102
51961 83528 src 43102
51418 36062 src 43102
08063 44699 src 43102
52629 87713 src 43102
52629 80056 src 43102
52629 94811 src 43102
76326 02010 src 43102
79199 57831 src 43102
79199 49635 src 43102
87872 00625 src 43102
87872 18663 src 43102
87872 22816 src 43102
50936 59843 src 43102
50936 66096 src 43102
02028 39264 src 43102
89231 65016 src 43102
29385 21786 src 43102
07612 55733 src 43102
07612 16463 src 43102
86980 97478 src 43102
57167 95375 src 43102
96934 46321 src 43102
26107 21448 src 43102
51402 30966 src 43102
19581 50009 src 43102
22998 34234 src 43102
49666 03815 src 43102
74610 75862 src 43102
87713 15774 src 43102
start 16427 src 16427
16427 70408 src 16427
16427 10104 src 16427
16427 23095 src 16427
16427 69320 src 16427
16427 95231 src 16427
16427 51196 src 16427
16427 82638 src 16427
16427 37463 src 16427
16427 82128 src 16427
70408 80304 src 16427
70408 13988 src 16427
70408 99849 src 16427
70408 32600 src 16427
70408 03117 src 16427
70408 14993 src 16427
70408 81428 src 16427
70408 85964 src 16427
70408 15009 src 16427
10104 61938 src 16427
10104 46547 src 16427
10104 76205 src 16427
10104 42544 src 16427
23095 94136 src 16427
23095 66839 src 16427
23095 38159 src 16427
69320 61383 src 16427
69320 04640 src 16427
95231 41994 src 16427
95231 70443 src 16427
95231 55325 src 16427
95231 16533 src 16427
95231 90412 src 16427
51196 87004 src 16427
51196 55254 src 16427
51196 14897 src 16427
82638 38073 src 16427
82638 10401 src 16427
37463 21804 src 16427
37463 41590 src 16427
37463 02202 src 16427
37463 80579 src 16427
37463 55128 src 16427
82128 45176 src 16427
82128 46696 src 16427
80304 64823 src 16427
13988 98366 src 16427
13988 47697 src 16427
13988 10876 src 16427
13988 39000 src 16427
13988 70841 src 16427
99849 80457 src 16427
99849 86312 src 16427
32600 12510 src 16427
32600 19352 src 16427
32600 57364 src 16427
32600 23400 src 16427
03117 45671 src 16427
03117 81851 src 16427
03117 25851 src 16427
14993 76772 src 16427
14993 00463 src 16427
14993 27237 src 16427
81428 42116 src 16427
81428 38714 src 16427
81428 96192 src 16427
85964 94739 src 16427
15009 31431 src 16427
61938 25823 src 16427
61938 04843 src 16427
76205 95680 src 16427
76205 41010 src 16427
42544 10875 src 16427
42544 44571 src 16427
94136 78853 src 16427
94136 67735 src 16427
38159 40344 src 16427
38159 05731 src 16427
61383 91840 src 16427
04640 86436 src 16427
41994 12270 src 16427
16533 15137 src 16427
90412 49523 src 16427
90412 52115 src 16427
90412 69315 src 16427
14897 04262 src 16427
14897 52626 src 16427
21804 34012 src 16427
80579 43237 src 16427
55128 28510 src 16427
45176 65009 src 16427
46696 25738 src 16427
70841 29740 src 16427
86312 81357 src 16427
25823 71997 src 16427
52626 57137 src 16427
Output
29396 70510 yes
42277 70841 no
40569 23400 no
91840 26107 no
91316 48598 yes
65484 56903 no
43237 25823 yes
52629 63780 yes
46101 26165 yes
40569 68137 no
15774 75862 yes
73475 89231 no
19924 44476 no
28510 57364 yes
50990 68733 no
57364 67735 yes
92207 71997 no
22193 30260 yes
92207 41994 no
05666 59160 no
31021 86661 no
33451 69311 no
70841 95680 yes
94136 32018 no
09669 70030 yes
16752 49002 yes
52629 83547 no
56922 41926 yes
85730 15009 no
60084 42295 no
94136 60871 no
90964 93745 no
00786 69311 yes
38875 93745 yes
26704 59160 yes
41154 82103 yes
64666 21408 no
23400 64666 no
64688 21259 no
62256 69352 no
71471 04612 no
11105 11105 yes
60005 26415 yes
44476 92907 no
20693 75348 yes
76307 09678 yes
93504 27670 yes
75709 09678 no
07842 82157 yes
47448 40569 yes
19352 18950 no
13988 10401 yes
89068 72924 no
74610 83528 yes
19133 51418 yes
02149 30242 yes
84733 66096 no
71471 38073 no
51402 36062 yes
68137 38073 no
37504 38163 yes
80579 43573 no
15137 80596 no
44699 96369 no
65609 30260 yes
17278 34405 no
41010 63780 no
81172 29385 no
34405 42549 yes
01844 98179 yes
39000 95231 yes
41926 45671 no
74044 45706 yes
89399 42295 no
37497 66783 yes
95680 19924 no
15107 73574 yes
14363 55615 no
74373 31644 yes
89134 81066 yes
92207 40604 no
57084 81172 yes
23390 16688 yes
38115 22516 no
71222 33753 no
11105 45176 no
71222 69466 yes
21448 99849 no
45706 40922 yes
20617 74373 no
45671 11367 no
07612 28320 yes
76936 71979 yes
92137 76307 no
92191 11367 yes
91840 38159 yes
51950 41551 yes
26107 06798 yes
42510 96581 yes
56272 81066 no
68137 60005 yes
78262 36062 yes
42510 26404 yes
20617 16752 yes
51950 28375 no
03782 46101 yes
49002 18950 no
05666 87713 no
25066 75697 yes
03782 34405 no
56960 96911 yes
37463 28365 no
80596 14897 no
10401 80579 yes
39408 71233 yes
42510 22816 no
25186 74044 no
64688 20349 no
06798 65484 yes
57167 96934 yes
57084 56372 yes
41633 46101 no
77351 55254 no
49812 81066 no
99849 18039 no
19167 49668 no
27271 07842 no
22816 19167 yes
94463 55325 no
94007 36062 no
24295 64688 no
98366 65009 yes
37463 70443 yes
58919 61313 no
98179 46744 yes
76307 48598 yes
42277 93504 no
69315 23400 yes
41769 96338 no
23599 11389 yes
96934 40604 no
97478 80457 no
31021 41769 yes
23095 19924 no
42510 65484 no
57831 29385 yes
00786 43905 yes
49812 78262 yes
86436 22816 no
46547 44699 no
00625 97478 yes
98623 50936 yes
16752 37504 yes
79343 09669 no
50009 28320 yes
78969 97485 no
96369 48749 no
01844 11105 no
30242 40922 yes
55325 59680 no
55128 57831 no
44571 71997 yes
39000 11389 no
75862 60700 no
37113 37504 no
47448 66783 no
44476 39264 yes
45120 92397 yes
34346 87004 no
65087 70841 no
76307 58919 no
37504 20437 yes
16752 69690 yes
65428 77076 no
83606 22560 yes
15137 10104 yes
14898 52996 no
78262 83528 yes
65628 81928 no
64666 31173 no
14918 98623 no
36062 02028 yes
98623 08063 yes
23599 00786 yes
26415 20349 yes
64032 32600 no
98179 65628 yes
76307 68733 no
52817 20437 yes
62332 78506 no
28365 37113 yes
41551 29699 yes
05920 68381 no
43102 96381 no
89399 20693 yes
10875 56903 no
67238 04640 no
26704 98623 no
37939 27467 yes
39000 10104 yes
31021 81172 no
20617 46146 yes
80939 14918 yes
90889 51950 no
23095 46547 yes
41769 23400 no
47177 66074 no
75709 92369 yes
80579 21804 yes
63618 10876 no
57167 21303 no
90412 64829 no
39264 16752 no
69311 84902 yes
60871 27271 yes
66783 06436 yes
81066 71233 no
20297 00397 no
38163 26415 no
04612 58919 yes
94007 72803 yes
36062 90045 no
16533 22516 no
02202 15774 no
55128 07842 no
38073 27237 yes
41590 10104 yes
02202 41590 yes
56072 72558 no
98031 30230 no
62069 21448 no
74373 22723 yes
15137 50936 no
21303 74373 yes
34405 07301 no
73475 41154 yes
77076 62069 yes
04146 72948 yes
28375 38073 no
24607 80304 no
42116 57364 yes
83606 16688 yes
58113 70841 no
56272 96381 yes
04843 55039 no
49668 71017 yes
65016 77076 no
21786 51961 yes
02202 89068 no
76205 66783 no
98078 96369 yes
13988 70510 no
81066 37504 yes
17966 75348 yes
31644 76936 yes
07521 48598 yes
65428 26704 yes
18950 92207 yes
92207 29396 no
89068 41010 no
38163 95300 no
95375 56072 no
55325 41994 yes
46321 27467 no
36062 65016 yes
01378 24781 no
72948 55325 no
86661 43102 no
07521 98366 no
81172 41769 no
71017 26415 no
15107 13407 yes
01378 25916 no
42510 70408 no
19934 42277 yes
90367 19594 no
89068 91125 no
50990 25738 no
00397 25916 yes
44699 38875 no
91125 41769 yes
84733 29740 no
85964 46146 no
57137 99849 yes
22516 26107 no
84902 76936 yes
51402 74610 yes
15774 29385 yes
10104 58583 no
69315 87004 yes
22234 65609 yes
69380 92137 no
20349 23599 yes
74423 47365 no
78262 16463 yes
59845 15931 no
25186 03815 yes
92369 28340 yes
22516 69479 yes
41010 25738 yes
19924 68381 no
33753 94136 no
82157 12510 no
13407 74610 no
90757 02028 yes
03782 11389 yes
69690 49666 no
15137 03815 no
46146 82348 no
76326 92736 yes
14897 29902 no
End
