Graph
45326 48332
67131 73242
20708 48166
52698 71141
81298 27808
54430 99949
47019 56145
43602 39540
36292 35753
96082 69751
12755 41903
96865 48847
83700 40565
64786 01500
09404 09417
80172 37116
40614 91242
68040 90660
27293 31546
40064 39854
09033 94319
29620 92772
07208 12931
90875 01245
71629 01245
34726 95497
58801 44617
32177 44531
92772 06423
12068 02801
39904 52520
24803 19556
69508 69825
98403 41651
92923 84255
21133 70813
52276 66689
48988 40565
58031 61902
22178 40114
97264 71005
97853 76670
54988 89133
88729 52750
11316 94558
86186 25986
44395 29620
60450 40513
59029 49055
51005 48847
74386 34069
45038 80103
16961 61902
86797 80773
95308 70339
20686 48166
39904 69508
48279 89186
47628 89156
26595 71141
34077 15435
77193 97152
80773 52146
31641 84431
24359 38731
46002 18242
70939 80133
65923 75290
16595 06423
25262 63220
99949 95233
98864 63309
95308 67034
09982 44617
89394 59029
44135 86775
61099 75163
38474 84967
51645 06423
41439 40114
16558 16136
89790 34726
96082 66870
40614 45038
07208 68169
52750 80473
31789 59029
38731 15930
08194 34726
29620 12301
71141 57813
98864 41903
14488 59613
47537 69751
79791 44617
47074 29658
11316 16961
02801 40114
90737 64786
63205 94319
64786 09982
51005 74558
48527 71005
80473 58363
76545 08194
61099 52146
98864 26729
11021 39822
35311 64301
37116 89790
16653 11316
09033 95497
73737 48279
12301 02801
67374 95308
48847 83902
26838 51297
66689 53244
12931 82620
56530 16595
03561 69751
45038 77079
90875 52850
75290 72756
70249 24359
75829 68314
85388 16653
20235 23224
36167 25417
30757 40064
11908 09318
71942 84967
89394 89790
72170 08194
64966 76838
44435 60355
29620 54988
88453 51334
53354 15435
92923 72916
52276 90875
91632 09982
97853 84479
09982 72756
80768 18704
51005 24803
35753 78184
39854 63205
50735 69751
51334 72916
67131 83700
48242 58251
97893 99949
16136 62111
69751 47074
56530 74386
34069 06423
83700 21144
73242 84967
12301 86512
16558 95233
80103 38731
25262 64676
15930 81519
59553 26871
54988 83700
09982 88453
07812 64676
51814 78050
78050 49055
41903 01558
39822 31546
10167 94558
10642 62431
42661 43602
81804 27293
78184 09033
95421 35311
95497 98864
40596 88395
16234 92568
52850 45009
40513 03561
50735 95799
62111 64786
72215 10167
65928 73242
66689 55791
67354 15589
70085 39540
71141 10091
09982 69188
68236 25986
22664 57813
62101 91242
72170 34726
12931 27463
43602 18704
35753 70939
80172 39904
89394 47628
45038 58031
24634 24359
69508 95262
82329 83902
51796 24634
90660 84967
82031 02160
14321 80473
16961 51796
87748 97374
40064 41903
76838 19709
44435 64676
34077 71131
49628 08028
86512 58031
83700 58127
14709 64301
60355 52094
02583 48332
76545 71481
54430 14652
89576 27293
94001 11698
91632 39112
69210 99245
84479 11316
87748 64301
69188 95421
35753 47019
78050 15589
54430 97893
36292 67374
70339 80172
72916 92383
92290 80768
16558 97893
41651 97893
50887 29620
00030 71481
73242 34565
88453 14612
14461 40565
36167 58524
92772 56530
25986 02583
22178 82620
14582 48332
53815 24275
00243 58127
48553 14709
10388 48279
92290 56145
45009 07812
12068 56530
18704 41903
90660 23668
64301 09982
80473 52850
16928 15435
58031 73242
99245 95308
25986 26871
23668 81519
10091 03561
15112 72534
96082 65928
81298 66689
71629 40596
92383 41651
44531 15435
69751 77248
28717 86797
58251 80355
24239 99245
52146 71885
98403 30397
56489 80172
44134 96865
79791 63220
86775 45326
40565 68314
95421 09982
80105 80768
85388 62275
72170 86862
23668 83700
97601 77248
05511 83320
88729 90875
27463 81519
37875 41439
25262 95233
43602 76198
47628 00030
97374 16234
25169 25262
27293 66689
34726 30757
23668 94558
00030 95262
63205 78184
35608 53354
12130 55336
26838 52146
88729 16558
10793 15435
59029 26871
14321 11698
83700 36167
26691 63205
97264 36847
10642 00030
86186 44135
51814 52146
47019 79613
94558 41439
53354 43510
80133 08194
92568 40596
19556 72215
89576 95483
58127 76670
00030 65768
26910 02160
69188 69821
68169 86512
00243 12597
60819 39904
08094 89790
28717 40064
47628 56489
60355 18242
26838 79613
12755 04111
08028 84479
75290 50099
37875 58031
89394 71481
71629 65923
76670 91994
19709 25169
05775 51032
12771 16136
52750 65923
39995 14321
14652 12771
25169 18242
55791 58801
39995 16558
43602 89156
55336 14488
96865 67131
15399 41903
40614 75829
24359 86512
52276 25262
70249 97853
52850 01245
15112 44134
92383 69188
99245 28183
01500 92383
52750 40596
92383 81804
15399 56489
85866 99442
03561 71141
28717 20686
52520 08194
18704 20686
92383 34678
21295 14612
47074 22906
10642 15589
36292 93864
22178 50887
72534 97601
35753 08194
58127 12669
91242 14685
19709 97374
04111 00030
27463 70249
69188 92383
40114 02123
13224 91793
12771 95483
14612 15435
44030 02220
72215 02123
36292 21133
47019 69508
59553 34726
44435 97893
05511 03525
40565 68040
63205 49055
71629 41651
21295 34678
71629 76838
80172 86797
73242 99576
78425 02801
59613 97601
84479 47074
51032 83700
59553 26838
95262 56145
11908 60450
02220 39904
19942 03525
15589 69825
37147 95233
90541 01245
53815 12771
80172 93864
23668 33512
44395 92772
10642 04111
38474 10091
24239 26871
08756 60819
70939 89394
50735 16653
52850 01500
51005 97853
26595 99576
64966 25169
34077 44617
41903 02640
97264 79613
90660 11908
15435 44531
21133 02640
15435 39822
39904 30757
56145 71885
12669 20235
44134 89133
37116 69210
67354 78184
76670 72215
59613 54988
88729 78938
00243 40513
25262 90875
40614 20235
52094 35311
07208 84479
95308 89156
19133 76350
28183 92290
14582 86797
10793 35608
71481 51297
39540 01057
52520 65768
15435 58363
62111 89186
34077 88395
29658 96082
58363 27293
68040 96865
44135 12755
07812 66689
99949 89576
70249 72534
15435 58363
03561 16595
34726 95497
62101 12301
64301 89382
10091 86512
92383 39112
51645 36167
69508 59029
89576 01500
25417 62101
51814 42661
57813 48988
48332 69508
90541 84765
26910 47628
67374 98864
28183 80133
14612 72756
38731 09318
98644 98403
69825 63309
08094 02640
89133 09404
96082 34565
25417 69751
40565 74386
11698 13667
99245 89790
92568 89382
80172 61099
34949 69210
56489 01558
99442 58801
05775 00243
19942 89156
69821 30397
27411 15112
31310 14488
40513 08028
65768 61263
92772 97601
05511 79613
76670 58524
55336 84967
14612 84431
44134 27463
27411 97638
91793 44531
48166 28717
90875 44435
44030 71005
73242 83700
72756 11199
78050 84409
70813 48242
20686 36847
25417 24803
95421 53815
52094 15435
44030 03525
02801 57813
97601 31310
72534 12130
99576 09417
18704 39854
07208 68169
09417 80144
71005 08756
37875 33512
64786 14612
24239 71885
24803 27411
04111 70085
60819 59553
16234 69188
51814 02160
24634 68040
92283 71629
26871 80768
64966 90737
52520 72170
68314 81519
16961 82329
31641 10388
04111 67034
10167 50552
43602 84409
64132 71131
78425 80144
23619 75290
11199 92568
46292 56489
97893 35608
67374 64635
26691 58251
58524 41439
24359 05775
58127 78425
98403 16234
82620 11316
31546 76274
20708 99245
07812 39112
71131 64301
54988 23224
44135 67374
50887 58524
80473 92923
95308 63205
26691 67374
14488 23224
70249 61902
02583 49055
76274 92568
15112 56530
86512 22906
23507 39112
20235 95799
85866 97374
76198 21133
16234 99949
30397 14612
64635 51814
70339 76545
86862 44030
90875 35311
13224 09982
34949 59553
94319 25986
23224 76670
95497 44030
66870 20235
71141 47537
52698 48988
37116 68236
56489 20686
12669 91242
46292 62431
48988 92877
12068 13499
69821 58363
61099 82031
63205 48332
21295 14321
71131 14709
92807 58251
84409 02640
88395 16928
86797 80172
89576 14321
46292 25986
88453 52750
30757 34726
76838 07812
40114 55336
41651 84255
23224 14685
92568 23507
52146 43602
83700 16961
76838 53244
47537 02123
08094 00030
25417 37875
80133 18704
58127 02801
52520 26729
80103 77079
94319 08094
26853 60819
97152 71005
48988 38731
10167 24634
94001 43510
58524 33512
20235 55336
52750 43510
16234 43510
65928 41439
80355 26910
10793 72756
80103 61902
38352 27808
62101 77079
08194 61099
44531 58363
15435 11199
89576 78938
13667 48553
94319 41903
60450 34565
21133 26691
29620 70249
46002 53354
94001 60355
22178 50735
76838 16136
27808 14321
02123 08028
58801 10793
27411 91994
89394 59029
10091 12931
26910 56529
52698 86512
76198 08094
44134 37875
58251 41903
98864 31789
06423 07208
58031 20235
56489 35753
37116 93864
56248 37116
26838 78050
87748 72756
34565 12931
97152 52146
09417 31310
95233 90541
83700 62275
13224 69188
43602 14582
63309 67354
34077 72756
65200 39540
15589 48242
88395 78938
78938 89382
24803 51005
89133 27411
98644 12771
80144 75829
27808 01245
34565 16595
39854 72170
52750 10793
40614 80103
64132 92923
38352 91793
18704 62431
34949 26871
71141 75829
68169 15112
67131 09318
70339 47628
97374 13667
12597 16653
11698 39112
98403 78938
67131 36167
69751 67131
70085 76545
75163 02160
46002 66689
53354 89576
88729 63220
53354 40596
08028 40513
91994 86512
10793 53815
95233 98644
38352 85866
35311 90541
25262 38352
41357 60355
16234 94001
09982 98403
84255 89186
52094 11698
33512 97853
12931 83700
72756 24275
04111 36847
38352 64132
84431 89576
44135 89394
72170 56529
52276 16136
15112 70249
78938 51334
23619 48553
39854 08756
44030 78184
97264 86862
45038 91242
45326 26910
84431 52850
67131 51005
52750 98403
32366 59029
76350 59613
65200 37116
79791 87748
10388 69188
09417 94558
72756 01500
92290 56529
29620 40513
26729 86186
10642 56145
47537 11908
26871 18704
71481 80133
25986 31789
86186 61099
38731 10167
03561 08028
45038 72215
95308 26853
34949 05511
83700 16961
16595 12301
52276 72756
01057 69825
48553 52276
67131 27463
56529 35753
86775 76198
35608 89576
05511 83320
77193 63309
81804 90541
90875 89186
32366 25986
72534 81519
44395 81519
50887 23224
58127 78425
34077 88729
08094 61099
24359 55336
99576 14685
16558 71131
24803 80103
05511 70085
92772 03561
11698 14612
44030 75163
31546 39112
84479 68040
09982 71629
62101 14685
16653 66870
43510 90541
71131 24275
71885 95497
35608 09982
52520 97152
75163 80355
35608 14612
84409 83320
48988 12301
26871 61099
48242 20708
84479 25417
98644 97893
37147 25262
34678 89382
44395 77079
68236 46292
79613 36292
91632 58801
93864 47628
70339 12755
27293 75290
72215 21144
26871 34949
87748 23507
14488 81519
14652 19709
97374 14652
83902 16961
24803 58524
35608 75290
74558 49628
71885 42661
89133 56530
69188 95233
96082 12597
20235 37875
69188 48279
96082 75829
19709 23619
52698 82329
26910 62431
08094 44030
11316 29658
44030 95497
39540 31321
71005 45326
92807 20686
02583 64635
81519 51032
98864 12755
96082 78425
40513 22178
37147 72756
97853 60450
79791 31546
14685 55336
49628 08028
77079 23224
97638 50552
91632 91793
89133 03561
09417 40614
67131 59613
64301 84765
64635 61263
41651 39995
69825 83320
35753 34949
79791 64301
88453 73737
50552 59613
26691 75163
01245 13667
11021 73737
02640 69508
44531 27293
93864 69508
97893 24275
59553 67034
83700 55336
50735 50552
34726 86186
75829 48847
14461 72215
51796 40565
27293 51334
44531 89382
77248 85388
02123 76350
60355 50099
64966 75290
64676 01245
00243 91994
97374 89382
77079 21144
72756 16558
26729 44135
34726 61263
48166 59029
00030 61099
78050 51297
37875 57813
72170 20686
71629 46002
98644 45009
41651 39822
51814 02640
14709 69188
98864 34726
45009 39112
48166 35753
71885 86775
14612 64132
28183 48527
19942 28717
48279 69188
72170 47019
70339 04111
08028 55336
90875 98403
92772 97601
12068 12931
37116 41903
36847 52520
29620 24359
06423 40565
63309 20708
46292 79613
12597 48847
67131 91994
34069 62275
36292 95308
92923 58801
55791 01500
79613 12755
44617 13224
34726 02640
48553 53354
84255 44435
56530 69751
48332 49055
88729 89576
48332 80133
40596 41357
11316 74386
51005 44134
66689 88395
99949 23507
31789 41903
91994 47537
88453 54430
89382 21295
25417 52698
51005 71141
71942 74558
49055 48332
39822 97374
83320 26691
39112 92383
23668 47074
27411 62275
77079 16653
34069 71942
51032 68040
97853 97638
91994 76350
70085 79613
65768 08194
80133 26853
35608 92283
98403 16234
34069 12130
65928 58524
83320 95262
11021 19709
51814 80133
01245 25262
02640 21133
48279 50099
70939 01558
51796 29620
19133 71141
59029 47628
11908 19556
48242 28183
50552 24803
76198 97152
24239 08194
09417 59613
53354 84255
30397 14652
26838 31321
26853 34949
60450 15930
25262 79791
71005 12755
32177 30397
70085 00030
Queries
71942 11316
39854 79613
99576 16234
50552 06423
63205 21133
26595 25417
86775 36167
96082 52520
92383 41651
30397 23507
76274 58524
79613 11908
15589 26871
64301 26853
11021 33512
31641 16136
59553 21144
89394 14685
07208 16136
71481 51814
67354 26853
52276 38731
22664 04111
92290 09033
39112 40064
75163 35753
92772 11021
13667 49628
68314 97152
93864 16653
16234 22664
75290 71629
02160 42661
60355 80133
79791 91632
41903 01558
57813 77248
06423 26910
53815 45009
68236 92923
53354 14488
48988 41439
14652 87748
27293 92383
12597 14685
53815 82329
72756 51645
80103 28183
34949 22664
96082 83902
68236 26691
83700 38474
64132 75290
36167 00030
14685 40565
40114 72170
29620 47019
98403 37875
62431 43510
82031 79791
52146 09982
91793 80768
98403 71131
05511 89790
16595 26595
53244 81298
58524 13499
03525 18704
36292 09404
90541 55791
73242 30757
03525 63220
92807 18242
65923 89186
47019 80355
39540 52850
89133 12068
09982 76350
09404 40565
39904 06423
45009 56248
16234 52750
09318 33512
97893 44030
48847 27463
65928 22664
26729 26691
89382 31321
19709 34077
86186 08028
48527 33512
77248 38352
90660 65768
09417 39995
68314 43602
16928 89576
34077 53244
40513 24634
26691 24359
97638 11316
76198 11199
58524 14488
92877 98403
65928 67131
61263 59553
97638 67131
20708 13499
78050 86186
50887 89790
19709 43510
94319 16928
51814 56530
68314 51814
51334 10091
01057 24239
88395 58524
40565 12669
77248 03561
12755 71131
80773 19942
56145 78050
64132 98403
50887 64132
25986 30757
55791 51334
14321 91994
95483 52850
72756 56529
69188 27293
75829 34678
05511 61263
76838 66689
86797 52094
51297 28183
31546 71481
81298 21295
90660 12771
69825 96865
16961 53354
29620 56248
71885 32366
31310 52698
19133 16234
20235 09404
31321 14612
28717 72170
61099 41357
90660 67374
67354 65200
22664 92877
80172 92877
13667 90737
40596 93864
66870 19709
31546 98864
91632 39822
65928 34565
09982 76198
10388 45009
99576 11316
38474 94558
31321 78050
78938 89382
84255 98644
89156 50099
24803 56530
60355 16234
19133 58251
66689 74386
37147 38474
21133 84765
21144 67354
72756 95262
36847 02801
86512 87748
26853 14709
70339 45326
29620 12931
44395 78050
81804 24239
35608 92923
84255 81519
16558 60819
02160 94319
41357 07812
23668 84967
89156 18704
51814 89133
33512 15589
44395 77248
44134 12301
65768 97374
39904 00030
95497 95308
01057 97152
15589 15435
95233 46002
67034 12068
03561 67354
87748 01558
15589 14685
23619 52276
56248 28183
96865 95799
80773 41651
59613 81298
47537 88729
26729 10091
14582 84409
69821 70339
76838 39822
70813 58127
11199 55791
53354 23507
12301 40114
Thinking
start 76838 src 76838
76838 64966 src 76838
76838 19709 src 76838
76838 71629 src 76838
76838 07812 src 76838
76838 53244 src 76838
76838 16136 src 76838
64966 25169 src 76838
64966 90737 src 76838
64966 75290 src 76838
19709 97374 src 76838
19709 14652 src 76838
19709 23619 src 76838
19709 11021 src 76838
71629 01245 src 76838
71629 40596 src 76838
71629 65923 src 76838
71629 41651 src 76838
71629 92283 src 76838
71629 09982 src 76838
71629 46002 src 76838
07812 64676 src 76838
07812 45009 src 76838
07812 66689 src 76838
07812 39112 src 76838
16136 16558 src 76838
16136 62111 src 76838
16136 12771 src 76838
16136 52276 src 76838
25169 25262 src 76838
25169 18242 src 76838
90737 64786 src 76838
75290 72756 src 76838
75290 50099 src 76838
75290 27293 src 76838
75290 35608 src 76838
97374 87748 src 76838
97374 16234 src 76838
97374 85866 src 76838
97374 13667 src 76838
97374 89382 src 76838
97374 39822 src 76838
14652 54430 src 76838
14652 30397 src 76838
23619 48553 src 76838
11021 73737 src 76838
01245 90875 src 76838
01245 52850 src 76838
01245 90541 src 76838
01245 27808 src 76838
40596 88395 src 76838
40596 92568 src 76838
40596 52750 src 76838
40596 53354 src 76838
40596 41357 src 76838
41651 98403 src 76838
41651 97893 src 76838
41651 92383 src 76838
41651 84255 src 76838
41651 39995 src 76838
09982 44617 src 76838
09982 91632 src 76838
09982 88453 src 76838
09982 69188 src 76838
09982 64301 src 76838
09982 95421 src 76838
09982 13224 src 76838
64676 44435 src 76838
45009 98644 src 76838
66689 55791 src 76838
66689 81298 src 76838
39112 23507 src 76838
39112 11698 src 76838
39112 31546 src 76838
16558 95233 src 76838
16558 88729 src 76838
16558 71131 src 76838
62111 89186 src 76838
12771 95483 src 76838
12771 53815 src 76838
25262 63220 src 76838
25262 38352 src 76838
25262 37147 src 76838
25262 79791 src 76838
18242 60355 src 76838
64786 01500 src 76838
64786 14612 src 76838
72756 11199 src 76838
72756 10793 src 76838
72756 34077 src 76838
72756 24275 src 76838
50099 48279 src 76838
27293 81804 src 76838
27293 89576 src 76838
27293 58363 src 76838
27293 44531 src 76838
27293 51334 src 76838
16234 99949 src 76838
16234 43510 src 76838
16234 94001 src 76838
85866 99442 src 76838
89382 78938 src 76838
89382 34678 src 76838
89382 21295 src 76838
39822 15435 src 76838
30397 69821 src 76838
30397 32177 src 76838
48553 14709 src 76838
90875 35311 src 76838
52850 80473 src 76838
52850 84431 src 76838
90541 84765 src 76838
27808 14321 src 76838
88395 16928 src 76838
92568 76274 src 76838
92383 72916 src 76838
84255 92923 src 76838
44617 58801 src 76838
91632 91793 src 76838
69188 10388 src 76838
11698 52094 src 76838
71131 64132 src 76838
84431 31641 src 76838
start 41903 src 41903
41903 12755 src 41903
41903 98864 src 41903
41903 01558 src 41903
41903 40064 src 41903
41903 18704 src 41903
41903 15399 src 41903
41903 02640 src 41903
41903 94319 src 41903
41903 58251 src 41903
41903 37116 src 41903
41903 31789 src 41903
12755 04111 src 41903
12755 44135 src 41903
12755 70339 src 41903
12755 79613 src 41903
12755 71005 src 41903
98864 63309 src 41903
98864 26729 src 41903
98864 95497 src 41903
98864 67374 src 41903
98864 34726 src 41903
01558 56489 src 41903
01558 70939 src 41903
40064 39854 src 41903
40064 30757 src 41903
40064 28717 src 41903
18704 80768 src 41903
18704 43602 src 41903
18704 20686 src 41903
18704 80133 src 41903
18704 62431 src 41903
18704 26871 src 41903
02640 21133 src 41903
02640 08094 src 41903
02640 84409 src 41903
02640 69508 src 41903
02640 51814 src 41903
94319 09033 src 41903
94319 63205 src 41903
94319 25986 src 41903
58251 48242 src 41903
58251 80355 src 41903
58251 26691 src 41903
58251 92807 src 41903
37116 80172 src 41903
37116 89790 src 41903
37116 69210 src 41903
37116 68236 src 41903
37116 93864 src 41903
37116 56248 src 41903
37116 65200 src 41903
31789 59029 src 41903
04111 00030 src 41903
04111 10642 src 41903
04111 70085 src 41903
04111 67034 src 41903
04111 36847 src 41903
44135 86775 src 41903
44135 86186 src 41903
44135 89394 src 41903
70339 95308 src 41903
70339 76545 src 41903
70339 47628 src 41903
79613 47019 src 41903
79613 26838 src 41903
79613 97264 src 41903
79613 05511 src 41903
79613 36292 src 41903
79613 46292 src 41903
71005 48527 src 41903
71005 44030 src 41903
71005 08756 src 41903
71005 97152 src 41903
71005 45326 src 41903
63309 69825 src 41903
63309 67354 src 41903
63309 77193 src 41903
63309 20708 src 41903
26729 52520 src 41903
95497 71885 src 41903
67374 64635 src 41903
34726 08194 src 41903
34726 72170 src 41903
34726 59553 src 41903
34726 61263 src 41903
56489 35753 src 41903
30757 39904 src 41903
28717 86797 src 41903
28717 48166 src 41903
28717 19942 src 41903
80768 92290 src 41903
80768 80105 src 41903
43602 39540 src 41903
43602 42661 src 41903
43602 76198 src 41903
43602 89156 src 41903
43602 52146 src 41903
43602 14582 src 41903
80133 28183 src 41903
80133 71481 src 41903
80133 48332 src 41903
80133 26853 src 41903
62431 26910 src 41903
26871 24239 src 41903
26871 34949 src 41903
26871 61099 src 41903
21133 70813 src 41903
84409 78050 src 41903
84409 83320 src 41903
69508 95262 src 41903
51814 02160 src 41903
09033 78184 src 41903
63205 49055 src 41903
25986 02583 src 41903
25986 32366 src 41903
48242 15589 src 41903
80355 75163 src 41903
89790 99245 src 41903
00030 65768 src 41903
10642 56145 src 41903
26838 51297 src 41903
26838 31321 src 41903
97264 86862 src 41903
05511 03525 src 41903
44030 02220 src 41903
08756 60819 src 41903
69825 01057 src 41903
72170 56529 src 41903
86797 80773 src 41903
61099 82031 src 41903
start 83700 src 83700
83700 40565 src 83700
83700 67131 src 83700
83700 21144 src 83700
83700 54988 src 83700
83700 58127 src 83700
83700 23668 src 83700
83700 36167 src 83700
83700 51032 src 83700
83700 73242 src 83700
83700 16961 src 83700
83700 62275 src 83700
83700 12931 src 83700
83700 55336 src 83700
40565 48988 src 83700
40565 14461 src 83700
40565 68314 src 83700
40565 68040 src 83700
40565 74386 src 83700
40565 51796 src 83700
40565 06423 src 83700
67131 96865 src 83700
67131 09318 src 83700
67131 69751 src 83700
67131 51005 src 83700
67131 27463 src 83700
67131 59613 src 83700
67131 91994 src 83700
21144 72215 src 83700
21144 77079 src 83700
54988 89133 src 83700
54988 29620 src 83700
54988 23224 src 83700
58127 00243 src 83700
58127 76670 src 83700
58127 12669 src 83700
58127 78425 src 83700
58127 02801 src 83700
23668 90660 src 83700
23668 81519 src 83700
23668 94558 src 83700
23668 33512 src 83700
23668 47074 src 83700
36167 25417 src 83700
36167 58524 src 83700
36167 51645 src 83700
51032 05775 src 83700
73242 84967 src 83700
73242 65928 src 83700
73242 34565 src 83700
73242 58031 src 83700
73242 99576 src 83700
16961 61902 src 83700
16961 11316 src 83700
16961 82329 src 83700
16961 83902 src 83700
62275 85388 src 83700
62275 34069 src 83700
62275 27411 src 83700
12931 07208 src 83700
12931 82620 src 83700
12931 10091 src 83700
12931 12068 src 83700
55336 12130 src 83700
55336 14488 src 83700
55336 40114 src 83700
55336 20235 src 83700
55336 24359 src 83700
55336 14685 src 83700
55336 08028 src 83700
48988 57813 src 83700
48988 52698 src 83700
48988 92877 src 83700
48988 38731 src 83700
48988 12301 src 83700
68314 75829 src 83700
68040 24634 src 83700
68040 84479 src 83700
74386 56530 src 83700
06423 92772 src 83700
06423 16595 src 83700
96865 48847 src 83700
96865 44134 src 83700
09318 11908 src 83700
69751 96082 src 83700
69751 47537 src 83700
69751 03561 src 83700
69751 50735 src 83700
69751 77248 src 83700
51005 74558 src 83700
51005 24803 src 83700
51005 97853 src 83700
51005 71141 src 83700
27463 70249 src 83700
59613 97601 src 83700
59613 76350 src 83700
59613 50552 src 83700
59613 09417 src 83700
91994 86512 src 83700
72215 10167 src 83700
72215 19556 src 83700
72215 02123 src 83700
72215 45038 src 83700
77079 80103 src 83700
77079 62101 src 83700
77079 44395 src 83700
77079 16653 src 83700
89133 09404 src 83700
29620 50887 src 83700
29620 40513 src 83700
00243 12597 src 83700
12669 91242 src 83700
78425 80144 src 83700
81519 15930 src 83700
81519 72534 src 83700
94558 41439 src 83700
33512 37875 src 83700
47074 29658 src 83700
47074 22906 src 83700
84967 38474 src 83700
84967 71942 src 83700
34565 60450 src 83700
99576 26595 src 83700
27411 15112 src 83700
27411 97638 src 83700
07208 68169 src 83700
82620 22178 src 83700
12068 13499 src 83700
14488 31310 src 83700
20235 40614 src 83700
20235 95799 src 83700
20235 66870 src 83700
08028 49628 src 83700
57813 22664 src 83700
71141 19133 src 83700
Output
71942 11316 yes
39854 79613 yes
99576 16234 no
50552 06423 yes
63205 21133 yes
26595 25417 yes
86775 36167 no
96082 52520 no
92383 41651 yes
30397 23507 yes
76274 58524 no
79613 11908 no
15589 26871 yes
64301 26853 no
11021 33512 no
31641 16136 yes
59553 21144 no
89394 14685 no
07208 16136 no
71481 51814 yes
67354 26853 yes
52276 38731 no
22664 04111 no
92290 09033 yes
39112 40064 no
75163 35753 yes
92772 11021 no
13667 49628 no
68314 97152 no
93864 16653 no
16234 22664 no
75290 71629 yes
02160 42661 yes
60355 80133 no
79791 91632 yes
41903 01558 yes
57813 77248 yes
06423 26910 no
53815 45009 yes
68236 92923 no
53354 14488 no
48988 41439 yes
14652 87748 yes
27293 92383 yes
12597 14685 yes
53815 82329 no
72756 51645 no
80103 28183 no
34949 22664 no
96082 83902 yes
68236 26691 yes
83700 38474 yes
64132 75290 yes
36167 00030 no
14685 40565 yes
40114 72170 no
29620 47019 no
98403 37875 no
62431 43510 no
82031 79791 no
52146 09982 no
91793 80768 no
98403 71131 yes
05511 89790 yes
16595 26595 yes
53244 81298 yes
58524 13499 yes
03525 18704 yes
36292 09404 no
90541 55791 yes
73242 30757 no
03525 63220 no
92807 18242 no
65923 89186 yes
47019 80355 yes
39540 52850 no
89133 12068 yes
09982 76350 no
09404 40565 yes
39904 06423 no
45009 56248 no
16234 52750 yes
09318 33512 yes
97893 44030 no
48847 27463 yes
65928 22664 yes
26729 26691 yes
89382 31321 no
19709 34077 yes
86186 08028 no
48527 33512 no
77248 38352 no
90660 65768 no
09417 39995 no
68314 43602 no
16928 89576 yes
34077 53244 yes
40513 24634 yes
26691 24359 no
97638 11316 yes
76198 11199 no
58524 14488 yes
92877 98403 no
65928 67131 yes
61263 59553 yes
97638 67131 yes
20708 13499 no
78050 86186 yes
50887 89790 no
19709 43510 yes
94319 16928 no
51814 56530 no
68314 51814 no
51334 10091 no
01057 24239 yes
88395 58524 no
40565 12669 yes
77248 03561 yes
12755 71131 no
80773 19942 yes
56145 78050 yes
64132 98403 yes
50887 64132 no
25986 30757 yes
55791 51334 yes
14321 91994 no
95483 52850 yes
72756 56529 no
69188 27293 yes
75829 34678 no
05511 61263 yes
76838 66689 yes
86797 52094 no
51297 28183 yes
31546 71481 no
81298 21295 yes
90660 12771 no
69825 96865 no
16961 53354 no
29620 56248 no
71885 32366 yes
31310 52698 yes
19133 16234 no
20235 09404 yes
31321 14612 no
28717 72170 yes
61099 41357 no
90660 67374 no
67354 65200 yes
22664 92877 yes
80172 92877 no
13667 90737 yes
40596 93864 no
66870 19709 no
31546 98864 no
91632 39822 yes
65928 34565 yes
09982 76198 no
10388 45009 yes
99576 11316 yes
38474 94558 yes
31321 78050 yes
78938 89382 yes
84255 98644 yes
89156 50099 no
24803 56530 yes
60355 16234 yes
19133 58251 no
66689 74386 no
37147 38474 no
21133 84765 no
21144 67354 no
72756 95262 no
36847 02801 no
86512 87748 no
26853 14709 no
70339 45326 yes
29620 12931 yes
44395 78050 no
81804 24239 no
35608 92923 yes
84255 81519 no
16558 60819 no
02160 94319 yes
41357 07812 yes
23668 84967 yes
89156 18704 yes
51814 89133 no
33512 15589 no
44395 77248 yes
44134 12301 yes
65768 97374 no
39904 00030 yes
95497 95308 yes
01057 97152 yes
15589 15435 no
95233 46002 yes
67034 12068 no
03561 67354 no
87748 01558 no
15589 14685 no
23619 52276 yes
56248 28183 yes
96865 95799 yes
80773 41651 no
59613 81298 no
47537 88729 no
26729 10091 no
14582 84409 yes
69821 70339 no
76838 39822 yes
70813 58127 no
11199 55791 yes
53354 23507 yes
12301 40114 yes
End
