Graph
29696 45712
42830 79244
67667 90798
09396 20394
73806 14436
16736 22952
80701 66100
55887 35744
94514 78920
70194 57380
12350 20707
15005 51355
06109 25384
92313 46181
37129 70517
40485 77143
20585 54285
45787 00167
90673 14798
22772 66902
51355 16736
69913 22772
72055 96907
55096 85679
21507 65317
37129 69061
11932 56720
89746 20707
85557 69768
39192 56720
91001 97259
45787 08724
69768 29432
29438 43103
22562 04616
87485 06109
20394 45839
95993 13018
01418 55887
88752 15204
30365 91829
96907 17926
63355 66902
27669 15191
80701 69852
40485 31361
71015 37129
21507 03423
11932 69722
79244 16736
84705 78656
07145 16430
87006 64015
16736 73944
88486 19485
08322 85416
25384 06109
91001 08936
62299 54285
20394 45712
69426 21064
78656 47175
60993 62299
31594 02767
98468 65527
86390 18513
65317 07415
07415 71015
86390 72099
00167 63015
94514 80701
22772 03870
37129 56040
16736 96586
16736 34522
88921 29432
16727 14723
09099 95714
30204 69768
08936 25384
12711 20707
89989 94514
84705 77158
23567 27669
77132 87006
04509 73944
15104 32114
27669 08203
06771 21507
69722 77614
00120 71899
66100 85416
88921 17926
45731 31594
39444 94649
29432 20585
85892 04067
18146 00120
12711 51355
47175 63718
84705 09396
02765 22772
66902 07056
88486 11938
94090 11932
79124 77132
45712 78237
73062 69061
71092 11932
22772 29432
39980 66902
83447 87485
64015 41699
16736 64652
54511 45712
01076 56040
20394 54435
17224 20421
01418 00167
85225 95993
94649 87485
04616 01418
43387 76941
61211 20585
15104 12608
62299 40485
53407 87095
04509 55818
18513 19622
85225 18146
66902 86390
44794 44794
89424 28907
17926 77143
39980 58209
59361 16727
48261 44291
65317 64652
78237 20421
88752 71015
69768 58209
91624 54285
94514 29438
45787 55887
56720 13018
79124 71037
63160 47175
55096 00120
36791 15204
01076 96586
00167 03929
56000 22952
04067 21064
84705 40600
34877 98186
39444 72099
57226 77614
65527 45787
89746 79244
06771 04509
69426 71037
94649 40485
86390 83447
67667 14723
71092 77614
39853 13018
98468 11932
04509 98186
18146 71899
87563 98130
12350 64652
70194 15191
94090 16727
09672 04616
31594 43103
70194 08322
83447 02125
34522 69061
92313 65317
64015 19295
97259 39980
71092 08724
43387 76941
65527 98468
93048 94649
01418 56720
54285 03870
12350 37129
00167 11932
37129 22952
34563 47175
80701 71037
01076 07415
87614 55887
14436 20394
83791 05567
22562 59361
20585 77143
55096 59361
91829 83447
19453 36791
98130 41699
32114 79995
85416 78656
71015 04509
55887 77614
70517 83791
88486 69061
91624 31746
37429 40485
43387 20394
93048 48261
77158 31594
26990 70517
04616 95993
05567 20707
58818 41699
16736 03423
16430 28907
21507 56000
13063 15104
16430 00120
16430 16727
34877 71015
14798 89989
70517 71015
98468 85225
39444 20585
28907 87095
94090 98468
55887 90798
51355 37129
44291 91829
80701 58818
71037 70194
73062 21507
03929 39853
12350 19485
15191 63160
22772 15104
85225 18146
13018 00167
44794 08203
28907 56720
09099 39444
66902 56041
81617 54285
78656 94514
18513 88921
04509 05381
29432 40485
29438 08322
57226 65527
77132 31594
38812 29696
20707 12711
89937 20707
88486 46181
65317 96586
34877 57194
02125 08936
34877 88486
58818 17224
22772 19539
88486 41510
54167 40485
01076 57194
01517 94514
89424 55096
95058 39444
73126 37129
35744 11932
34877 51355
80701 20394
57380 02767
45712 76941
83447 61211
87614 39192
36791 22952
90673 15191
Queries
88486 46181
56000 89937
59361 01076
03423 51355
14723 78920
39192 87485
03929 71899
18146 85679
51355 12711
54511 86390
88921 08322
64652 36791
08724 71899
08322 69768
79124 66100
01517 84705
16736 15005
92313 53407
13063 62299
09099 94649
04616 57194
04067 73126
12711 69061
71899 77614
70517 98468
16736 83791
07056 08322
94514 57194
35744 31594
58209 79995
29438 44291
62299 90798
03423 19453
46181 01418
21507 88486
88486 42830
57194 69061
47175 43387
89746 69913
19295 21507
03929 87485
14798 57380
01076 09396
87614 84705
19485 13018
77132 53407
34563 39192
69061 55887
09396 45712
69722 56040
03929 01517
26990 17224
56041 43103
40600 73806
71092 69768
15204 08936
27669 78920
56040 05567
41510 15191
79244 09672
08724 01517
77132 01076
69722 31594
90673 90673
06771 04509
91624 02765
83791 89989
90798 53407
43103 88752
17926 54285
12711 98186
39853 85679
98186 63355
81617 63355
59361 69722
17926 89746
79995 53407
13018 07145
19622 85557
36791 71015
48261 31746
79244 65317
37429 28907
63015 28907
87614 64652
22772 83447
39853 44291
30365 89424
77158 85225
36791 37129
27669 01418
11932 63015
69852 13063
73806 69426
12350 22952
18513 95714
31594 73806
64652 02125
46181 14723
96586 05381
46181 78656
64652 00120
73126 73944
96586 57194
91001 14436
35744 03929
03870 79995
87095 71037
98468 55096
25384 79124
47175 56720
47175 46181
56000 07056
96907 46181
05567 76941
47175 36791
44794 25384
88486 79124
56000 42830
89989 46181
08322 56720
61211 69913
56000 06771
54511 63355
58209 20421
04509 56000
78656 40485
08724 53407
77614 37129
69852 21064
13063 46181
55096 03423
36791 42830
07415 26990
55818 00167
73806 45712
34522 07415
05567 88486
88752 96586
65527 63015
91829 19622
15104 93048
46181 46181
43387 87563
08936 43387
72099 91001
25384 45787
58818 97259
09099 18513
88921 69913
02765 41699
81617 71899
12608 85416
20707 83447
70194 46181
64652 18146
30365 15104
62299 56720
37429 29432
39192 01418
51355 07415
91001 66902
66100 94090
44794 64015
07056 14798
63015 00120
22562 03423
87563 04067
54167 09099
12608 96907
56720 16727
15204 71092
43103 08322
88486 83791
98468 00167
19453 64652
17224 85679
83791 55887
31746 87095
55818 21507
56000 98186
05567 19453
57380 12608
36791 85679
22952 05567
65527 69722
91829 02765
63718 67667
36791 34522
36791 12350
56000 73944
54285 20585
17224 15005
59361 18146
91624 60993
01076 03929
95993 13063
37429 11932
71092 59361
87614 11932
40600 56720
58818 87563
85557 20394
77158 83447
78237 44794
95058 39980
90798 19622
16727 21064
08724 21507
90798 31361
31594 78656
95993 30204
28907 70517
53407 65527
37129 02767
31361 79995
98186 12711
45787 40485
65527 73806
63015 53407
57380 13018
78656 63015
57226 87095
21507 07415
89424 04616
58209 22772
48261 16736
45731 34563
64015 35744
85679 85679
41699 16727
20707 94090
95058 56720
01076 05567
15191 57194
39853 29696
18146 01418
83791 69061
30204 18146
85557 47175
85892 80701
21064 31746
58209 90673
69061 79995
07145 28907
04509 59361
64015 89746
02125 64652
54167 61211
77158 65527
31594 89937
81617 06109
39980 07056
17224 86390
89989 73806
15104 31594
06771 83447
63355 73062
11938 47175
86390 96907
23567 87006
19453 73944
08724 87614
45787 85225
22952 05381
64652 73944
85416 19295
40600 85892
63160 54511
07145 94090
16727 31361
47175 87006
40485 56040
47175 32114
04616 55887
89937 34563
77158 26990
03870 25384
54435 18146
37429 39444
01418 73944
55096 38812
78237 47175
89746 79244
96907 43387
39192 07145
88752 71015
65317 69722
19622 11932
07145 67667
98468 28907
21064 34563
63015 14436
71015 55818
70194 73806
57380 63718
85679 71092
87006 43387
26990 12350
94090 03870
08322 95058
21507 34877
41510 34877
56040 37129
83791 73126
79124 45839
56000 56041
57226 89424
94514 57226
91624 73944
46181 21507
02765 81617
21507 62299
90798 04509
13018 85679
73062 60993
83791 11938
25384 69768
34877 91829
88752 92313
87095 11938
78920 73806
88752 96586
29696 45839
88752 58209
97259 91624
15005 70517
37129 15204
08724 37129
00120 85679
07056 61211
77614 15104
67667 47175
79124 94514
87563 08936
01418 00167
04616 04616
89937 19485
47175 95058
20585 36791
77614 09396
63160 19295
78656 64015
34522 34877
88486 19485
70517 76941
57194 51355
21064 20394
89746 21507
37429 72055
04067 03423
31361 29432
71899 19453
65527 31361
73062 84705
07145 94090
17224 78237
13018 04616
22562 11932
19295 72099
91624 88752
87095 17224
69061 39192
22562 67667
87614 58818
48261 08203
23567 71037
19539 91624
90673 87563
19453 00167
73944 01076
02765 18513
71899 20707
22562 98468
05381 00167
56041 39444
02767 21064
43103 44794
12608 40485
39444 57226
56000 21507
17224 94090
48261 31361
90798 95993
39192 36791
76941 06771
89746 88752
66100 71037
97259 56040
96586 78237
37429 71015
46181 78656
16430 51355
88921 16727
85225 14798
65527 16430
91624 19453
53407 59361
73806 64015
88752 78920
11932 67667
59361 12608
35744 00167
89989 34522
14798 65527
12608 55096
42830 92313
58209 06771
29696 94514
08724 44794
15005 66902
19539 55818
97259 42830
98130 90673
41510 71092
40600 96907
60993 85892
03929 95058
00120 04616
26990 67667
11938 34522
94090 05567
66902 89424
83447 09099
84705 92313
54167 20585
69722 15005
41699 29438
57380 15204
89424 65527
57226 71899
16727 62299
55887 73062
71015 15104
45787 01517
22562 90798
70194 06771
02765 90798
17224 85416
69722 19453
94514 66100
39444 09099
63355 72099
88752 09672
59361 51355
86390 30365
44291 39980
85679 51355
77614 86390
53407 87614
08724 16727
95714 06109
34877 71015
20394 43103
96586 93048
67667 06771
84705 29696
47175 57194
17224 71037
43103 73944
08322 60993
05567 98186
15005 19295
44291 72055
30204 71899
29432 15104
69061 98186
17224 45787
09672 14723
05567 98186
84705 13063
25384 85557
71015 01076
73126 14436
67667 42830
34522 55818
89989 57380
86390 97259
14798 02765
06771 97259
69768 30204
28907 16727
67667 20585
66902 73126
15191 73126
70517 54511
12608 16736
38812 69852
00120 09672
39853 95993
45787 03929
Thinking
start 20585 src 20585
20585 54285 src 20585
20585 29432 src 20585
20585 61211 src 20585
20585 77143 src 20585
20585 39444 src 20585
54285 62299 src 20585
54285 91624 src 20585
54285 03870 src 20585
54285 81617 src 20585
29432 69768 src 20585
29432 88921 src 20585
29432 22772 src 20585
29432 40485 src 20585
61211 83447 src 20585
77143 17926 src 20585
39444 94649 src 20585
39444 72099 src 20585
39444 09099 src 20585
39444 95058 src 20585
62299 60993 src 20585
91624 31746 src 20585
69768 85557 src 20585
69768 30204 src 20585
69768 58209 src 20585
88921 18513 src 20585
22772 66902 src 20585
22772 69913 src 20585
22772 02765 src 20585
22772 15104 src 20585
22772 19539 src 20585
40485 31361 src 20585
40485 37429 src 20585
40485 54167 src 20585
83447 87485 src 20585
83447 86390 src 20585
83447 02125 src 20585
83447 91829 src 20585
17926 96907 src 20585
94649 93048 src 20585
09099 95714 src 20585
58209 39980 src 20585
18513 19622 src 20585
66902 63355 src 20585
66902 07056 src 20585
66902 56041 src 20585
15104 32114 src 20585
15104 12608 src 20585
15104 13063 src 20585
87485 06109 src 20585
02125 08936 src 20585
91829 30365 src 20585
91829 44291 src 20585
96907 72055 src 20585
93048 48261 src 20585
39980 97259 src 20585
32114 79995 src 20585
06109 25384 src 20585
08936 91001 src 20585
start 71015 src 71015
71015 37129 src 71015
71015 07415 src 71015
71015 88752 src 71015
71015 04509 src 71015
71015 34877 src 71015
71015 70517 src 71015
37129 69061 src 71015
37129 56040 src 71015
37129 12350 src 71015
37129 22952 src 71015
37129 51355 src 71015
37129 73126 src 71015
07415 65317 src 71015
07415 01076 src 71015
88752 15204 src 71015
04509 73944 src 71015
04509 55818 src 71015
04509 06771 src 71015
04509 98186 src 71015
04509 05381 src 71015
34877 57194 src 71015
34877 88486 src 71015
70517 83791 src 71015
70517 26990 src 71015
69061 73062 src 71015
69061 34522 src 71015
12350 20707 src 71015
12350 64652 src 71015
12350 19485 src 71015
22952 16736 src 71015
22952 56000 src 71015
22952 36791 src 71015
51355 15005 src 71015
51355 12711 src 71015
65317 21507 src 71015
65317 92313 src 71015
65317 96586 src 71015
88486 11938 src 71015
88486 46181 src 71015
88486 41510 src 71015
83791 05567 src 71015
20707 89746 src 71015
20707 89937 src 71015
16736 79244 src 71015
16736 03423 src 71015
36791 19453 src 71015
79244 42830 src 71015
start 45839 src 45839
45839 20394 src 45839
20394 09396 src 45839
20394 45712 src 45839
20394 54435 src 45839
20394 14436 src 45839
20394 43387 src 45839
20394 80701 src 45839
09396 84705 src 45839
45712 29696 src 45839
45712 78237 src 45839
45712 54511 src 45839
45712 76941 src 45839
14436 73806 src 45839
80701 66100 src 45839
80701 69852 src 45839
80701 94514 src 45839
80701 71037 src 45839
80701 58818 src 45839
84705 78656 src 45839
84705 77158 src 45839
84705 40600 src 45839
29696 38812 src 45839
78237 20421 src 45839
66100 85416 src 45839
94514 78920 src 45839
94514 89989 src 45839
94514 29438 src 45839
94514 01517 src 45839
71037 79124 src 45839
71037 69426 src 45839
71037 70194 src 45839
58818 41699 src 45839
58818 17224 src 45839
78656 47175 src 45839
77158 31594 src 45839
85416 08322 src 45839
89989 14798 src 45839
29438 43103 src 45839
79124 77132 src 45839
69426 21064 src 45839
70194 57380 src 45839
70194 15191 src 45839
41699 64015 src 45839
41699 98130 src 45839
47175 63718 src 45839
47175 63160 src 45839
47175 34563 src 45839
31594 02767 src 45839
31594 45731 src 45839
14798 90673 src 45839
77132 87006 src 45839
21064 04067 src 45839
15191 27669 src 45839
64015 19295 src 45839
98130 87563 src 45839
04067 85892 src 45839
27669 23567 src 45839
27669 08203 src 45839
08203 44794 src 45839
start 28907 src 28907
28907 89424 src 28907
28907 16430 src 28907
28907 87095 src 28907
28907 56720 src 28907
89424 55096 src 28907
16430 07145 src 28907
16430 00120 src 28907
16430 16727 src 28907
87095 53407 src 28907
56720 11932 src 28907
56720 39192 src 28907
56720 13018 src 28907
56720 01418 src 28907
55096 85679 src 28907
55096 59361 src 28907
00120 71899 src 28907
00120 18146 src 28907
16727 14723 src 28907
16727 94090 src 28907
11932 69722 src 28907
11932 71092 src 28907
11932 98468 src 28907
11932 00167 src 28907
11932 35744 src 28907
39192 87614 src 28907
13018 95993 src 28907
13018 39853 src 28907
01418 55887 src 28907
01418 04616 src 28907
59361 22562 src 28907
18146 85225 src 28907
14723 67667 src 28907
69722 77614 src 28907
71092 08724 src 28907
98468 65527 src 28907
00167 45787 src 28907
00167 63015 src 28907
00167 03929 src 28907
55887 90798 src 28907
04616 09672 src 28907
77614 57226 src 28907
Output
88486 46181 yes
56000 89937 yes
59361 01076 no
03423 51355 yes
14723 78920 no
39192 87485 no
03929 71899 yes
18146 85679 yes
51355 12711 yes
54511 86390 no
88921 08322 no
64652 36791 yes
08724 71899 yes
08322 69768 no
79124 66100 yes
01517 84705 yes
16736 15005 yes
92313 53407 no
13063 62299 yes
09099 94649 yes
04616 57194 no
04067 73126 no
12711 69061 yes
71899 77614 yes
70517 98468 no
16736 83791 yes
07056 08322 no
94514 57194 no
35744 31594 no
58209 79995 yes
29438 44291 no
62299 90798 no
03423 19453 yes
46181 01418 no
21507 88486 yes
88486 42830 yes
57194 69061 yes
47175 43387 yes
89746 69913 no
19295 21507 no
03929 87485 no
14798 57380 yes
01076 09396 no
87614 84705 no
19485 13018 no
77132 53407 no
34563 39192 no
69061 55887 no
09396 45712 yes
69722 56040 no
03929 01517 no
26990 17224 no
56041 43103 no
40600 73806 yes
71092 69768 no
15204 08936 no
27669 78920 yes
56040 05567 yes
41510 15191 no
79244 09672 no
08724 01517 no
77132 01076 no
69722 31594 no
90673 90673 yes
06771 04509 yes
91624 02765 yes
83791 89989 no
90798 53407 yes
43103 88752 no
17926 54285 yes
12711 98186 yes
39853 85679 yes
98186 63355 no
81617 63355 yes
59361 69722 yes
17926 89746 no
79995 53407 no
13018 07145 yes
19622 85557 yes
36791 71015 yes
48261 31746 yes
79244 65317 yes
37429 28907 no
63015 28907 yes
87614 64652 no
22772 83447 yes
39853 44291 no
30365 89424 no
77158 85225 no
36791 37129 yes
27669 01418 no
11932 63015 yes
69852 13063 no
73806 69426 yes
12350 22952 yes
18513 95714 yes
31594 73806 yes
64652 02125 no
46181 14723 no
96586 05381 yes
46181 78656 no
64652 00120 no
73126 73944 yes
96586 57194 yes
91001 14436 no
35744 03929 yes
03870 79995 yes
87095 71037 no
98468 55096 yes
25384 79124 no
47175 56720 no
47175 46181 no
56000 07056 no
96907 46181 no
05567 76941 no
47175 36791 no
44794 25384 no
88486 79124 no
56000 42830 yes
89989 46181 no
08322 56720 no
61211 69913 yes
56000 06771 yes
54511 63355 no
58209 20421 no
04509 56000 yes
78656 40485 no
08724 53407 yes
77614 37129 no
69852 21064 yes
13063 46181 no
55096 03423 no
36791 42830 yes
07415 26990 yes
55818 00167 no
73806 45712 yes
34522 07415 yes
05567 88486 yes
88752 96586 yes
65527 63015 yes
91829 19622 yes
15104 93048 yes
46181 46181 yes
43387 87563 yes
08936 43387 no
72099 91001 yes
25384 45787 no
58818 97259 no
09099 18513 yes
88921 69913 yes
02765 41699 no
81617 71899 no
12608 85416 no
20707 83447 no
70194 46181 no
64652 18146 no
30365 15104 yes
62299 56720 no
37429 29432 yes
39192 01418 yes
51355 07415 yes
91001 66902 yes
66100 94090 no
44794 64015 yes
07056 14798 no
63015 00120 yes
22562 03423 no
87563 04067 yes
54167 09099 yes
12608 96907 yes
56720 16727 yes
15204 71092 no
43103 08322 yes
88486 83791 yes
98468 00167 yes
19453 64652 yes
17224 85679 no
83791 55887 no
31746 87095 no
55818 21507 yes
56000 98186 yes
05567 19453 yes
57380 12608 no
36791 85679 no
22952 05567 yes
65527 69722 yes
91829 02765 yes
63718 67667 no
36791 34522 yes
36791 12350 yes
56000 73944 yes
54285 20585 yes
17224 15005 no
59361 18146 yes
91624 60993 yes
01076 03929 no
95993 13063 no
37429 11932 no
71092 59361 yes
87614 11932 yes
40600 56720 no
58818 87563 yes
85557 20394 no
77158 83447 no
78237 44794 yes
95058 39980 yes
90798 19622 no
16727 21064 no
08724 21507 no
90798 31361 no
31594 78656 yes
95993 30204 no
28907 70517 no
53407 65527 yes
37129 02767 no
31361 79995 yes
98186 12711 yes
45787 40485 no
65527 73806 no
63015 53407 yes
57380 13018 no
78656 63015 no
57226 87095 yes
21507 07415 yes
89424 04616 yes
58209 22772 yes
48261 16736 no
45731 34563 yes
64015 35744 no
85679 85679 yes
41699 16727 no
20707 94090 no
95058 56720 no
01076 05567 yes
15191 57194 no
39853 29696 no
18146 01418 yes
83791 69061 yes
30204 18146 no
85557 47175 no
85892 80701 yes
21064 31746 no
58209 90673 no
69061 79995 no
07145 28907 yes
04509 59361 no
64015 89746 no
02125 64652 no
54167 61211 yes
77158 65527 no
31594 89937 no
81617 06109 yes
39980 07056 yes
17224 86390 no
89989 73806 yes
15104 31594 no
06771 83447 no
63355 73062 no
11938 47175 no
86390 96907 yes
23567 87006 yes
19453 73944 yes
08724 87614 yes
45787 85225 yes
22952 05381 yes
64652 73944 yes
85416 19295 yes
40600 85892 yes
63160 54511 yes
07145 94090 yes
16727 31361 no
47175 87006 yes
40485 56040 no
47175 32114 no
04616 55887 yes
89937 34563 no
77158 26990 no
03870 25384 yes
54435 18146 no
37429 39444 yes
01418 73944 no
55096 38812 no
78237 47175 yes
89746 79244 yes
96907 43387 no
39192 07145 yes
88752 71015 yes
65317 69722 no
19622 11932 no
07145 67667 yes
98468 28907 yes
21064 34563 yes
63015 14436 no
71015 55818 yes
70194 73806 yes
57380 63718 yes
85679 71092 yes
87006 43387 yes
26990 12350 yes
94090 03870 no
08322 95058 no
21507 34877 yes
41510 34877 yes
56040 37129 yes
83791 73126 yes
79124 45839 yes
56000 56041 no
57226 89424 yes
94514 57226 no
91624 73944 no
46181 21507 yes
02765 81617 yes
21507 62299 no
90798 04509 no
13018 85679 yes
73062 60993 no
83791 11938 yes
25384 69768 yes
34877 91829 no
88752 92313 yes
87095 11938 no
78920 73806 yes
88752 96586 yes
29696 45839 yes
88752 58209 no
97259 91624 yes
15005 70517 yes
37129 15204 yes
08724 37129 no
00120 85679 yes
07056 61211 yes
77614 15104 no
67667 47175 no
79124 94514 yes
87563 08936 no
01418 00167 yes
04616 04616 yes
89937 19485 yes
47175 95058 no
20585 36791 no
77614 09396 no
63160 19295 yes
78656 64015 yes
34522 34877 yes
88486 19485 yes
70517 76941 no
57194 51355 yes
21064 20394 yes
89746 21507 yes
37429 72055 yes
04067 03423 no
31361 29432 yes
71899 19453 no
65527 31361 no
73062 84705 no
07145 94090 yes
17224 78237 yes
13018 04616 yes
22562 11932 yes
19295 72099 no
91624 88752 no
87095 17224 no
69061 39192 no
22562 67667 yes
87614 58818 no
48261 08203 no
23567 71037 yes
19539 91624 yes
90673 87563 yes
19453 00167 no
73944 01076 yes
02765 18513 yes
71899 20707 no
22562 98468 yes
05381 00167 no
56041 39444 yes
02767 21064 yes
43103 44794 yes
12608 40485 yes
39444 57226 no
56000 21507 yes
17224 94090 no
48261 31361 yes
90798 95993 yes
39192 36791 no
76941 06771 no
89746 88752 yes
66100 71037 yes
97259 56040 no
96586 78237 no
37429 71015 no
46181 78656 no
16430 51355 no
88921 16727 no
85225 14798 no
65527 16430 yes
91624 19453 no
53407 59361 yes
73806 64015 yes
88752 78920 no
11932 67667 yes
59361 12608 no
35744 00167 yes
89989 34522 no
14798 65527 no
12608 55096 no
42830 92313 yes
58209 06771 no
29696 94514 yes
08724 44794 no
15005 66902 no
19539 55818 no
97259 42830 no
98130 90673 yes
41510 71092 no
40600 96907 no
60993 85892 no
03929 95058 no
00120 04616 yes
26990 67667 no
11938 34522 yes
94090 05567 no
66902 89424 no
83447 09099 yes
84705 92313 no
54167 20585 yes
69722 15005 no
41699 29438 yes
57380 15204 no
89424 65527 yes
57226 71899 yes
16727 62299 no
55887 73062 no
71015 15104 no
45787 01517 no
22562 90798 yes
70194 06771 no
02765 90798 no
17224 85416 yes
69722 19453 no
94514 66100 yes
39444 09099 yes
63355 72099 yes
88752 09672 no
59361 51355 no
86390 30365 yes
44291 39980 yes
85679 51355 no
77614 86390 no
53407 87614 yes
08724 16727 yes
95714 06109 yes
34877 71015 yes
20394 43103 yes
96586 93048 no
67667 06771 no
84705 29696 yes
47175 57194 no
17224 71037 yes
43103 73944 no
08322 60993 no
05567 98186 yes
15005 19295 no
44291 72055 yes
30204 71899 no
29432 15104 yes
69061 98186 yes
17224 45787 no
09672 14723 yes
05567 98186 yes
84705 13063 no
25384 85557 yes
71015 01076 yes
73126 14436 no
67667 42830 no
34522 55818 yes
89989 57380 yes
86390 97259 yes
14798 02765 no
06771 97259 no
69768 30204 yes
28907 16727 yes
67667 20585 no
66902 73126 no
15191 73126 no
70517 54511 no
12608 16736 no
38812 69852 yes
00120 09672 yes
39853 95993 yes
45787 03929 yes
End
