Graph
9469 9605
3846 1309
9305 7320
6268 1990
4511 7763
9305 0230
6955 3008
1890 9469
3008 3008
6373 7320
9695 4757
9305 7320
3691 1151
7454 9593
9305 6268
1890 9593
1040 7428
7929 5862
3966 1151
1040 2485
2222 4739
7929 9289
2139 3691
1040 4739
7320 0528
7929 4511
2139 3008
2485 2222
9305 1990
0719 6794
4177 2222
7454 9605
1890 3008
4757 0230
2222 2485
1288 1890
6955 1151
7090 2067
9469 9605
2139 7454
1890 6955
1890 1309
6268 0230
7320 4757
1309 3846
0719 4739
1990 4757
4739 7929
4177 1040
4511 7929
9593 3008
4739 7428
9289 1040
1151 1890
1890 3691
1990 8662
9305 8662
7929 4511
9695 0528
6373 6373
2741 4739
8662 9695
1990 6373
6268 8662
6955 7454
9605 6955
0719 4345
3691 7454
9305 2067
4511 4739
7428 7763
9605 3691
8832 3869
7090 3869
6373 7090
1890 2561
0230 7090
3846 1151
6373 7320
7929 9289
9695 2067
7763 4739
7763 4177
8832 6373
7840 2561
Queries
3691 9469
5862 2222
1151 7929
2139 4345
4511 1040
3008 1309
7840 7763
3008 3008
4177 6955
6268 8662
7840 0528
9469 9605
2561 3008
0719 9289
8832 2561
8832 2067
9305 2485
4739 7428
1890 4739
3691 9289
1309 9605
2067 3846
7090 3846
2561 1151
8832 3966
7840 4511
0528 3869
8832 3966
0719 7763
4511 5862
4511 4511
3966 4177
4345 9593
2222 9289
6268 1990
2561 3966
9289 7428
7929 1040
3966 0719
9289 7929
9593 1309
3008 3966
1309 8832
2561 8832
9289 1309
7929 1040
7840 3966
6373 7840
6794 2561
0230 9305
3869 6794
3966 4739
9289 4345
6373 3869
7428 7840
6794 9289
9593 1990
1151 7454
4739 7763
4177 2222
3846 4511
0230 9289
9695 7428
6794 2222
3846 9469
4739 7840
9695 9305
3966 2139
5862 4739
4511 4345
9695 9695
3691 4739
2561 3966
7454 9305
3869 8832
3846 2485
2067 3869
1990 9305
6955 4177
9305 8662
9605 1288
0719 2067
2561 1151
7320 6955
4511 7428
Thinking
start 1040 src 1040
1040 7428 src 1040
1040 2485 src 1040
1040 4739 src 1040
1040 4177 src 1040
1040 9289 src 1040
7428 7763 src 1040
2485 2222 src 1040
4739 0719 src 1040
4739 7929 src 1040
4739 2741 src 1040
4739 4511 src 1040
0719 6794 src 1040
0719 4345 src 1040
7929 5862 src 1040
start 1990 src 1990
1990 6268 src 1990
1990 9305 src 1990
1990 4757 src 1990
1990 8662 src 1990
1990 6373 src 1990
6268 0230 src 1990
9305 7320 src 1990
9305 2067 src 1990
4757 9695 src 1990
6373 7090 src 1990
6373 8832 src 1990
7320 0528 src 1990
7090 3869 src 1990
start 3691 src 3691
3691 1151 src 3691
3691 2139 src 3691
3691 1890 src 3691
3691 7454 src 3691
3691 9605 src 3691
1151 3966 src 3691
1151 6955 src 3691
1151 3846 src 3691
2139 3008 src 3691
1890 9469 src 3691
1890 9593 src 3691
1890 1288 src 3691
1890 1309 src 3691
1890 2561 src 3691
2561 7840 src 3691
Output
3691 9469 yes
5862 2222 yes
1151 7929 no
2139 4345 no
4511 1040 yes
3008 1309 yes
7840 7763 no
3008 3008 yes
4177 6955 no
6268 8662 yes
7840 0528 no
9469 9605 yes
2561 3008 yes
0719 9289 yes
8832 2561 no
8832 2067 yes
9305 2485 no
4739 7428 yes
1890 4739 no
3691 9289 no
1309 9605 yes
2067 3846 no
7090 3846 no
2561 1151 yes
8832 3966 no
7840 4511 no
0528 3869 yes
8832 3966 no
0719 7763 yes
4511 5862 yes
4511 4511 yes
3966 4177 no
4345 9593 no
2222 9289 yes
6268 1990 yes
2561 3966 yes
9289 7428 yes
7929 1040 yes
3966 0719 no
9289 7929 yes
9593 1309 yes
3008 3966 yes
1309 8832 no
2561 8832 no
9289 1309 no
7929 1040 yes
7840 3966 yes
6373 7840 no
6794 2561 no
0230 9305 yes
3869 6794 no
3966 4739 no
9289 4345 yes
6373 3869 yes
7428 7840 no
6794 9289 yes
9593 1990 no
1151 7454 yes
4739 7763 yes
4177 2222 yes
3846 4511 no
0230 9289 no
9695 7428 no
6794 2222 yes
3846 9469 yes
4739 7840 no
9695 9305 yes
3966 2139 yes
5862 4739 yes
4511 4345 yes
9695 9695 yes
3691 4739 no
2561 3966 yes
7454 9305 no
3869 8832 yes
3846 2485 no
2067 3869 yes
1990 9305 yes
6955 4177 no
9305 8662 yes
9605 1288 yes
0719 2067 no
2561 1151 yes
7320 6955 no
4511 7428 yes
End
