Graph
6036 6801
5628 1628
6624 3482
2932 4134
4282 6621
5557 6839
2415 3303
7113 7655
6839 7292
6621 9580
5886 8933
5557 7292
8078 8110
0291 2639
2932 1697
4463 7775
6801 7113
3790 7398
3482 1293
4134 7398
2536 4121
2932 1163
7481 4282
8323 7775
2639 5317
2536 6614
5886 1163
6801 7655
3790 1163
6036 7481
5628 8110
3482 6839
1104 8110
4134 1104
1235 9006
4282 7655
4699 3482
6247 4699
2536 0637
8589 6839
2536 2536
0291 8496
6621 1235
7775 2835
3303 6247
4463 8078
3303 7292
0291 2536
8496 2536
1104 1628
5628 7398
7775 7398
1628 4134
5317 4121
9580 7655
5557 8589
4282 9006
5557 3303
8496 2536
4699 3670
3670 8589
1628 2932
6624 6247
7775 8933
3482 4699
1235 7113
7655 9006
1163 1163
4463 1697
6036 2000
1628 1163
Queries
4121 1235
8496 8496
4463 8110
2415 3670
1163 8496
9006 6036
5557 7292
2932 5886
8110 5886
2536 4121
1163 3303
4463 7113
2639 0291
6621 2000
8933 1163
2415 5317
1235 9580
6614 3790
3790 4121
7113 2000
1163 7113
8933 5886
4121 6247
9580 8078
4282 3303
5557 6801
9006 7775
6614 3303
5317 6621
4121 1293
6621 1293
9006 7655
6621 7481
2536 2639
4134 6036
6801 4121
4463 1235
2835 8323
8933 8589
7655 7481
1628 7113
0291 8933
7113 2000
7398 6839
1235 4699
8110 1697
2639 8078
9006 7113
1628 3670
0637 6247
4282 1235
2415 3790
7481 9006
1697 3790
4463 8078
4134 2835
1163 4463
2536 2536
1235 8589
4121 9580
6614 3303
1235 3482
5628 3482
4121 7292
3303 2415
0637 4134
8496 4121
7775 1293
1628 4463
1697 7398
8110 7398
8933 4134
2536 5557
0291 2536
5628 4134
9006 8110
2415 5557
6247 0637
2415 7292
7481 5317
9580 4121
1293 3303
7481 7481
8323 2536
1628 2932
2932 2415
2415 6839
6247 7292
4463 6624
2639 6839
1163 7655
2536 2000
4282 7655
1104 1163
1628 7481
7655 1235
4699 7398
5557 2415
1235 9580
Thinking
start 4282 src 4282
4282 6621 src 4282
4282 7481 src 4282
4282 7655 src 4282
4282 9006 src 4282
6621 9580 src 4282
6621 1235 src 4282
7481 6036 src 4282
7655 7113 src 4282
7655 6801 src 4282
6036 2000 src 4282
start 3670 src 3670
3670 4699 src 3670
3670 8589 src 3670
4699 3482 src 3670
4699 6247 src 3670
8589 6839 src 3670
8589 5557 src 3670
3482 6624 src 3670
3482 1293 src 3670
6247 3303 src 3670
6839 7292 src 3670
3303 2415 src 3670
start 0637 src 0637
0637 2536 src 0637
2536 4121 src 0637
2536 6614 src 0637
2536 0291 src 0637
2536 8496 src 0637
4121 5317 src 0637
0291 2639 src 0637
start 7775 src 7775
7775 4463 src 7775
7775 8323 src 7775
7775 2835 src 7775
7775 7398 src 7775
7775 8933 src 7775
4463 8078 src 7775
4463 1697 src 7775
7398 3790 src 7775
7398 4134 src 7775
7398 5628 src 7775
8933 5886 src 7775
8078 8110 src 7775
1697 2932 src 7775
3790 1163 src 7775
4134 1104 src 7775
4134 1628 src 7775
Output
4121 1235 no
8496 8496 yes
4463 8110 yes
2415 3670 yes
1163 8496 no
9006 6036 yes
5557 7292 yes
2932 5886 yes
8110 5886 yes
2536 4121 yes
1163 3303 no
4463 7113 no
2639 0291 yes
6621 2000 yes
8933 1163 yes
2415 5317 no
1235 9580 yes
6614 3790 no
3790 4121 no
7113 2000 yes
1163 7113 no
8933 5886 yes
4121 6247 no
9580 8078 no
4282 3303 no
5557 6801 no
9006 7775 no
6614 3303 no
5317 6621 no
4121 1293 no
6621 1293 no
9006 7655 yes
6621 7481 yes
2536 2639 yes
4134 6036 no
6801 4121 no
4463 1235 no
2835 8323 yes
8933 8589 no
7655 7481 yes
1628 7113 no
0291 8933 no
7113 2000 yes
7398 6839 no
1235 4699 no
8110 1697 yes
2639 8078 no
9006 7113 yes
1628 3670 no
0637 6247 no
4282 1235 yes
2415 3790 no
7481 9006 yes
1697 3790 yes
4463 8078 yes
4134 2835 yes
1163 4463 yes
2536 2536 yes
1235 8589 no
4121 9580 no
6614 3303 no
1235 3482 no
5628 3482 no
4121 7292 no
3303 2415 yes
0637 4134 no
8496 4121 yes
7775 1293 no
1628 4463 yes
1697 7398 yes
8110 7398 yes
8933 4134 yes
2536 5557 no
0291 2536 yes
5628 4134 yes
9006 8110 no
2415 5557 yes
6247 0637 no
2415 7292 yes
7481 5317 no
9580 4121 no
1293 3303 yes
7481 7481 yes
8323 2536 no
1628 2932 yes
2932 2415 no
2415 6839 yes
6247 7292 yes
4463 6624 no
2639 6839 no
1163 7655 no
2536 2000 no
4282 7655 yes
1104 1163 yes
1628 7481 no
7655 1235 yes
4699 7398 no
5557 2415 yes
1235 9580 yes
End
