Graph
66330 62412
11754 86904
65505 62060
62060 19900
07169 68559
70776 94781
96774 46236
75229 15921
86150 99109
29871 74137
29871 69989
58875 71461
53664 74771
58148 10274
37661 39678
05645 90632
90632 94781
34171 68125
15921 36109
78121 34171
40849 94781
72909 76429
72909 15539
62153 58882
58882 74784
61670 67241
64489 50042
85505 67241
10205 68125
07209 25779
35734 07035
95812 58882
07330 09559
95812 40995
70776 58875
46311 53899
79202 50042
90108 86613
90632 10274
52858 09559
07035 68559
20012 74784
53212 99109
78180 53664
54166 68125
28104 12046
74137 99762
78180 86150
16052 74771
07035 65505
22725 90632
05992 65505
06919 50176
72909 15539
74784 62153
11754 69117
70776 70776
40995 74784
95812 53899
85505 29871
53899 53833
10274 22725
85505 77878
09559 62060
86150 86435
07169 05992
99109 46310
93353 53833
88463 40995
07169 19900
50988 25779
68559 85199
61670 90108
65806 26825
47114 85068
86904 46310
26825 65806
16869 16869
16112 19900
71949 26825
10205 69117
60720 29871
58882 46311
16869 26825
79202 19900
85199 68559
05992 68054
07209 70776
58882 67686
74784 72396
20812 75728
75554 09559
86435 11754
62412 38731
26825 39678
53664 72909
68125 11754
73472 72909
10274 89244
24618 47484
88463 95812
79519 50988
53833 74784
71461 50988
66330 88463
67686 74784
20812 63288
88345 34394
46310 99591
74771 53212
70776 06919
42563 46311
47141 75728
61670 05910
90158 50988
40995 42563
47114 19900
62412 62153
16112 27523
26825 77878
34171 68125
72396 58882
26825 61670
22725 24618
07035 65505
11754 53664
52858 62060
90992 53212
47141 70776
25779 70776
56504 60720
94212 15539
94212 22143
59566 75192
71069 26825
39678 60720
35734 46236
86613 29871
99591 69117
63288 22725
20812 50176
60618 40849
75554 85199
86613 71949
85505 16869
46236 59641
07330 64143
54166 36109
69117 15539
64143 09559
05910 65806
56504 16869
34394 50988
10205 54166
22143 72909
59566 22143
16052 10205
94781 12046
76429 53664
75229 53664
99591 03398
64489 64489
88463 38731
93353 53833
27523 66746
07169 50673
74137 26825
27868 19900
10205 15921
28104 28104
35734 75554
71461 05645
86435 99591
86150 90992
73472 86904
27523 59641
95812 74784
63288 38909
20012 62412
75554 31228
11754 76429
99762 90108
85199 50673
Queries
42563 50176
46310 05910
99591 78121
90632 89244
68125 68125
79202 79202
75192 72396
71069 71069
53664 36109
54166 64489
67241 16869
26825 90108
85505 16869
56504 40995
70776 59566
66330 99109
63288 64489
64489 63288
16052 10274
63288 90108
34171 88345
67241 71949
07169 71949
74784 58882
20812 50176
16112 73472
53664 53664
03398 66746
85068 85199
31228 56504
16869 90108
72396 66330
86435 50673
75554 27523
38731 62153
46311 59566
06919 90108
58148 89244
94781 22725
86613 62060
15921 86435
16052 59566
90158 79519
62060 71949
64489 47114
99762 62412
86150 94781
29871 74137
72396 88463
05992 10274
60618 50176
58882 05992
53899 72396
42563 76429
65505 07169
67686 42563
90992 24618
16112 07330
16869 71949
68054 71069
62412 38731
67686 62060
95812 37661
60618 22725
36109 19900
20012 74784
50673 59641
40995 74784
31228 75192
93353 46311
93353 62412
40849 58875
53833 25779
95812 85199
79519 16869
66746 59641
53899 66330
63288 47141
86150 75229
29871 86904
62153 62412
58882 07209
68559 05992
86613 71949
62412 67686
60618 40995
85068 27523
76429 78121
53899 46311
72396 77878
88345 35734
15539 75554
65806 86613
90158 47114
62060 27523
15921 73472
42563 62412
64143 03398
53833 62412
07035 05992
40995 42563
46236 31228
53899 07330
62060 16112
46311 67686
95812 50673
74137 60720
47141 64143
34171 47484
85505 77878
15539 64143
50042 07169
34394 24618
16112 05645
53212 75229
78121 73472
69117 69117
94781 71461
66746 47114
20012 74137
34171 19900
50673 56504
19900 09559
58148 24618
67241 20012
46311 96774
99762 65505
69117 78121
50673 68559
52858 64489
71461 47141
07209 90108
68125 71949
74784 27868
69989 16869
88345 85505
73472 75229
67686 74784
40995 66330
71949 74137
59641 75229
16112 03398
36109 61670
38731 26825
67686 42563
39678 61670
29871 58148
15539 15539
42563 64143
60618 25779
56504 62412
71949 07330
59566 39678
62412 38731
34171 78180
20012 53899
90108 61670
99762 10274
90108 64489
68054 85068
54166 46310
36109 93353
78121 88463
40995 95812
56504 53899
85199 20012
16112 16112
62412 53833
22725 46311
68054 71461
11754 79202
79202 72909
50988 50042
95812 64489
85505 74137
88463 69989
76429 99591
47141 26825
59641 99591
34171 68559
03398 46236
72396 20012
53664 56504
20012 58882
68125 75554
39678 46311
63288 47484
58882 40995
50988 07209
35734 27868
68559 90992
70776 86150
88463 40995
66746 58148
40995 72396
56504 22725
95812 79519
64143 16052
77878 85199
16052 62412
60720 16869
61670 90108
47114 60720
74784 69989
05645 50673
16052 46236
68559 07330
19900 50176
29871 20012
99591 71069
67686 88463
31228 07035
42563 72396
74137 77878
15921 16052
62412 15539
90108 74771
16112 94781
63288 56504
10274 58875
62060 50673
20812 70776
38731 78121
60720 77878
74771 27868
71949 37661
54166 58148
20012 53899
37661 90108
99762 36109
52858 39678
62153 85068
47484 40849
94781 22143
75192 72909
56504 69989
20812 60720
07035 59641
16112 46236
36109 65806
09559 79202
99591 67686
67241 34171
36109 42563
65806 64143
90158 70776
10205 64143
67686 40995
26825 65806
78180 53833
71949 25779
37661 60720
47114 28104
66330 66746
50673 20012
79202 85505
19900 46236
54166 06919
54166 66330
34394 94781
99762 26825
53664 90992
28104 50176
24618 78180
38731 37661
67686 53833
62060 12046
72396 20012
40849 37661
53212 86435
19900 10274
85505 59566
54166 78180
46311 19900
16869 72396
05645 46236
69117 10274
69117 58882
52858 73472
52858 68054
85505 42563
40995 64489
64489 07169
60720 34171
20812 22725
12046 60618
29871 90632
78121 68125
53664 75192
29871 27523
79202 31228
75554 68559
96774 85068
72909 99591
75229 88463
69989 77878
53833 67686
63288 94212
90108 16869
69117 53664
05910 64489
03398 40995
53664 73472
65806 22725
50176 28104
75554 10205
15539 38731
27523 73472
64489 47114
85068 28104
07209 58875
86435 86435
20012 52858
47114 72909
46310 86435
59641 19900
64489 96774
65505 67686
67241 79519
67241 86613
59566 53212
40995 71461
65505 35734
61670 47484
35734 27523
27868 64489
99591 67241
09559 77878
62153 72396
62153 27868
66330 40849
53833 86613
73472 86435
79519 58148
05992 07169
96774 47114
07035 09559
07169 34394
39678 39678
29871 74137
40995 67241
74784 46311
07035 75554
74771 53212
31228 07330
86435 07035
77878 60720
71069 56504
64143 54166
36109 63288
69989 56504
42563 46311
77878 77878
03398 59566
10274 47484
24618 06919
71949 85505
47114 27868
95812 95812
90158 46311
15921 35734
90108 53899
50988 86613
10274 50176
58148 53899
53833 62153
93353 35734
99109 94212
19900 38731
86150 74784
62412 59566
88463 56504
16869 38909
88345 53212
26825 85505
67241 66746
64143 07169
65505 90108
24618 26825
72909 34171
20012 71949
85505 10274
66330 62412
20012 39678
72396 62153
90992 22143
71069 16869
70776 20812
40849 79519
89244 88345
40849 39678
53833 09559
68559 07035
88463 88463
Thinking
start 74784 src 74784
74784 58882 src 74784
74784 20012 src 74784
74784 62153 src 74784
74784 40995 src 74784
74784 72396 src 74784
74784 53833 src 74784
74784 67686 src 74784
74784 95812 src 74784
58882 46311 src 74784
20012 62412 src 74784
40995 88463 src 74784
40995 42563 src 74784
53833 53899 src 74784
53833 93353 src 74784
62412 66330 src 74784
62412 38731 src 74784
start 53664 src 53664
53664 74771 src 53664
53664 78180 src 53664
53664 72909 src 53664
53664 11754 src 53664
53664 76429 src 53664
53664 75229 src 53664
74771 16052 src 53664
74771 53212 src 53664
78180 86150 src 53664
72909 15539 src 53664
72909 73472 src 53664
72909 22143 src 53664
11754 86904 src 53664
11754 69117 src 53664
11754 86435 src 53664
11754 68125 src 53664
75229 15921 src 53664
16052 10205 src 53664
53212 99109 src 53664
53212 90992 src 53664
15539 94212 src 53664
22143 59566 src 53664
86904 46310 src 53664
69117 99591 src 53664
68125 34171 src 53664
68125 54166 src 53664
15921 36109 src 53664
59566 75192 src 53664
99591 03398 src 53664
34171 78121 src 53664
start 85505 src 85505
85505 67241 src 85505
85505 29871 src 85505
85505 77878 src 85505
85505 16869 src 85505
67241 61670 src 85505
29871 74137 src 85505
29871 69989 src 85505
29871 60720 src 85505
29871 86613 src 85505
77878 26825 src 85505
16869 56504 src 85505
61670 90108 src 85505
61670 05910 src 85505
74137 99762 src 85505
60720 39678 src 85505
86613 71949 src 85505
26825 65806 src 85505
26825 71069 src 85505
39678 37661 src 85505
start 70776 src 70776
70776 94781 src 70776
70776 58875 src 70776
70776 07209 src 70776
70776 06919 src 70776
70776 47141 src 70776
70776 25779 src 70776
94781 90632 src 70776
94781 40849 src 70776
94781 12046 src 70776
58875 71461 src 70776
06919 50176 src 70776
47141 75728 src 70776
25779 50988 src 70776
90632 05645 src 70776
90632 10274 src 70776
90632 22725 src 70776
40849 60618 src 70776
12046 28104 src 70776
50176 20812 src 70776
50988 79519 src 70776
50988 90158 src 70776
50988 34394 src 70776
10274 58148 src 70776
10274 89244 src 70776
22725 24618 src 70776
22725 63288 src 70776
34394 88345 src 70776
24618 47484 src 70776
63288 38909 src 70776
start 19900 src 19900
19900 62060 src 19900
19900 07169 src 19900
19900 16112 src 19900
19900 79202 src 19900
19900 47114 src 19900
19900 27868 src 19900
62060 65505 src 19900
62060 09559 src 19900
62060 52858 src 19900
07169 68559 src 19900
07169 05992 src 19900
07169 50673 src 19900
16112 27523 src 19900
79202 50042 src 19900
47114 85068 src 19900
65505 07035 src 19900
09559 07330 src 19900
09559 75554 src 19900
09559 64143 src 19900
68559 85199 src 19900
05992 68054 src 19900
27523 66746 src 19900
27523 59641 src 19900
50042 64489 src 19900
07035 35734 src 19900
75554 31228 src 19900
59641 46236 src 19900
46236 96774 src 19900
Output
42563 50176 no
46310 05910 no
99591 78121 yes
90632 89244 yes
68125 68125 yes
79202 79202 yes
75192 72396 no
71069 71069 yes
53664 36109 yes
54166 64489 no
67241 16869 yes
26825 90108 yes
85505 16869 yes
56504 40995 no
70776 59566 no
66330 99109 no
63288 64489 no
64489 63288 no
16052 10274 no
63288 90108 no
34171 88345 no
67241 71949 yes
07169 71949 no
74784 58882 yes
20812 50176 yes
16112 73472 no
53664 53664 yes
03398 66746 no
85068 85199 yes
31228 56504 no
16869 90108 yes
72396 66330 yes
86435 50673 no
75554 27523 yes
38731 62153 yes
46311 59566 no
06919 90108 no
58148 89244 yes
94781 22725 yes
86613 62060 no
15921 86435 yes
16052 59566 yes
90158 79519 yes
62060 71949 no
64489 47114 yes
99762 62412 no
86150 94781 no
29871 74137 yes
72396 88463 yes
05992 10274 no
60618 50176 yes
58882 05992 no
53899 72396 yes
42563 76429 no
65505 07169 yes
67686 42563 yes
90992 24618 no
16112 07330 yes
16869 71949 yes
68054 71069 no
62412 38731 yes
67686 62060 no
95812 37661 no
60618 22725 yes
36109 19900 no
20012 74784 yes
50673 59641 yes
40995 74784 yes
31228 75192 no
93353 46311 yes
93353 62412 yes
40849 58875 yes
53833 25779 no
95812 85199 no
79519 16869 no
66746 59641 yes
53899 66330 yes
63288 47141 yes
86150 75229 yes
29871 86904 no
62153 62412 yes
58882 07209 no
68559 05992 yes
86613 71949 yes
62412 67686 yes
60618 40995 no
85068 27523 yes
76429 78121 yes
53899 46311 yes
72396 77878 no
88345 35734 no
15539 75554 no
65806 86613 yes
90158 47114 no
62060 27523 yes
15921 73472 yes
42563 62412 yes
64143 03398 no
53833 62412 yes
07035 05992 yes
40995 42563 yes
46236 31228 yes
53899 07330 no
62060 16112 yes
46311 67686 yes
95812 50673 no
74137 60720 yes
47141 64143 no
34171 47484 no
85505 77878 yes
15539 64143 no
50042 07169 yes
34394 24618 yes
16112 05645 no
53212 75229 yes
78121 73472 yes
69117 69117 yes
94781 71461 yes
66746 47114 yes
20012 74137 no
34171 19900 no
50673 56504 no
19900 09559 yes
58148 24618 yes
67241 20012 no
46311 96774 no
99762 65505 no
69117 78121 yes
50673 68559 yes
52858 64489 yes
71461 47141 yes
07209 90108 no
68125 71949 no
74784 27868 no
69989 16869 yes
88345 85505 no
73472 75229 yes
67686 74784 yes
40995 66330 yes
71949 74137 yes
59641 75229 no
16112 03398 no
36109 61670 no
38731 26825 no
67686 42563 yes
39678 61670 yes
29871 58148 no
15539 15539 yes
42563 64143 no
60618 25779 yes
56504 62412 no
71949 07330 no
59566 39678 no
62412 38731 yes
34171 78180 yes
20012 53899 yes
90108 61670 yes
99762 10274 no
90108 64489 no
68054 85068 yes
54166 46310 yes
36109 93353 no
78121 88463 no
40995 95812 yes
56504 53899 no
85199 20012 no
16112 16112 yes
62412 53833 yes
22725 46311 no
68054 71461 no
11754 79202 no
79202 72909 no
50988 50042 no
95812 64489 no
85505 74137 yes
88463 69989 no
76429 99591 yes
47141 26825 no
59641 99591 no
34171 68559 no
03398 46236 no
72396 20012 yes
53664 56504 no
20012 58882 yes
68125 75554 no
39678 46311 no
63288 47484 yes
58882 40995 yes
50988 07209 yes
35734 27868 yes
68559 90992 no
70776 86150 no
88463 40995 yes
66746 58148 no
40995 72396 yes
56504 22725 no
95812 79519 no
64143 16052 no
77878 85199 no
16052 62412 no
60720 16869 yes
61670 90108 yes
47114 60720 no
74784 69989 no
05645 50673 no
16052 46236 no
68559 07330 yes
19900 50176 no
29871 20012 no
99591 71069 no
67686 88463 yes
31228 07035 yes
42563 72396 yes
74137 77878 yes
15921 16052 yes
62412 15539 no
90108 74771 no
16112 94781 no
63288 56504 no
10274 58875 yes
62060 50673 yes
20812 70776 yes
38731 78121 no
60720 77878 yes
74771 27868 no
71949 37661 yes
54166 58148 no
20012 53899 yes
37661 90108 yes
99762 36109 no
52858 39678 no
62153 85068 no
47484 40849 yes
94781 22143 no
75192 72909 yes
56504 69989 yes
20812 60720 no
07035 59641 yes
16112 46236 yes
36109 65806 no
09559 79202 yes
99591 67686 no
67241 34171 no
36109 42563 no
65806 64143 no
90158 70776 yes
10205 64143 no
67686 40995 yes
26825 65806 yes
78180 53833 no
71949 25779 no
37661 60720 yes
47114 28104 no
66330 66746 no
50673 20012 no
79202 85505 no
19900 46236 yes
54166 06919 no
54166 66330 no
34394 94781 yes
99762 26825 yes
53664 90992 yes
28104 50176 yes
24618 78180 no
38731 37661 no
67686 53833 yes
62060 12046 no
72396 20012 yes
40849 37661 no
53212 86435 yes
19900 10274 no
85505 59566 no
54166 78180 yes
46311 19900 no
16869 72396 no
05645 46236 no
69117 10274 no
69117 58882 no
52858 73472 no
52858 68054 yes
85505 42563 no
40995 64489 no
64489 07169 yes
60720 34171 no
20812 22725 yes
12046 60618 yes
29871 90632 no
78121 68125 yes
53664 75192 yes
29871 27523 no
79202 31228 yes
75554 68559 yes
96774 85068 yes
72909 99591 yes
75229 88463 no
69989 77878 yes
53833 67686 yes
63288 94212 no
90108 16869 yes
69117 53664 yes
05910 64489 no
03398 40995 no
53664 73472 yes
65806 22725 no
50176 28104 yes
75554 10205 no
15539 38731 no
27523 73472 no
64489 47114 yes
85068 28104 no
07209 58875 yes
86435 86435 yes
20012 52858 no
47114 72909 no
46310 86435 yes
59641 19900 yes
64489 96774 yes
65505 67686 no
67241 79519 no
67241 86613 yes
59566 53212 yes
40995 71461 no
65505 35734 yes
61670 47484 no
35734 27523 yes
27868 64489 yes
99591 67241 no
09559 77878 no
62153 72396 yes
62153 27868 no
66330 40849 no
53833 86613 no
73472 86435 yes
79519 58148 yes
05992 07169 yes
96774 47114 yes
07035 09559 yes
07169 34394 no
39678 39678 yes
29871 74137 yes
40995 67241 no
74784 46311 yes
07035 75554 yes
74771 53212 yes
31228 07330 yes
86435 07035 no
77878 60720 yes
71069 56504 yes
64143 54166 no
36109 63288 no
69989 56504 yes
42563 46311 yes
77878 77878 yes
03398 59566 yes
10274 47484 yes
24618 06919 yes
71949 85505 yes
47114 27868 yes
95812 95812 yes
90158 46311 no
15921 35734 no
90108 53899 no
50988 86613 no
10274 50176 yes
58148 53899 no
53833 62153 yes
93353 35734 no
99109 94212 yes
19900 38731 no
86150 74784 no
62412 59566 no
88463 56504 no
16869 38909 no
88345 53212 no
26825 85505 yes
67241 66746 no
64143 07169 yes
65505 90108 no
24618 26825 no
72909 34171 yes
20012 71949 no
85505 10274 no
66330 62412 yes
20012 39678 no
72396 62153 yes
90992 22143 yes
71069 16869 yes
70776 20812 yes
40849 79519 yes
89244 88345 yes
40849 39678 no
53833 09559 no
68559 07035 yes
88463 88463 yes
End
