Graph
59373 32166
01304 25310
15061 26519
49614 78463
83141 54594
77479 94554
70955 42483
95815 02465
24317 07425
16137 80727
15860 80188
22623 30623
11165 06332
31271 52565
10129 82087
31879 76546
84512 69145
04920 79687
56248 31634
12496 41194
31634 14747
24317 17167
64752 85137
11165 72546
06332 39074
07425 45590
44581 67747
25584 22623
72750 15151
54099 12515
28824 77098
51708 69820
31879 60550
75773 83238
61583 54099
08992 12496
73118 54706
34023 53234
42483 73118
64617 92421
06925 67102
83697 52565
00684 13135
99456 35408
04387 01304
02465 35300
35300 60550
92914 10270
34023 19290
26645 78463
53528 48209
07929 16137
49904 49534
80727 33674
06332 88465
06557 73504
81467 04920
69623 70955
07929 04374
14093 26729
18778 55258
24152 85321
41194 34753
01304 24065
73951 51980
35837 88022
84512 46203
84452 86419
90811 14093
25590 02536
01243 98162
22523 53234
11165 33677
35417 86419
28772 33121
45590 25584
89728 21647
43907 43907
82087 35903
69145 82716
76802 70922
43907 70782
17845 32971
15061 14099
32971 94554
74503 02247
99127 78814
49984 77215
35903 30261
10845 84512
40156 01764
83697 43623
12043 41545
49534 47239
81467 04387
03916 96938
07425 37589
54482 15151
68941 03916
41194 43907
35837 37161
94895 12496
54706 03546
83141 29816
98286 75862
45469 56248
02526 17845
02465 81467
01764 35408
47261 30623
34753 59122
75773 94550
59122 63392
46203 64493
63392 72645
53234 74503
98162 32166
86183 49984
85321 85321
64617 43669
48209 83141
99127 72133
35408 94854
70782 35512
43623 56248
01304 53533
49760 18778
61624 34186
46203 99456
44253 70782
35417 45590
61624 80727
27474 50829
17167 84452
67747 94207
72959 75773
03916 64752
94895 69233
00684 95815
02247 74262
94854 75508
61901 41678
35417 61246
02247 01540
04196 04920
72959 35479
14747 24065
51708 53528
15706 34047
34753 46090
86419 52471
35300 02465
61624 14844
50691 90811
67615 01243
04196 60550
36627 76546
96828 06925
91534 26519
93959 72750
72750 26729
79687 56248
37161 14844
15261 85137
16175 28801
73118 92421
17845 54642
01304 01695
34998 25584
72959 54099
88512 46090
87021 80276
54706 28824
04196 60176
82716 10845
10845 82716
59418 61583
00214 15706
99066 32971
27474 35408
07425 61583
41194 47239
76893 16175
98286 24317
49984 15261
59373 94207
62007 40156
94207 17042
75773 99127
12574 27474
51980 04374
39074 81015
24317 72959
53234 54515
84577 84577
93959 25113
44234 64617
61901 60176
51377 25584
37161 73951
39074 97520
84512 10270
51377 52471
62914 02536
79636 43669
35837 76893
70354 34753
15706 98162
66819 14099
51527 91534
67615 03916
92914 10270
88022 55258
11198 99127
30623 12515
49984 03792
41678 79687
59418 78463
09798 83697
22523 61901
28801 24152
65653 65653
61624 03546
14844 95081
92613 36627
28019 28824
72959 90773
88512 41194
64617 73951
61584 03916
26519 73654
32971 10845
36627 80276
64752 32166
23320 14844
25113 88512
93795 14093
35837 42483
96828 00684
12496 21647
10845 59373
80276 56248
69233 35799
16175 82087
43623 87021
12043 10270
17845 59373
15860 99850
42167 23320
76893 56862
36627 76546
98286 99127
43907 54482
37127 74262
15706 04832
61584 77479
72133 99127
46919 10845
37589 97520
10270 64493
88512 15151
25590 60427
35408 46203
32074 69623
04920 02465
51645 81015
90811 35512
49904 47239
51377 84452
58295 94895
42483 30261
53533 80276
83141 37161
23320 69623
77098 42167
77125 06925
09977 97520
56862 64617
99850 76802
91534 44253
90811 84577
66819 49904
37153 75508
94207 02526
59418 83238
46090 62914
69623 38201
89057 06557
15061 90811
62914 63392
48209 56862
52471 49614
30623 90773
61482 77098
70922 52471
77125 25310
14099 66819
34023 31879
85321 04374
33677 39074
61901 35300
10270 17845
11165 45590
70955 95081
59122 90811
92613 28772
01304 43623
97520 06332
77098 16175
35408 40156
48209 07929
16137 73951
69145 12043
35479 54099
25495 56878
28824 23320
75862 70922
17845 10270
94895 49904
61624 72111
42483 03546
54515 34023
49760 72111
19290 41678
25590 62914
24317 49614
44581 34047
60427 14093
83238 76802
70955 69820
51980 23320
69233 54482
16137 72111
64617 37161
06332 52471
10845 37153
67102 43623
61901 52565
77098 14844
61583 39074
41038 72750
29816 51708
92613 81467
15061 44253
99850 99127
34023 87021
15061 35799
07887 15151
43907 26729
19387 40156
88465 61583
35837 61624
79636 38201
25113 15061
93959 26729
51980 69820
17042 03916
84512 17042
09798 79687
75508 86183
54706 72111
63376 26645
15061 14093
76893 28019
92914 49984
92914 54642
35417 09977
61624 70955
99127 52471
97520 83238
75773 11198
70836 89057
61246 25584
46203 94554
94154 21881
81015 61583
54594 76893
52471 54099
11198 81015
43623 35300
35512 25113
79687 10306
22623 12515
04832 77479
99066 77479
49760 55258
50691 56878
63392 54482
12831 81467
06925 04920
43209 14747
83141 85321
59373 73504
19387 50829
88512 62914
10129 35903
87021 56248
86419 61246
11198 72133
33677 99850
12574 50829
24065 25310
93795 70782
51708 77098
96828 31271
04387 20321
92613 10306
73654 70782
16175 64617
42167 76893
42483 34186
17845 12574
04387 01540
70069 77215
90773 88465
72750 26519
79762 43907
94554 01243
49984 85137
25590 62914
70922 45590
35300 22523
53533 36627
25495 07887
61583 07425
53234 14747
47239 15061
76893 82087
01540 01695
64493 02526
56248 09798
61482 49760
35417 61246
40156 50829
70782 08992
70955 03546
96938 35408
95081 38201
99066 85137
03916 27474
63376 37589
34753 40149
40156 92914
81467 25310
04374 80727
33674 43669
80188 97520
72546 07425
25590 63392
02526 96938
98286 84730
86183 62007
46090 56878
37589 39074
65653 56248
03916 73504
62914 54482
15706 02526
49760 51708
12043 15261
40149 94895
97520 94154
00214 17845
19290 52565
72111 37954
35417 72546
65653 09798
02465 41678
43907 15061
89682 07929
27474 50829
37153 94207
06925 41678
82716 32166
43907 34753
76546 14747
70922 34998
80188 31386
59418 12515
53533 53234
37954 35903
59373 41545
15061 66819
81467 35300
80727 28824
78463 51645
61901 14747
89682 51980
04196 96828
93959 49904
69820 30261
34998 30623
84730 61583
17042 49984
25113 34753
54099 51645
70836 96938
79762 40149
81015 94550
72111 28019
70836 32971
88512 62914
81467 74262
53865 15061
15061 37948
72750 25113
59122 89728
72645 26519
78463 72959
09977 15860
60176 34023
20321 83697
70354 25113
04374 16137
82087 16175
12515 21881
06925 54515
38201 76893
50691 41038
12329 37954
27474 70836
51377 39074
70955 35837
12496 56878
75862 94550
34186 07929
52565 74503
64617 34186
04832 03792
34186 37161
82087 89682
70955 72111
64114 01540
25495 93795
Queries
03546 72645
32166 43209
80727 51980
34753 04374
42483 16175
33121 75773
28772 94554
81467 94154
02247 04832
88465 75773
94207 98286
33121 61901
74262 36627
54642 06557
27474 67615
10306 22623
44253 03916
88022 42483
78814 41038
50691 44253
25495 41194
54482 93959
06332 62007
99456 51645
11198 72546
17167 94550
26519 94895
75773 21881
75508 70354
64752 43209
40156 69145
89057 76546
34186 61584
54482 50691
37127 41678
70782 28824
04832 49534
61583 00214
94154 47261
47261 73951
72645 26729
20321 46919
17845 73504
41678 79687
04920 24065
94550 91534
10845 22623
15261 59122
06557 37161
97520 26645
17042 41194
01695 70955
18778 92613
99850 31386
42483 48209
77098 81467
94554 60427
95815 52565
60427 50691
73951 83697
49984 64493
43669 77125
23320 34753
72546 52471
28772 81015
09977 52565
06925 99850
79687 26519
21647 14093
00214 31879
96938 73118
28019 56862
90811 93795
54482 73654
86183 92914
25310 51645
34186 55258
72750 19290
25584 30623
06332 51527
45590 25590
92421 61482
70836 46919
18778 79636
01304 53533
67615 59418
99127 90773
15151 95081
19387 44581
51527 44581
38201 50691
76802 06332
92421 36627
15061 59122
49760 84512
12496 03792
28019 01695
01540 10270
42483 49760
99850 26645
47239 37161
77098 35837
01304 49904
39074 61583
45590 35903
35799 07929
34753 54482
49760 37954
15061 47239
22623 15860
67747 96828
56248 98162
15061 61482
99066 92914
22523 35903
97520 75773
35903 72750
69145 15261
67615 29816
50691 34753
92421 94207
04374 48209
61901 47261
35300 04920
68941 15860
73504 84512
73504 98162
87021 35903
26729 62914
04920 72546
30261 67102
31879 04374
43209 06925
01540 28801
30623 86419
10306 16175
42483 46090
77215 70955
91534 20321
12329 83238
59122 35300
73951 14093
35417 10129
83238 54099
72546 03916
07929 35837
35300 45469
48209 70955
60550 31634
15151 07887
04196 16137
70354 49904
59418 73504
99127 69233
51645 70922
15860 61246
35837 53865
94207 03792
43623 79687
04374 37948
79636 84512
89057 15151
20321 91534
60176 14844
64114 38201
42167 07929
26645 01764
64493 86183
41678 25310
02526 64493
33674 42483
53528 51980
94895 34753
84577 54482
61901 80727
98286 09977
72645 26519
70955 54482
51527 41545
67747 59122
42483 83141
62914 81015
25584 21647
52565 67102
33674 01540
27474 73504
35837 70922
77479 10845
04387 61901
84512 04832
24152 97520
02247 06925
24152 61584
64114 80276
33121 06925
86419 67615
02536 92421
32166 98162
04832 96938
61583 92421
02465 54642
73951 14844
42483 70069
73654 93959
38201 39074
59373 32971
42167 61482
28772 01540
53528 79636
56878 63392
22523 37127
58295 43907
96828 79687
70922 78814
94854 04832
28801 88022
29816 16175
59373 70836
88022 65653
02465 31271
14747 53865
16175 70782
80276 96828
99127 17167
03792 41545
88465 70922
31271 90773
90811 35512
61583 25113
09977 25310
44253 14099
40156 17845
10845 67615
81015 34023
61246 49984
88512 93795
67615 70069
88022 70955
49534 14093
70782 54482
87021 32971
27474 49614
94550 37589
94554 58295
10306 31271
88465 03546
04374 73951
69145 34023
06557 54642
82716 32166
15061 56862
12329 86419
54482 82087
67102 27474
82087 76893
14093 01695
24317 98286
42167 04387
62007 94854
15151 76893
46203 69145
18778 30261
11198 30623
15261 06557
03916 26519
12043 12831
36627 72133
26645 21881
76546 54515
24152 37954
25584 98286
35512 12496
30261 89728
53528 54099
94895 65653
54515 02247
40156 32166
19387 79762
70955 61624
95815 96828
44253 14844
81467 21881
14093 26519
67615 61901
43209 03792
41038 08992
07887 35417
83141 75862
94207 89682
43669 67615
35479 78814
29816 49534
54099 18778
04387 20321
14844 16175
79687 79687
69145 44581
22623 83238
50829 35837
00214 07887
69145 19387
99127 42167
37954 88465
07929 51980
89057 10270
12496 91534
18778 59373
61583 88512
72959 43623
59122 25113
80188 47239
70955 37127
34753 83697
60176 22523
74262 12329
84452 02526
47239 46919
89728 26729
70069 49760
99127 61246
63392 35417
73504 69233
43907 46090
52471 52471
62914 69145
66819 34047
92914 51645
02536 44253
91534 15061
43669 18778
53865 35408
14093 62914
83697 95815
67615 73504
19387 40156
61901 79687
51527 15706
40156 73118
90773 35903
84452 35417
09798 83141
69820 33121
40156 50691
70782 41038
49534 49534
93959 61246
81015 12515
84577 86419
52565 53865
06557 35512
72750 15706
34047 12043
15860 14844
53234 45469
06925 95815
90773 84452
03792 36627
19387 51527
89682 61583
01304 34753
94554 54099
12831 65653
75862 28824
37161 14844
08992 02247
69820 19387
25113 08992
95815 92914
31386 52565
59373 51980
46090 89682
43907 43907
61584 43623
37954 37954
61583 45590
12831 79636
61246 18778
14844 74262
95815 01764
95081 35903
15061 54594
18778 61624
37954 23320
12043 44253
09798 14747
01540 84452
85137 60427
51377 37153
61246 69145
35837 79636
94207 17845
74262 22523
33121 46203
41038 49760
14093 63376
60427 72645
63376 37161
72133 92914
81015 43209
79636 88022
82716 02247
98162 43623
17845 19290
45469 45469
99127 52471
94207 86183
94854 50829
43623 35479
95815 89057
25495 88512
74503 14747
64493 24152
25495 43907
61624 19290
42483 38201
19290 76546
62914 65653
40156 99066
69233 51645
70922 95815
88465 51708
25495 88512
26645 84730
63376 15261
11198 87021
02465 85137
94554 46090
28019 20321
94550 60427
56248 53234
07425 72546
62914 15706
43623 56248
01695 54482
11198 35903
73654 14093
94854 27474
84512 18778
77215 49984
53865 64114
53528 04387
78814 12515
72959 02536
28801 16137
80727 07929
88465 15860
00214 28772
64493 02526
99456 60176
69233 52565
54642 07887
51527 04920
80727 70922
67615 94854
02536 01304
37954 78814
08992 86183
28019 21881
46203 73951
Thinking
start 16175 src 16175
16175 28801 src 16175
16175 76893 src 16175
16175 82087 src 16175
16175 77098 src 16175
16175 64617 src 16175
28801 24152 src 16175
76893 35837 src 16175
76893 56862 src 16175
76893 28019 src 16175
76893 54594 src 16175
76893 42167 src 16175
76893 38201 src 16175
82087 10129 src 16175
82087 35903 src 16175
82087 89682 src 16175
77098 28824 src 16175
77098 61482 src 16175
77098 14844 src 16175
77098 51708 src 16175
64617 92421 src 16175
64617 43669 src 16175
64617 44234 src 16175
64617 73951 src 16175
64617 37161 src 16175
64617 34186 src 16175
24152 85321 src 16175
35837 88022 src 16175
35837 42483 src 16175
35837 61624 src 16175
35837 70955 src 16175
56862 48209 src 16175
28019 72111 src 16175
54594 83141 src 16175
42167 23320 src 16175
38201 69623 src 16175
38201 79636 src 16175
38201 95081 src 16175
35903 30261 src 16175
35903 37954 src 16175
89682 07929 src 16175
89682 51980 src 16175
28824 54706 src 16175
28824 80727 src 16175
61482 49760 src 16175
51708 69820 src 16175
51708 53528 src 16175
51708 29816 src 16175
92421 73118 src 16175
43669 33674 src 16175
73951 16137 src 16175
85321 04374 src 16175
88022 55258 src 16175
42483 03546 src 16175
69623 32074 src 16175
37954 12329 src 16175
49760 18778 src 16175
start 17042 src 17042
17042 94207 src 17042
17042 03916 src 17042
17042 84512 src 17042
17042 49984 src 17042
94207 67747 src 17042
94207 59373 src 17042
94207 02526 src 17042
94207 37153 src 17042
03916 96938 src 17042
03916 68941 src 17042
03916 64752 src 17042
03916 67615 src 17042
03916 61584 src 17042
03916 27474 src 17042
03916 73504 src 17042
84512 69145 src 17042
84512 46203 src 17042
84512 10845 src 17042
84512 10270 src 17042
49984 77215 src 17042
49984 86183 src 17042
49984 15261 src 17042
49984 03792 src 17042
49984 92914 src 17042
49984 85137 src 17042
67747 44581 src 17042
59373 32166 src 17042
59373 17845 src 17042
59373 41545 src 17042
02526 64493 src 17042
02526 15706 src 17042
37153 75508 src 17042
96938 35408 src 17042
96938 70836 src 17042
67615 01243 src 17042
61584 77479 src 17042
27474 50829 src 17042
27474 12574 src 17042
73504 06557 src 17042
69145 82716 src 17042
69145 12043 src 17042
46203 99456 src 17042
46203 94554 src 17042
10845 32971 src 17042
10845 46919 src 17042
77215 70069 src 17042
86183 62007 src 17042
03792 04832 src 17042
92914 54642 src 17042
92914 40156 src 17042
85137 99066 src 17042
44581 34047 src 17042
32166 98162 src 17042
17845 00214 src 17042
75508 94854 src 17042
35408 01764 src 17042
70836 89057 src 17042
50829 19387 src 17042
start 25113 src 25113
25113 93959 src 25113
25113 88512 src 25113
25113 15061 src 25113
25113 35512 src 25113
25113 34753 src 25113
25113 72750 src 25113
25113 70354 src 25113
93959 26729 src 25113
93959 49904 src 25113
88512 46090 src 25113
88512 41194 src 25113
88512 15151 src 25113
88512 62914 src 25113
15061 26519 src 25113
15061 14099 src 25113
15061 90811 src 25113
15061 44253 src 25113
15061 35799 src 25113
15061 14093 src 25113
15061 47239 src 25113
15061 43907 src 25113
15061 66819 src 25113
15061 53865 src 25113
15061 37948 src 25113
35512 70782 src 25113
34753 59122 src 25113
34753 40149 src 25113
72750 41038 src 25113
49904 49534 src 25113
49904 94895 src 25113
46090 56878 src 25113
41194 12496 src 25113
15151 54482 src 25113
15151 07887 src 25113
62914 02536 src 25113
62914 63392 src 25113
62914 25590 src 25113
26519 91534 src 25113
26519 73654 src 25113
26519 72645 src 25113
90811 50691 src 25113
90811 84577 src 25113
35799 69233 src 25113
14093 93795 src 25113
14093 60427 src 25113
43907 79762 src 25113
70782 08992 src 25113
59122 89728 src 25113
94895 58295 src 25113
56878 25495 src 25113
12496 21647 src 25113
91534 51527 src 25113
start 61583 src 61583
61583 54099 src 61583
61583 59418 src 61583
61583 07425 src 61583
61583 39074 src 61583
61583 88465 src 61583
61583 81015 src 61583
61583 84730 src 61583
54099 12515 src 61583
54099 72959 src 61583
54099 35479 src 61583
54099 52471 src 61583
54099 51645 src 61583
59418 78463 src 61583
59418 83238 src 61583
07425 24317 src 61583
07425 45590 src 61583
07425 37589 src 61583
07425 72546 src 61583
39074 06332 src 61583
39074 97520 src 61583
39074 33677 src 61583
39074 51377 src 61583
88465 90773 src 61583
81015 11198 src 61583
81015 94550 src 61583
84730 98286 src 61583
12515 30623 src 61583
12515 22623 src 61583
12515 21881 src 61583
72959 75773 src 61583
52471 86419 src 61583
52471 49614 src 61583
52471 70922 src 61583
52471 99127 src 61583
78463 26645 src 61583
83238 76802 src 61583
24317 17167 src 61583
45590 25584 src 61583
45590 35417 src 61583
45590 11165 src 61583
37589 63376 src 61583
97520 09977 src 61583
97520 80188 src 61583
97520 94154 src 61583
33677 99850 src 61583
51377 84452 src 61583
11198 72133 src 61583
94550 75862 src 61583
30623 47261 src 61583
30623 34998 src 61583
86419 61246 src 61583
99127 78814 src 61583
09977 15860 src 61583
80188 31386 src 61583
start 02465 src 02465
02465 95815 src 02465
02465 35300 src 02465
02465 81467 src 02465
02465 04920 src 02465
02465 41678 src 02465
95815 00684 src 02465
35300 60550 src 02465
35300 61901 src 02465
35300 43623 src 02465
35300 22523 src 02465
81467 04387 src 02465
81467 92613 src 02465
81467 12831 src 02465
81467 25310 src 02465
81467 74262 src 02465
04920 79687 src 02465
04920 04196 src 02465
04920 06925 src 02465
41678 19290 src 02465
00684 13135 src 02465
00684 96828 src 02465
60550 31879 src 02465
61901 60176 src 02465
61901 52565 src 02465
61901 14747 src 02465
43623 83697 src 02465
43623 56248 src 02465
43623 87021 src 02465
43623 01304 src 02465
43623 67102 src 02465
22523 53234 src 02465
04387 20321 src 02465
04387 01540 src 02465
92613 36627 src 02465
92613 28772 src 02465
92613 10306 src 02465
25310 77125 src 02465
25310 24065 src 02465
74262 02247 src 02465
74262 37127 src 02465
79687 09798 src 02465
06925 54515 src 02465
19290 34023 src 02465
96828 31271 src 02465
31879 76546 src 02465
52565 74503 src 02465
14747 31634 src 02465
14747 43209 src 02465
56248 45469 src 02465
56248 80276 src 02465
56248 65653 src 02465
01304 53533 src 02465
01304 01695 src 02465
01540 64114 src 02465
28772 33121 src 02465
Output
03546 72645 no
32166 43209 no
80727 51980 yes
34753 04374 no
42483 16175 yes
33121 75773 no
28772 94554 no
81467 94154 no
02247 04832 no
88465 75773 yes
94207 98286 no
33121 61901 yes
74262 36627 yes
54642 06557 yes
27474 67615 yes
10306 22623 no
44253 03916 no
88022 42483 yes
78814 41038 no
50691 44253 yes
25495 41194 yes
54482 93959 yes
06332 62007 no
99456 51645 no
11198 72546 yes
17167 94550 yes
26519 94895 yes
75773 21881 yes
75508 70354 no
64752 43209 no
40156 69145 yes
89057 76546 no
34186 61584 no
54482 50691 yes
37127 41678 yes
70782 28824 no
04832 49534 no
61583 00214 no
94154 47261 yes
47261 73951 no
72645 26729 yes
20321 46919 no
17845 73504 yes
41678 79687 yes
04920 24065 yes
94550 91534 no
10845 22623 no
15261 59122 no
06557 37161 no
97520 26645 yes
17042 41194 no
01695 70955 no
18778 92613 no
99850 31386 yes
42483 48209 yes
77098 81467 no
94554 60427 no
95815 52565 yes
60427 50691 yes
73951 83697 no
49984 64493 yes
43669 77125 no
23320 34753 no
72546 52471 yes
28772 81015 no
09977 52565 no
06925 99850 no
79687 26519 no
21647 14093 yes
00214 31879 no
96938 73118 no
28019 56862 yes
90811 93795 yes
54482 73654 yes
86183 92914 yes
25310 51645 no
34186 55258 yes
72750 19290 no
25584 30623 yes
06332 51527 no
45590 25590 no
92421 61482 yes
70836 46919 yes
18778 79636 yes
01304 53533 yes
67615 59418 no
99127 90773 yes
15151 95081 no
19387 44581 yes
51527 44581 no
38201 50691 no
76802 06332 yes
92421 36627 no
15061 59122 yes
49760 84512 no
12496 03792 no
28019 01695 no
01540 10270 no
42483 49760 yes
99850 26645 yes
47239 37161 no
77098 35837 yes
01304 49904 no
39074 61583 yes
45590 35903 no
35799 07929 no
34753 54482 yes
49760 37954 yes
15061 47239 yes
22623 15860 yes
67747 96828 no
56248 98162 no
15061 61482 no
99066 92914 yes
22523 35903 no
97520 75773 yes
35903 72750 no
69145 15261 yes
67615 29816 no
50691 34753 yes
92421 94207 no
04374 48209 yes
61901 47261 no
35300 04920 yes
68941 15860 no
73504 84512 yes
73504 98162 yes
87021 35903 no
26729 62914 yes
04920 72546 no
30261 67102 no
31879 04374 no
43209 06925 yes
01540 28801 no
30623 86419 yes
10306 16175 no
42483 46090 no
77215 70955 no
91534 20321 no
12329 83238 no
59122 35300 no
73951 14093 no
35417 10129 no
83238 54099 yes
72546 03916 no
07929 35837 yes
35300 45469 yes
48209 70955 yes
60550 31634 yes
15151 07887 yes
04196 16137 no
70354 49904 yes
59418 73504 no
99127 69233 no
51645 70922 yes
15860 61246 yes
35837 53865 no
94207 03792 yes
43623 79687 yes
04374 37948 no
79636 84512 no
89057 15151 no
20321 91534 no
60176 14844 no
64114 38201 no
42167 07929 yes
26645 01764 no
64493 86183 yes
41678 25310 yes
02526 64493 yes
33674 42483 yes
53528 51980 yes
94895 34753 yes
84577 54482 yes
61901 80727 no
98286 09977 yes
72645 26519 yes
70955 54482 no
51527 41545 no
67747 59122 no
42483 83141 yes
62914 81015 no
25584 21647 no
52565 67102 yes
33674 01540 no
27474 73504 yes
35837 70922 no
77479 10845 yes
04387 61901 yes
84512 04832 yes
24152 97520 no
02247 06925 yes
24152 61584 no
64114 80276 yes
33121 06925 yes
86419 67615 no
02536 92421 no
32166 98162 yes
04832 96938 yes
61583 92421 no
02465 54642 no
73951 14844 yes
42483 70069 no
73654 93959 yes
38201 39074 no
59373 32971 yes
42167 61482 yes
28772 01540 yes
53528 79636 yes
56878 63392 yes
22523 37127 yes
58295 43907 yes
96828 79687 yes
70922 78814 yes
94854 04832 yes
28801 88022 yes
29816 16175 yes
59373 70836 yes
88022 65653 no
02465 31271 yes
14747 53865 no
16175 70782 no
80276 96828 yes
99127 17167 yes
03792 41545 yes
88465 70922 yes
31271 90773 no
90811 35512 yes
61583 25113 no
09977 25310 no
44253 14099 yes
40156 17845 yes
10845 67615 yes
81015 34023 no
61246 49984 no
88512 93795 yes
67615 70069 yes
88022 70955 yes
49534 14093 yes
70782 54482 yes
87021 32971 no
27474 49614 no
94550 37589 yes
94554 58295 no
10306 31271 yes
88465 03546 no
04374 73951 yes
69145 34023 no
06557 54642 yes
82716 32166 yes
15061 56862 no
12329 86419 no
54482 82087 no
67102 27474 no
82087 76893 yes
14093 01695 no
24317 98286 yes
42167 04387 no
62007 94854 yes
15151 76893 no
46203 69145 yes
18778 30261 yes
11198 30623 yes
15261 06557 yes
03916 26519 no
12043 12831 no
36627 72133 no
26645 21881 yes
76546 54515 yes
24152 37954 yes
25584 98286 yes
35512 12496 yes
30261 89728 no
53528 54099 no
94895 65653 no
54515 02247 yes
40156 32166 yes
19387 79762 no
70955 61624 yes
95815 96828 yes
44253 14844 no
81467 21881 no
14093 26519 yes
67615 61901 no
43209 03792 no
41038 08992 yes
07887 35417 no
83141 75862 no
94207 89682 no
43669 67615 no
35479 78814 yes
29816 49534 no
54099 18778 no
04387 20321 yes
14844 16175 yes
79687 79687 yes
69145 44581 yes
22623 83238 yes
50829 35837 no
00214 07887 no
69145 19387 yes
99127 42167 no
37954 88465 no
07929 51980 yes
89057 10270 yes
12496 91534 yes
18778 59373 no
61583 88512 no
72959 43623 no
59122 25113 yes
80188 47239 no
70955 37127 no
34753 83697 no
60176 22523 yes
74262 12329 no
84452 02526 no
47239 46919 no
89728 26729 yes
70069 49760 no
99127 61246 yes
63392 35417 no
73504 69233 no
43907 46090 yes
52471 52471 yes
62914 69145 no
66819 34047 no
92914 51645 no
02536 44253 yes
91534 15061 yes
43669 18778 yes
53865 35408 no
14093 62914 yes
83697 95815 yes
67615 73504 yes
19387 40156 yes
61901 79687 yes
51527 15706 no
40156 73118 no
90773 35903 no
84452 35417 yes
09798 83141 no
69820 33121 no
40156 50691 no
70782 41038 yes
49534 49534 yes
93959 61246 no
81015 12515 yes
84577 86419 no
52565 53865 no
06557 35512 no
72750 15706 no
34047 12043 yes
15860 14844 no
53234 45469 yes
06925 95815 yes
90773 84452 yes
03792 36627 no
19387 51527 no
89682 61583 no
01304 34753 no
94554 54099 no
12831 65653 yes
75862 28824 no
37161 14844 yes
08992 02247 no
69820 19387 no
25113 08992 yes
95815 92914 no
31386 52565 no
59373 51980 no
46090 89682 no
43907 43907 yes
61584 43623 no
37954 37954 yes
61583 45590 yes
12831 79636 no
61246 18778 no
14844 74262 no
95815 01764 no
95081 35903 yes
15061 54594 no
18778 61624 yes
37954 23320 yes
12043 44253 no
09798 14747 yes
01540 84452 no
85137 60427 no
51377 37153 no
61246 69145 no
35837 79636 yes
94207 17845 yes
74262 22523 yes
33121 46203 no
41038 49760 no
14093 63376 no
60427 72645 yes
63376 37161 no
72133 92914 no
81015 43209 no
79636 88022 yes
82716 02247 no
98162 43623 no
17845 19290 no
45469 45469 yes
99127 52471 yes
94207 86183 yes
94854 50829 yes
43623 35479 no
95815 89057 no
25495 88512 yes
74503 14747 yes
64493 24152 no
25495 43907 yes
61624 19290 no
42483 38201 yes
19290 76546 yes
62914 65653 no
40156 99066 yes
69233 51645 no
70922 95815 no
88465 51708 no
25495 88512 yes
26645 84730 yes
63376 15261 no
11198 87021 no
02465 85137 no
94554 46090 no
28019 20321 no
94550 60427 no
56248 53234 yes
07425 72546 yes
62914 15706 no
43623 56248 yes
01695 54482 no
11198 35903 no
73654 14093 yes
94854 27474 yes
84512 18778 no
77215 49984 yes
53865 64114 no
53528 04387 no
78814 12515 yes
72959 02536 no
28801 16137 yes
80727 07929 yes
88465 15860 yes
00214 28772 no
64493 02526 yes
99456 60176 no
69233 52565 no
54642 07887 no
51527 04920 no
80727 70922 no
67615 94854 yes
02536 01304 no
37954 78814 no
08992 86183 no
28019 21881 no
46203 73951 no
End
