Graph
87837 12746
36159 65225
51253 80914
90530 12092
14731 79896
50804 17469
49842 29724
38612 52074
60682 52941
46622 25894
13685 06176
41579 97139
52074 50381
09419 20914
24088 16426
94063 26406
47081 42086
70698 77451
59313 28260
74130 37051
94323 02700
76076 09419
56760 28260
83646 29289
82147 36252
89468 43436
40675 14731
49657 04286
17564 83557
13492 61353
82489 18179
31685 97378
72678 21193
87837 50804
93699 10520
31278 19694
88531 18179
30643 99997
07265 56760
37639 72684
50804 40890
05237 90530
21571 57204
44522 05237
97424 61891
56760 60519
15206 66424
71338 35570
25375 66201
59960 11895
53122 23424
38612 57204
95570 42555
21275 71013
00166 09683
89043 09310
05237 14660
42746 71337
74831 98358
25839 00166
28475 92070
48078 37051
83646 30377
88531 15498
41047 41020
45883 55846
40174 32806
21275 50804
62910 76405
40864 93699
02531 54192
17469 27479
11895 79509
74831 65309
18897 41795
35180 79678
87021 15498
71338 64359
27484 91664
66355 04286
06589 96470
64330 71013
80914 28475
50425 09683
30643 36252
72677 69330
62910 05136
59645 49229
86622 13685
14660 87837
60682 20326
51060 41579
53122 11505
30377 66424
18897 81290
21881 86285
32806 78552
91664 29724
95570 42801
93699 52941
71954 40864
28475 49428
38612 35180
62394 77401
49657 91664
21354 00544
21571 35570
18179 62923
71337 98358
30354 30643
17564 57292
62452 40734
20381 46622
42801 28244
05330 64632
41020 82147
91534 41579
46343 12523
89468 41795
13492 53122
51408 13052
33379 11995
42746 87021
11208 50869
82266 91562
64359 51408
83430 79509
02778 24433
46011 10520
40003 07265
23368 41687
23424 91997
54192 94324
06589 56760
61840 87175
16603 27479
57711 40174
55846 68533
14124 71576
66424 90214
42887 01554
11798 86778
54705 40864
13492 35570
24433 76076
79896 25839
60519 62923
93699 87175
14897 52409
83280 96189
82266 80914
20326 71337
23077 54758
24118 38612
16603 56603
66355 96189
16603 56217
41579 27479
03667 81368
51516 25375
56603 51060
95633 76405
85810 74130
65225 38402
20381 11995
38424 65225
62394 51253
32806 32806
72524 20326
20326 11208
91227 35162
23077 72524
78552 62171
95570 15498
36159 71013
49428 87837
79509 35545
54758 64216
02700 62171
52074 70698
28244 05136
71576 98459
35295 32702
17469 14124
17469 12092
86285 20381
96189 55139
87021 13710
09310 68206
37204 21306
27479 49657
00166 91664
37051 08315
78133 51047
35180 80914
35295 82682
09419 16603
32653 10520
50804 36159
82682 26406
97378 91227
13492 28673
78552 46622
55987 54192
03667 59960
97029 46806
95570 40864
11208 06589
40788 90530
50804 01214
71954 32434
06589 64216
70158 21193
48078 42887
16603 35162
68529 38612
87021 55846
18655 23077
10520 98358
35652 30377
87380 50425
23265 79509
19694 92070
72684 65309
42746 23077
97029 05161
71337 20640
87837 43436
05161 85810
71338 23424
53122 25839
95570 40101
94324 83465
41047 40675
82266 31278
83465 18655
36252 30354
71013 30643
12746 32360
52941 42887
06589 21306
58067 14660
10520 02531
82266 40675
01105 50381
92070 43141
87837 05237
50804 28475
96470 64289
55846 81368
05330 90530
18897 87935
10520 60519
96189 55139
82266 14731
82266 78133
97424 40003
38402 27484
82266 41579
74831 37639
90214 24112
41020 65225
11786 42555
02700 02531
66355 87380
66355 92070
24088 94323
97139 31685
69330 20987
91534 55139
62910 02531
16603 64330
38424 09683
38424 38612
80652 48530
93276 48078
54758 82682
24118 79896
40675 47081
35570 11505
29289 14660
21571 71576
36159 76076
22852 13685
82682 16426
80652 52409
21306 72524
04286 64359
25839 49842
36252 47081
65225 15206
33869 35162
13710 02706
56603 20987
82489 17564
49902 59163
49842 01214
91227 28673
61840 46408
07734 42801
84271 11786
39021 02531
80652 40174
47081 38612
57711 85810
81368 61891
71954 84271
21571 83099
98459 30377
23424 27479
92070 44522
83646 31278
28244 09620
42801 62171
32653 11798
18179 93699
82682 88531
37639 41687
59313 18655
87021 26406
17469 64359
71013 35652
36549 65309
21193 83465
82682 50869
11786 87175
27479 83646
57204 83646
34723 09310
50381 80914
50804 64330
55139 82266
09620 46011
71576 17469
24088 86285
45883 00544
89468 24433
93699 11798
60709 84271
71013 66201
80914 13052
02706 21354
39990 31685
33869 79678
43436 18897
07265 20640
40675 55139
60682 71337
41020 25839
52074 11505
57711 86622
90530 56217
86622 94324
81368 83557
20326 01554
79338 20326
98358 79509
62910 11786
65225 90214
88531 40174
13052 92070
51047 47081
40003 48453
69330 25839
60709 23265
65309 46011
35545 08315
23265 05161
49842 35652
13710 17564
86778 94323
83280 12746
82489 39021
18655 98358
01105 51253
87021 22852
30377 43141
86622 10520
71576 41795
40864 94063
95570 05161
89043 42086
46594 06589
32360 35180
83115 48453
05237 51408
77401 47081
06589 42746
20987 19694
21306 74831
97029 74130
09419 29724
17564 16426
21571 31685
81368 03667
02700 22852
55846 46408
31685 24433
32702 01554
09419 18906
82489 55846
79509 60709
93699 46594
68206 50804
32702 20640
31685 33869
21306 18655
25894 62171
36252 49657
03667 57292
79896 43555
95633 03667
61840 46011
81368 82682
78133 09683
40101 69518
12092 43436
80914 09310
18906 09419
93276 42887
49657 31278
40788 35162
74792 09310
21354 42887
47081 38612
91534 40890
47081 58067
66424 16603
62923 12523
87021 97424
62452 93699
60709 60519
32702 97029
49229 66424
23487 26406
48530 41687
65225 11505
04286 30354
43141 77401
35180 64632
17564 54615
20326 48428
51060 24118
88531 11996
00177 91227
23077 46408
41795 24433
25839 98459
97029 11895
49842 47081
70158 83465
20326 95570
52409 28244
11995 46011
41687 81368
20640 68533
08315 68533
33379 78552
27484 91997
38402 12092
70698 40675
14897 36549
24433 36159
50869 61891
95570 32806
02700 61840
91664 83099
30354 71338
21881 60709
82266 90530
36159 17469
42887 16426
55139 74792
02531 16426
40864 72678
90530 83646
51047 05330
91534 40675
11996 06176
09683 49657
68529 74792
05237 35180
32434 93699
14731 91562
20381 59163
02706 37639
42746 86778
51516 52074
88531 48428
60519 70158
33869 43436
65225 34723
72677 09310
62910 55846
09310 89468
56603 77451
91997 21571
50804 47081
24088 02531
06589 23265
49657 77401
72524 00544
20381 25894
29724 00177
71576 51516
41687 60709
26406 80652
32360 50804
94324 83465
79896 18906
66201 30354
20640 08315
23487 60519
32653 09620
79338 33379
62910 80652
87380 66424
46011 62923
56760 18655
60682 48453
14731 72677
82682 23077
54615 61891
72678 18179
11505 55139
34723 83099
35295 46343
87837 91664
50804 66201
93699 87021
46408 11786
42086 09419
28673 97139
64665 91534
95633 84271
24088 59163
61353 29289
87380 55139
80914 41795
57292 83115
15498 26406
64216 57292
46806 11995
71337 80652
92070 61353
40788 13492
12746 38402
36549 83557
35652 30643
62452 86778
21275 69330
10520 13710
28260 60519
91997 05237
73016 71337
54705 48453
82266 49842
47081 16603
66355 79678
41047 24112
82266 61353
64216 83557
41047 16603
09310 13052
Queries
16603 33869
85810 86778
72684 35570
79678 07734
82489 12523
17469 40734
72684 50869
31278 38402
31685 14124
84271 71576
48453 05136
09683 66201
37051 88531
11208 60519
64632 56217
82147 05330
12523 30377
14897 29289
05237 84271
02700 09620
58067 89468
59163 44522
36252 92070
04286 01554
98358 79896
32360 74831
09310 25839
42801 62452
11208 40890
11996 83115
30354 00177
39021 91562
15498 46408
51060 66424
68533 05136
21571 35570
32360 07265
56217 91997
15498 82147
04286 12523
70698 87837
72678 61891
66424 74792
13492 31278
90530 39990
69518 24112
46806 70158
66355 59163
05237 72684
95570 30354
42555 78552
27484 22852
23368 70158
40003 35162
74130 37051
35570 35545
40101 20326
15206 64632
38612 23265
71338 84271
21275 12523
83646 04286
24433 28244
23424 37639
40675 84271
78133 27479
83280 64632
36252 21193
02531 46408
89468 90214
55139 46806
11208 61840
48078 37639
11995 87837
94324 87380
69518 64216
27479 61353
78133 23077
86778 90530
25375 86778
18906 02778
74792 38612
86622 36159
32360 69330
54705 35295
25375 94323
37051 94063
78552 40890
74130 51047
42801 27484
31278 09310
76076 50804
74130 12746
97378 70698
46343 22852
41687 61840
86622 48530
39990 83115
56760 64632
61840 13052
02531 21306
00544 83115
21881 53122
25894 42801
29724 03667
61353 12746
60682 01554
50381 20914
71337 97424
01554 24088
16603 46806
60519 09683
35545 11505
84271 41020
86285 01105
66201 24118
40734 79338
94324 25894
66201 14124
20914 22852
47081 71013
57711 44522
42086 06589
95633 43555
66201 09620
83280 00177
46806 38612
17564 20326
16603 72684
59960 29289
44522 38424
37204 01214
02778 28673
35180 00544
20381 27479
87935 37639
62923 74831
38402 66355
21354 60519
51060 35295
00544 80914
32360 60709
70698 94324
28475 91227
37639 78552
25894 28244
56760 40788
46622 17469
01214 05330
48453 93699
51060 49428
57204 71337
91997 66201
16603 23368
10520 87021
24088 25894
01214 60682
10520 68529
16603 31685
51516 02531
21306 87175
71954 69330
32653 40675
62910 07265
64216 01105
68206 46408
16426 13052
12523 50869
54705 50425
05136 19694
42746 94324
71013 09419
77451 50425
01554 74130
61353 37204
86622 11208
60709 10520
14124 64359
70158 03667
32434 07265
79338 14731
57711 40675
57204 23368
49902 83646
61353 53122
45883 95570
99997 42086
50425 40101
00166 98358
09620 40675
61840 15206
14731 87175
59163 85810
64330 17469
91664 05237
98358 62394
61891 89468
52941 85810
71338 38424
64216 50804
62910 20987
21306 86622
50381 33379
13710 13710
48530 31278
77401 22852
83280 72678
40864 89043
96470 50381
51060 62452
47081 62394
74130 71013
16426 27479
71337 96470
55846 50425
41579 80652
91562 87021
50804 82682
93276 32653
91534 18655
01214 28244
71954 00166
51060 16426
02778 90530
51516 74831
79338 98358
96189 50869
13052 24088
94063 83099
13710 91227
96189 80914
71954 05237
64216 39990
13052 46343
83099 61353
18179 48428
77401 36252
58067 28260
00544 02700
69330 42555
49902 21193
08315 68206
15206 87175
46594 30354
61353 20326
64632 11996
91562 79509
45883 35545
65225 97139
55987 09620
16426 19694
18897 40101
69330 64665
72524 64330
98459 72524
80914 00166
46343 64289
25839 37639
91664 91562
15498 76405
53122 98358
42086 56217
60709 40890
56603 06176
51408 35570
37204 29724
28260 13492
20914 72678
37051 09419
96189 20914
51516 35295
27484 98459
11798 54615
80652 65225
00166 05136
20381 49229
41020 14660
41020 25375
35652 51047
01554 14897
35652 87837
90530 80652
30354 11208
42555 24118
20640 11505
22852 59313
35180 54192
11996 01105
29724 82682
78552 18897
24433 62923
37639 94324
87021 02706
87175 79678
20987 91664
41047 62452
06589 18897
39021 00177
71576 40174
09419 13710
40101 01105
24433 18906
35180 82147
02778 00166
01554 83557
32434 40864
39990 69330
51047 34723
35652 24118
60682 64330
83280 71013
59645 84271
49657 40788
26406 46594
66201 71576
72524 11995
49842 39021
00166 46594
79509 94063
10520 93699
18897 37051
86622 01214
70158 14660
48078 66201
49657 68533
94063 06589
13685 98358
51408 83646
80914 50804
42801 51060
87021 97029
93276 01214
12746 54192
69330 11798
29724 79338
91534 23424
35295 45883
64216 00544
24112 09620
41579 07265
96470 56603
52941 71954
94063 62923
61891 97424
35295 60709
64330 70698
82266 09310
87935 05330
20326 97029
09310 48078
62923 61891
32806 23487
22852 18179
04286 71338
48428 43436
13710 42801
05330 24433
88531 87021
91534 57204
59645 35295
97378 33379
56760 66201
11786 99997
71954 38402
87935 99997
57711 51047
92070 40174
62452 68206
76076 12092
28673 24433
74831 01214
42801 04286
95570 46011
90530 13710
59960 24112
90530 01105
91227 11505
74792 97378
14731 64632
70698 76076
29289 62394
69518 72678
31685 91664
17564 23265
62171 43436
19694 39021
58067 50869
98358 48428
33869 38612
49428 94063
37051 86285
57292 87837
78133 17469
51516 66355
24433 19694
01214 21881
12523 01214
28260 87380
Thinking
start 47081 src 47081
47081 42086 src 47081
47081 40675 src 47081
47081 36252 src 47081
47081 38612 src 47081
47081 51047 src 47081
47081 77401 src 47081
47081 58067 src 47081
47081 49842 src 47081
47081 50804 src 47081
47081 16603 src 47081
42086 89043 src 47081
42086 09419 src 47081
40675 14731 src 47081
40675 41047 src 47081
40675 82266 src 47081
40675 55139 src 47081
40675 70698 src 47081
40675 91534 src 47081
36252 82147 src 47081
36252 30643 src 47081
36252 30354 src 47081
36252 49657 src 47081
38612 52074 src 47081
38612 57204 src 47081
38612 35180 src 47081
38612 24118 src 47081
38612 68529 src 47081
38612 38424 src 47081
51047 78133 src 47081
51047 05330 src 47081
77401 62394 src 47081
77401 43141 src 47081
58067 14660 src 47081
49842 29724 src 47081
49842 25839 src 47081
49842 01214 src 47081
49842 35652 src 47081
50804 17469 src 47081
50804 87837 src 47081
50804 40890 src 47081
50804 21275 src 47081
50804 36159 src 47081
50804 28475 src 47081
50804 64330 src 47081
50804 68206 src 47081
50804 32360 src 47081
50804 66201 src 47081
16603 27479 src 47081
16603 56603 src 47081
16603 56217 src 47081
16603 35162 src 47081
16603 66424 src 47081
89043 09310 src 47081
09419 20914 src 47081
09419 76076 src 47081
09419 18906 src 47081
14731 79896 src 47081
14731 91562 src 47081
14731 72677 src 47081
41047 41020 src 47081
41047 24112 src 47081
82266 80914 src 47081
82266 31278 src 47081
82266 41579 src 47081
82266 90530 src 47081
82266 61353 src 47081
55139 96189 src 47081
55139 74792 src 47081
55139 11505 src 47081
55139 87380 src 47081
70698 77451 src 47081
91534 64665 src 47081
30643 99997 src 47081
30643 71013 src 47081
30354 04286 src 47081
30354 71338 src 47081
49657 91664 src 47081
49657 09683 src 47081
52074 50381 src 47081
52074 51516 src 47081
57204 21571 src 47081
57204 83646 src 47081
35180 79678 src 47081
35180 64632 src 47081
35180 05237 src 47081
24118 51060 src 47081
38424 65225 src 47081
62394 51253 src 47081
43141 92070 src 47081
43141 30377 src 47081
14660 29289 src 47081
29724 00177 src 47081
25839 00166 src 47081
25839 53122 src 47081
25839 69330 src 47081
25839 98459 src 47081
17469 14124 src 47081
17469 12092 src 47081
17469 64359 src 47081
17469 71576 src 47081
87837 12746 src 47081
87837 49428 src 47081
87837 43436 src 47081
36159 24433 src 47081
66201 25375 src 47081
27479 23424 src 47081
56603 20987 src 47081
35162 91227 src 47081
35162 33869 src 47081
35162 40788 src 47081
66424 15206 src 47081
66424 90214 src 47081
66424 49229 src 47081
09310 34723 src 47081
09310 89468 src 47081
09310 13052 src 47081
79896 43555 src 47081
80914 41795 src 47081
31278 19694 src 47081
41579 97139 src 47081
61353 13492 src 47081
96189 83280 src 47081
96189 66355 src 47081
11505 35570 src 47081
87380 50425 src 47081
91664 27484 src 47081
91664 83099 src 47081
50381 01105 src 47081
21571 31685 src 47081
21571 91997 src 47081
05237 44522 src 47081
05237 51408 src 47081
65225 38402 src 47081
43436 18897 src 47081
24433 02778 src 47081
91227 97378 src 47081
91227 28673 src 47081
49229 59645 src 47081
31685 39990 src 47081
18897 81290 src 47081
18897 87935 src 47081
start 18655 src 18655
18655 23077 src 18655
18655 83465 src 18655
18655 59313 src 18655
18655 98358 src 18655
18655 21306 src 18655
18655 56760 src 18655
23077 54758 src 18655
23077 72524 src 18655
23077 42746 src 18655
23077 46408 src 18655
23077 82682 src 18655
83465 94324 src 18655
83465 21193 src 18655
83465 70158 src 18655
59313 28260 src 18655
98358 74831 src 18655
98358 71337 src 18655
98358 10520 src 18655
98358 79509 src 18655
21306 37204 src 18655
21306 06589 src 18655
56760 07265 src 18655
56760 60519 src 18655
54758 64216 src 18655
72524 20326 src 18655
72524 00544 src 18655
42746 87021 src 18655
42746 86778 src 18655
46408 61840 src 18655
46408 55846 src 18655
46408 11786 src 18655
82682 35295 src 18655
82682 26406 src 18655
82682 16426 src 18655
82682 88531 src 18655
82682 50869 src 18655
82682 81368 src 18655
94324 54192 src 18655
94324 86622 src 18655
21193 72678 src 18655
74831 65309 src 18655
74831 37639 src 18655
71337 20640 src 18655
71337 60682 src 18655
71337 80652 src 18655
71337 73016 src 18655
10520 93699 src 18655
10520 46011 src 18655
10520 32653 src 18655
10520 02531 src 18655
10520 13710 src 18655
79509 11895 src 18655
79509 83430 src 18655
79509 35545 src 18655
79509 23265 src 18655
79509 60709 src 18655
06589 96470 src 18655
06589 11208 src 18655
06589 46594 src 18655
07265 40003 src 18655
60519 62923 src 18655
60519 23487 src 18655
64216 57292 src 18655
64216 83557 src 18655
20326 01554 src 18655
20326 79338 src 18655
20326 48428 src 18655
20326 95570 src 18655
00544 21354 src 18655
00544 45883 src 18655
87021 15498 src 18655
87021 22852 src 18655
87021 97424 src 18655
86778 11798 src 18655
86778 94323 src 18655
86778 62452 src 18655
61840 87175 src 18655
61840 02700 src 18655
55846 68533 src 18655
55846 82489 src 18655
55846 62910 src 18655
11786 42555 src 18655
11786 84271 src 18655
35295 32702 src 18655
35295 46343 src 18655
26406 94063 src 18655
16426 24088 src 18655
16426 17564 src 18655
16426 42887 src 18655
88531 18179 src 18655
88531 40174 src 18655
88531 11996 src 18655
50869 61891 src 18655
81368 03667 src 18655
81368 41687 src 18655
54192 55987 src 18655
86622 13685 src 18655
86622 57711 src 18655
72678 40864 src 18655
65309 72684 src 18655
65309 36549 src 18655
37639 02706 src 18655
20640 08315 src 18655
60682 52941 src 18655
60682 48453 src 18655
80652 48530 src 18655
80652 52409 src 18655
93699 32434 src 18655
46011 09620 src 18655
46011 11995 src 18655
02531 39021 src 18655
11895 59960 src 18655
11895 97029 src 18655
23265 05161 src 18655
60709 21881 src 18655
96470 64289 src 18655
62923 12523 src 18655
57292 83115 src 18655
79338 33379 src 18655
95570 42801 src 18655
95570 40101 src 18655
95570 32806 src 18655
62452 40734 src 18655
02700 62171 src 18655
62910 76405 src 18655
62910 05136 src 18655
84271 71954 src 18655
84271 95633 src 18655
24088 86285 src 18655
24088 59163 src 18655
17564 54615 src 18655
42887 48078 src 18655
42887 93276 src 18655
11996 06176 src 18655
41687 23368 src 18655
57711 85810 src 18655
40864 54705 src 18655
36549 14897 src 18655
08315 37051 src 18655
52409 28244 src 18655
11995 20381 src 18655
11995 46806 src 18655
97029 74130 src 18655
33379 78552 src 18655
42801 07734 src 18655
40101 69518 src 18655
62171 25894 src 18655
59163 49902 src 18655
20381 46622 src 18655
Output
16603 33869 yes
85810 86778 yes
72684 35570 no
79678 07734 no
82489 12523 yes
17469 40734 no
72684 50869 yes
31278 38402 yes
31685 14124 yes
84271 71576 no
48453 05136 yes
09683 66201 yes
37051 88531 yes
11208 60519 yes
64632 56217 yes
82147 05330 yes
12523 30377 no
14897 29289 no
05237 84271 no
02700 09620 yes
58067 89468 yes
59163 44522 no
36252 92070 yes
04286 01554 no
98358 79896 no
32360 74831 no
09310 25839 yes
42801 62452 yes
11208 40890 no
11996 83115 yes
30354 00177 yes
39021 91562 no
15498 46408 yes
51060 66424 yes
68533 05136 yes
21571 35570 yes
32360 07265 no
56217 91997 yes
15498 82147 no
04286 12523 no
70698 87837 yes
72678 61891 yes
66424 74792 yes
13492 31278 yes
90530 39990 yes
69518 24112 no
46806 70158 yes
66355 59163 no
05237 72684 no
95570 30354 no
42555 78552 yes
27484 22852 no
23368 70158 yes
40003 35162 no
74130 37051 yes
35570 35545 no
40101 20326 yes
15206 64632 yes
38612 23265 no
71338 84271 no
21275 12523 no
83646 04286 yes
24433 28244 no
23424 37639 no
40675 84271 no
78133 27479 yes
83280 64632 yes
36252 21193 no
02531 46408 yes
89468 90214 yes
55139 46806 no
11208 61840 yes
48078 37639 yes
11995 87837 no
94324 87380 no
69518 64216 yes
27479 61353 yes
78133 23077 no
86778 90530 no
25375 86778 no
18906 02778 yes
74792 38612 yes
86622 36159 no
32360 69330 yes
54705 35295 yes
25375 94323 no
37051 94063 yes
78552 40890 no
74130 51047 no
42801 27484 no
31278 09310 yes
76076 50804 yes
74130 12746 no
97378 70698 yes
46343 22852 yes
41687 61840 yes
86622 48530 yes
39990 83115 no
56760 64632 no
61840 13052 no
02531 21306 yes
00544 83115 yes
21881 53122 no
25894 42801 yes
29724 03667 no
61353 12746 yes
60682 01554 yes
50381 20914 yes
71337 97424 yes
01554 24088 yes
16603 46806 no
60519 09683 no
35545 11505 no
84271 41020 no
86285 01105 no
66201 24118 yes
40734 79338 yes
94324 25894 yes
66201 14124 yes
20914 22852 no
47081 71013 yes
57711 44522 no
42086 06589 no
95633 43555 no
66201 09620 no
83280 00177 yes
46806 38612 no
17564 20326 yes
16603 72684 no
59960 29289 no
44522 38424 yes
37204 01214 no
02778 28673 yes
35180 00544 no
20381 27479 no
87935 37639 no
62923 74831 yes
38402 66355 yes
21354 60519 yes
51060 35295 no
00544 80914 no
32360 60709 no
70698 94324 no
28475 91227 yes
37639 78552 yes
25894 28244 yes
56760 40788 no
46622 17469 no
01214 05330 yes
48453 93699 yes
51060 49428 yes
57204 71337 no
91997 66201 yes
16603 23368 no
10520 87021 yes
24088 25894 yes
01214 60682 no
10520 68529 no
16603 31685 yes
51516 02531 no
21306 87175 yes
71954 69330 no
32653 40675 no
62910 07265 yes
64216 01105 no
68206 46408 no
16426 13052 no
12523 50869 yes
54705 50425 no
05136 19694 no
42746 94324 yes
71013 09419 yes
77451 50425 yes
01554 74130 yes
61353 37204 no
86622 11208 yes
60709 10520 yes
14124 64359 yes
70158 03667 yes
32434 07265 yes
79338 14731 no
57711 40675 no
57204 23368 no
49902 83646 no
61353 53122 yes
45883 95570 yes
99997 42086 yes
50425 40101 no
00166 98358 no
09620 40675 no
61840 15206 no
14731 87175 no
59163 85810 yes
64330 17469 yes
91664 05237 yes
98358 62394 no
61891 89468 no
52941 85810 yes
71338 38424 yes
64216 50804 no
62910 20987 no
21306 86622 yes
50381 33379 no
13710 13710 yes
48530 31278 no
77401 22852 no
83280 72678 no
40864 89043 no
96470 50381 no
51060 62452 no
47081 62394 yes
74130 71013 no
16426 27479 no
71337 96470 yes
55846 50425 no
41579 80652 no
91562 87021 no
50804 82682 no
93276 32653 yes
91534 18655 no
01214 28244 no
71954 00166 no
51060 16426 no
02778 90530 yes
51516 74831 no
79338 98358 yes
96189 50869 no
13052 24088 no
94063 83099 no
13710 91227 no
96189 80914 yes
71954 05237 no
64216 39990 no
13052 46343 no
83099 61353 yes
18179 48428 yes
77401 36252 yes
58067 28260 no
00544 02700 yes
69330 42555 no
49902 21193 yes
08315 68206 no
15206 87175 no
46594 30354 no
61353 20326 no
64632 11996 no
91562 79509 no
45883 35545 yes
65225 97139 yes
55987 09620 yes
16426 19694 no
18897 40101 no
69330 64665 yes
72524 64330 no
98459 72524 no
80914 00166 yes
46343 64289 yes
25839 37639 no
91664 91562 yes
15498 76405 yes
53122 98358 no
42086 56217 yes
60709 40890 no
56603 06176 no
51408 35570 yes
37204 29724 no
28260 13492 no
20914 72678 no
37051 09419 no
96189 20914 yes
51516 35295 no
27484 98459 yes
11798 54615 yes
80652 65225 no
00166 05136 no
20381 49229 no
41020 14660 yes
41020 25375 yes
35652 51047 yes
01554 14897 yes
35652 87837 yes
90530 80652 no
30354 11208 no
42555 24118 no
20640 11505 no
22852 59313 yes
35180 54192 no
11996 01105 no
29724 82682 no
78552 18897 no
24433 62923 no
37639 94324 yes
87021 02706 yes
87175 79678 no
20987 91664 yes
41047 62452 no
06589 18897 no
39021 00177 no
71576 40174 no
09419 13710 no
40101 01105 no
24433 18906 yes
35180 82147 yes
02778 00166 yes
01554 83557 yes
32434 40864 yes
39990 69330 yes
51047 34723 yes
35652 24118 yes
60682 64330 no
83280 71013 yes
59645 84271 no
49657 40788 yes
26406 46594 yes
66201 71576 yes
72524 11995 yes
49842 39021 no
00166 46594 no
79509 94063 yes
10520 93699 yes
18897 37051 no
86622 01214 no
70158 14660 no
48078 66201 no
49657 68533 no
94063 06589 yes
13685 98358 yes
51408 83646 yes
80914 50804 yes
42801 51060 no
87021 97029 yes
93276 01214 no
12746 54192 no
69330 11798 no
29724 79338 no
91534 23424 yes
35295 45883 yes
64216 00544 yes
24112 09620 no
41579 07265 no
96470 56603 no
52941 71954 yes
94063 62923 yes
61891 97424 yes
35295 60709 yes
64330 70698 yes
82266 09310 yes
87935 05330 yes
20326 97029 yes
09310 48078 no
62923 61891 yes
32806 23487 yes
22852 18179 yes
04286 71338 yes
48428 43436 no
13710 42801 yes
05330 24433 yes
88531 87021 yes
91534 57204 yes
59645 35295 no
97378 33379 no
56760 66201 no
11786 99997 no
71954 38402 no
87935 99997 yes
57711 51047 no
92070 40174 no
62452 68206 no
76076 12092 yes
28673 24433 yes
74831 01214 no
42801 04286 no
95570 46011 yes
90530 13710 no
59960 24112 no
90530 01105 yes
91227 11505 yes
74792 97378 yes
14731 64632 yes
70698 76076 yes
29289 62394 yes
69518 72678 yes
31685 91664 yes
17564 23265 yes
62171 43436 no
19694 39021 no
58067 50869 no
98358 48428 yes
33869 38612 yes
49428 94063 no
37051 86285 yes
57292 87837 no
78133 17469 yes
51516 66355 yes
24433 19694 yes
01214 21881 no
12523 01214 no
28260 87380 no
End
