Graph
58642 38578
53829 15800
84843 61644
09106 15348
48049 07450
04060 43409
03982 21319
93385 43279
87714 50773
31996 29042
43279 85222
95872 04784
21936 15257
47594 56657
07426 42649
40952 19233
17969 89739
13939 59295
23857 45809
44507 55190
91843 33208
92246 58606
44452 72692
08567 47594
07426 27005
53268 71969
61850 23857
67649 42291
59359 79612
93150 06582
00623 01212
53268 53268
61850 59372
61575 35755
44507 39971
87755 01048
33739 10443
86900 80238
10091 37089
62176 15369
42291 67649
47594 61644
50570 86508
15750 64444
95315 33739
79612 17969
07195 11214
21319 15348
18276 95138
63631 48668
13791 88279
70597 48049
44452 62901
47594 50570
15369 36091
43684 27010
31733 04784
43578 72692
21936 62901
71969 73981
95872 73978
35576 22186
50490 35576
71968 74189
40952 86508
86949 31394
95832 00623
17300 85391
00572 85210
37089 16867
58642 53268
37089 12232
67608 00572
44917 15474
56657 86445
24742 96974
47382 00623
15474 45212
64444 21936
73981 04264
70949 70949
96974 21319
19589 01212
87011 36739
38578 09375
67968 17300
70949 08435
40862 03982
02864 44924
91843 79612
85210 02864
77689 22186
18276 95315
21319 86205
74032 58642
05016 27005
41422 43409
35755 03982
57487 64444
31733 79226
13829 71969
53268 15800
43409 90909
07426 35702
50490 93674
11214 59372
01532 45212
43684 64249
85210 44924
86635 48623
86635 56449
19233 91843
85507 87011
12232 00555
58101 69189
63631 09544
77689 86205
88279 06582
59295 14069
38578 73981
43578 35576
79201 79226
40698 14733
21319 96974
95315 06663
06542 61575
40862 35755
47594 43279
91450 00623
29042 01048
06582 06663
72567 53829
47382 08435
07307 83118
86900 08284
44452 09106
09544 39971
61850 09544
60572 44217
54695 54695
65688 40698
36416 58101
89739 25491
79201 93909
99838 77177
23857 07873
13791 95315
50773 60572
48049 31514
21319 21319
64249 97762
53268 09375
23857 13791
56449 39430
36739 65967
62245 15474
70949 06694
06694 62245
01532 06694
00572 00623
34991 74032
86508 47594
67968 93674
36416 62176
95832 06694
77689 67968
57487 77689
68628 96974
85507 58606
23857 72567
80238 41422
98177 63631
34991 73981
29827 29827
71969 07195
86445 00572
23857 88109
36091 04060
34548 62245
80391 36416
19589 95832
71969 15800
36739 27010
15257 79201
48668 10443
95872 17300
53152 85210
09375 73981
53829 15800
85327 06694
67980 93674
27005 01720
14483 01720
42321 34991
04784 24742
00555 42649
58642 88109
07450 56449
58642 67649
91436 07865
86205 64444
93674 91436
24742 37014
28055 61850
13939 79226
04060 74189
12232 62176
15474 50570
86445 22827
16626 37089
70597 80238
15348 96974
86009 88279
06663 95315
29042 10091
72567 58642
45287 95315
27230 25491
53829 44507
86009 55190
36739 48049
15257 15348
43279 44917
73981 53829
36739 31514
33208 50570
67649 09375
80391 56449
62731 35597
07865 15257
01532 19233
83069 24773
85210 19233
08284 00555
64273 80391
44917 84843
97762 46172
42649 65967
72692 99838
24742 57487
50796 33208
04060 05016
85248 00760
07865 61575
63631 05977
01720 64273
07195 15800
42380 42380
54149 87011
04784 68628
77177 54695
45212 86445
12232 87011
64273 56449
06663 39971
71968 27005
18171 92246
00623 73224
21319 14069
93150 34991
45809 71969
14069 40862
35597 59295
56657 24773
62901 43578
00555 46123
22186 14069
07195 23857
85210 34548
63283 67968
33130 45809
44917 44217
79201 91436
10443 72567
10160 63105
48140 42649
28055 04264
05016 71968
63283 67968
15800 06582
00623 91843
87714 67608
58072 79201
63631 98177
87755 01720
79226 93909
36091 86635
13829 53829
21319 99838
00623 34548
64969 01720
25491 56657
65688 53152
86635 00760
31996 07426
04264 86009
64444 15257
91436 72692
86900 76355
10160 04060
06582 45809
85248 48623
34548 50796
67968 03982
44917 00623
71968 07450
60572 86508
48623 10091
61575 91436
18171 27005
48140 04060
62901 77177
73224 10680
83118 73224
91450 08926
44452 04784
07450 46123
86949 07865
10160 87755
68628 15750
07873 53829
83069 44217
37089 00868
13829 98010
50490 67980
06582 15800
87714 14733
83118 25491
72692 62731
28055 09375
59372 11214
14733 89739
57857 79201
64444 31733
15348 67980
42380 07865
08567 17969
24742 99838
01212 19233
48668 23857
56657 83118
73224 06694
37014 67968
21319 91436
10160 86900
85248 74189
63105 12232
85210 86508
35755 91436
09106 91436
48140 64273
45809 02227
53829 72567
35597 61575
15750 40862
50490 09106
33130 61850
10091 01048
05016 58101
61644 59359
62901 73978
43578 96974
54149 46123
95138 58642
41422 74189
86445 44924
72567 95315
87755 29042
71969 45287
80391 18171
48623 01720
33130 42291
50796 62245
28055 42321
67649 86009
86508 06694
38578 07873
33208 86508
43684 86635
83118 50773
57487 15750
70597 80391
99838 35597
72692 86205
50570 89739
85391 31733
79226 72692
42321 71969
61575 67980
79201 62901
73224 94843
16867 54149
67968 79226
97762 43684
07426 87755
08926 60572
61644 29827
85248 97762
59295 54695
10091 69189
34548 40698
59359 17969
58642 45809
50570 50773
85391 91436
29827 04610
65967 86900
48623 74533
33130 28055
22827 40698
79201 40862
61575 07865
06542 95872
63105 68928
86205 93909
24742 31394
72567 86009
31996 14483
56657 95832
87011 39430
97762 31514
67649 74032
74032 53829
24742 77689
79226 31394
59295 91436
86635 74189
41422 54149
16867 43409
58101 80391
90909 00555
36416 15369
22827 85210
Queries
64249 99838
06663 31996
09544 08926
33739 36416
02227 74032
72567 29042
61850 15369
27230 43279
33130 88109
88109 34548
45287 63631
15474 56657
64249 67968
87714 76355
93385 31394
59295 40862
31514 70597
41422 42321
93674 43578
10680 57487
70949 80238
56657 29827
31733 42291
50796 77177
50570 79201
85210 94843
21319 93674
15257 21936
22186 58101
95832 07307
53152 70949
48049 44217
44452 62731
07873 04784
93385 71968
31394 19589
72692 04610
04264 06582
85391 04784
36739 35702
37089 65967
44924 65967
72692 71969
90909 06663
35597 67968
93674 47382
07450 08284
91450 83118
79612 59295
98010 42649
72692 42380
48668 61575
62731 44452
59295 72692
95872 07873
93385 40698
79226 59359
06694 45287
73981 38578
48140 72567
36739 33208
24742 67968
42321 48668
29827 40862
33739 86900
67980 70597
15348 54695
72692 10091
44917 72567
56657 85222
93150 04264
07873 58101
07307 40952
33130 08284
29042 64969
33739 59372
74189 08284
79201 93674
86009 13829
47382 79612
08567 96974
33130 73224
15474 50490
07195 74032
91436 04264
17300 25491
43578 11214
37014 17300
14733 58072
44452 42321
93674 58606
74032 73981
58606 87011
01212 40862
00868 00868
86900 40698
62901 77689
85248 48623
86900 35576
12232 62176
04784 93674
85222 83069
39430 29042
53829 45287
04060 04060
94843 86900
58101 45287
73981 07195
41422 48623
07873 05977
15348 93674
44217 19233
33130 06663
01212 44917
86635 91843
42321 65967
45287 95315
33739 62901
13791 70597
86009 18276
98010 33130
85507 05977
01048 09106
63631 44507
50490 15257
77177 64444
40698 09106
44917 73224
72692 07873
83069 17969
50796 74032
86949 33739
10680 86949
74032 88109
79201 43578
44452 90909
95138 14483
10680 36416
44924 07873
35755 86009
45287 41422
15348 39430
07873 18276
42291 45287
02864 21319
97762 14733
58101 55190
16867 62176
67649 31514
19233 40862
69189 74032
67649 10443
87011 36091
85507 87714
43409 41422
86445 40952
79201 86949
31733 68928
91843 10160
01720 29042
29827 84843
67649 08567
07865 15257
04060 93385
71969 79226
71969 00623
37014 64444
06582 70949
95138 04264
71968 50490
16626 07195
53152 44924
68628 44917
00572 35576
73978 31394
68628 17300
14069 48623
59372 36416
48140 31733
10443 53829
23857 02227
50796 34548
93909 44452
00760 73978
41422 70597
64273 00760
87011 97762
27010 96974
35702 97762
43279 64444
06542 77689
63105 07195
86508 94843
96974 14733
63631 39971
40952 38578
59359 91450
65967 18276
86508 44217
33130 06663
05977 95315
88279 96974
64444 36416
91450 50570
33739 59295
15369 37089
21936 14069
91843 31394
68928 86900
68628 22186
27005 12232
29827 19233
50570 37014
24773 34991
54695 67980
21936 23857
72567 86009
34991 04264
77177 93674
67608 08284
35597 86009
40862 14069
96974 45809
91436 21936
67968 19589
42380 88279
35576 15750
48668 74189
01212 67649
91843 58101
34991 74189
14069 74189
37089 65967
43409 65688
87011 50796
00868 60572
58072 62901
08284 18276
70949 95832
70597 42649
06694 83118
64249 35576
24773 85222
73978 63283
44924 10160
05977 08567
88279 15800
74032 08567
74533 69189
15348 16867
68628 03982
22827 61850
84843 59372
11214 44507
62731 91843
53268 25491
14069 17300
25491 58642
14069 86949
96974 02864
68628 06542
04610 60572
45212 47382
83069 29042
91843 80238
16626 64273
01212 27230
87714 67649
62901 48623
85391 70597
24773 07307
88109 04264
42649 15369
42649 15348
59359 08435
27230 14733
85507 10160
45212 85327
43684 06694
35755 19233
68628 50570
40862 58642
61644 64969
61644 70597
77689 48049
15800 00868
83118 33208
09375 28055
03982 08926
64444 63105
73981 15348
67649 36416
86949 14483
18171 18276
33208 09544
93385 08926
72567 80391
31514 05016
43684 94843
94843 65688
31394 86205
39430 53829
40862 31394
64969 40862
94843 06694
33208 85391
07865 50490
67980 77689
64969 01048
09544 07865
15369 92246
19233 59359
Thinking
start 23857 src 23857
23857 45809 src 23857
23857 61850 src 23857
23857 07873 src 23857
23857 13791 src 23857
23857 72567 src 23857
23857 88109 src 23857
23857 07195 src 23857
23857 48668 src 23857
45809 71969 src 23857
45809 33130 src 23857
45809 06582 src 23857
45809 02227 src 23857
45809 58642 src 23857
61850 59372 src 23857
61850 09544 src 23857
61850 28055 src 23857
07873 53829 src 23857
07873 38578 src 23857
13791 88279 src 23857
13791 95315 src 23857
72567 10443 src 23857
72567 86009 src 23857
07195 11214 src 23857
07195 15800 src 23857
48668 63631 src 23857
71969 53268 src 23857
71969 73981 src 23857
71969 13829 src 23857
71969 45287 src 23857
71969 42321 src 23857
33130 42291 src 23857
06582 93150 src 23857
06582 06663 src 23857
58642 74032 src 23857
58642 67649 src 23857
58642 95138 src 23857
09544 39971 src 23857
28055 04264 src 23857
28055 09375 src 23857
53829 44507 src 23857
95315 33739 src 23857
95315 18276 src 23857
86009 55190 src 23857
63631 98177 src 23857
63631 05977 src 23857
73981 34991 src 23857
13829 98010 src 23857
start 91436 src 91436
91436 07865 src 91436
91436 93674 src 91436
91436 79201 src 91436
91436 72692 src 91436
91436 61575 src 91436
91436 21319 src 91436
91436 35755 src 91436
91436 09106 src 91436
91436 85391 src 91436
91436 59295 src 91436
07865 15257 src 91436
07865 86949 src 91436
07865 42380 src 91436
93674 50490 src 91436
93674 67968 src 91436
93674 67980 src 91436
79201 79226 src 91436
79201 93909 src 91436
79201 58072 src 91436
79201 57857 src 91436
79201 62901 src 91436
79201 40862 src 91436
72692 44452 src 91436
72692 43578 src 91436
72692 99838 src 91436
72692 62731 src 91436
72692 86205 src 91436
61575 06542 src 91436
61575 35597 src 91436
21319 03982 src 91436
21319 15348 src 91436
21319 96974 src 91436
21319 14069 src 91436
85391 17300 src 91436
85391 31733 src 91436
59295 13939 src 91436
59295 54695 src 91436
15257 21936 src 91436
15257 64444 src 91436
86949 31394 src 91436
50490 35576 src 91436
67968 77689 src 91436
67968 63283 src 91436
67968 37014 src 91436
62901 77177 src 91436
62901 73978 src 91436
40862 15750 src 91436
44452 04784 src 91436
99838 24742 src 91436
06542 95872 src 91436
96974 68628 src 91436
14069 22186 src 91436
64444 57487 src 91436
start 73224 src 73224
73224 00623 src 73224
73224 10680 src 73224
73224 83118 src 73224
73224 06694 src 73224
73224 94843 src 73224
00623 01212 src 73224
00623 95832 src 73224
00623 47382 src 73224
00623 91450 src 73224
00623 00572 src 73224
00623 91843 src 73224
00623 34548 src 73224
00623 44917 src 73224
83118 07307 src 73224
83118 25491 src 73224
83118 56657 src 73224
83118 50773 src 73224
06694 70949 src 73224
06694 62245 src 73224
06694 01532 src 73224
06694 85327 src 73224
06694 86508 src 73224
01212 19589 src 73224
01212 19233 src 73224
47382 08435 src 73224
91450 08926 src 73224
00572 85210 src 73224
00572 67608 src 73224
00572 86445 src 73224
91843 33208 src 73224
91843 79612 src 73224
34548 50796 src 73224
34548 40698 src 73224
44917 15474 src 73224
44917 43279 src 73224
44917 84843 src 73224
44917 44217 src 73224
25491 89739 src 73224
25491 27230 src 73224
56657 47594 src 73224
56657 24773 src 73224
50773 87714 src 73224
50773 60572 src 73224
50773 50570 src 73224
01532 45212 src 73224
86508 40952 src 73224
85210 02864 src 73224
85210 44924 src 73224
85210 53152 src 73224
85210 22827 src 73224
79612 59359 src 73224
79612 17969 src 73224
40698 14733 src 73224
40698 65688 src 73224
43279 93385 src 73224
43279 85222 src 73224
84843 61644 src 73224
44217 83069 src 73224
47594 08567 src 73224
61644 29827 src 73224
29827 04610 src 73224
start 29042 src 29042
29042 31996 src 29042
29042 01048 src 29042
29042 10091 src 29042
29042 87755 src 29042
31996 07426 src 29042
31996 14483 src 29042
10091 37089 src 29042
10091 48623 src 29042
10091 69189 src 29042
87755 01720 src 29042
87755 10160 src 29042
07426 42649 src 29042
07426 27005 src 29042
07426 35702 src 29042
37089 16867 src 29042
37089 12232 src 29042
37089 16626 src 29042
37089 00868 src 29042
48623 86635 src 29042
48623 85248 src 29042
48623 74533 src 29042
69189 58101 src 29042
01720 64273 src 29042
01720 64969 src 29042
10160 63105 src 29042
10160 04060 src 29042
10160 86900 src 29042
42649 00555 src 29042
42649 65967 src 29042
42649 48140 src 29042
27005 05016 src 29042
27005 71968 src 29042
27005 18171 src 29042
16867 54149 src 29042
16867 43409 src 29042
12232 62176 src 29042
12232 87011 src 29042
86635 56449 src 29042
86635 36091 src 29042
86635 00760 src 29042
86635 43684 src 29042
86635 74189 src 29042
85248 97762 src 29042
58101 36416 src 29042
58101 80391 src 29042
63105 68928 src 29042
86900 80238 src 29042
86900 08284 src 29042
86900 76355 src 29042
00555 46123 src 29042
00555 90909 src 29042
65967 36739 src 29042
71968 07450 src 29042
18171 92246 src 29042
54149 41422 src 29042
62176 15369 src 29042
87011 85507 src 29042
87011 39430 src 29042
43684 27010 src 29042
43684 64249 src 29042
97762 46172 src 29042
97762 31514 src 29042
80391 70597 src 29042
36739 48049 src 29042
92246 58606 src 29042
Output
64249 99838 no
06663 31996 no
09544 08926 no
33739 36416 no
02227 74032 yes
72567 29042 no
61850 15369 no
27230 43279 yes
33130 88109 yes
88109 34548 no
45287 63631 yes
15474 56657 yes
64249 67968 no
87714 76355 no
93385 31394 no
59295 40862 yes
31514 70597 yes
41422 42321 no
93674 43578 yes
10680 57487 no
70949 80238 no
56657 29827 yes
31733 42291 no
50796 77177 no
50570 79201 no
85210 94843 yes
21319 93674 yes
15257 21936 yes
22186 58101 no
95832 07307 yes
53152 70949 yes
48049 44217 no
44452 62731 yes
07873 04784 no
93385 71968 no
31394 19589 no
72692 04610 no
04264 06582 yes
85391 04784 yes
36739 35702 yes
37089 65967 yes
44924 65967 no
72692 71969 no
90909 06663 no
35597 67968 yes
93674 47382 no
07450 08284 yes
91450 83118 yes
79612 59295 no
98010 42649 no
72692 42380 yes
48668 61575 no
62731 44452 yes
59295 72692 yes
95872 07873 no
93385 40698 yes
79226 59359 no
06694 45287 no
73981 38578 yes
48140 72567 no
36739 33208 no
24742 67968 yes
42321 48668 yes
29827 40862 no
33739 86900 no
67980 70597 no
15348 54695 yes
72692 10091 no
44917 72567 no
56657 85222 yes
93150 04264 yes
07873 58101 no
07307 40952 yes
33130 08284 no
29042 64969 yes
33739 59372 yes
74189 08284 yes
79201 93674 yes
86009 13829 yes
47382 79612 yes
08567 96974 no
33130 73224 no
15474 50490 no
07195 74032 yes
91436 04264 no
17300 25491 no
43578 11214 no
37014 17300 yes
14733 58072 no
44452 42321 no
93674 58606 no
74032 73981 yes
58606 87011 yes
01212 40862 no
00868 00868 yes
86900 40698 no
62901 77689 yes
85248 48623 yes
86900 35576 no
12232 62176 yes
04784 93674 yes
85222 83069 yes
39430 29042 yes
53829 45287 yes
04060 04060 yes
94843 86900 no
58101 45287 no
73981 07195 yes
41422 48623 yes
07873 05977 yes
15348 93674 yes
44217 19233 yes
33130 06663 yes
01212 44917 yes
86635 91843 no
42321 65967 no
45287 95315 yes
33739 62901 no
13791 70597 no
86009 18276 yes
98010 33130 yes
85507 05977 no
01048 09106 no
63631 44507 yes
50490 15257 yes
77177 64444 yes
40698 09106 no
44917 73224 yes
72692 07873 no
83069 17969 yes
50796 74032 no
86949 33739 no
10680 86949 no
74032 88109 yes
79201 43578 yes
44452 90909 no
95138 14483 no
10680 36416 no
44924 07873 no
35755 86009 no
45287 41422 no
15348 39430 no
07873 18276 yes
42291 45287 yes
02864 21319 no
97762 14733 no
58101 55190 no
16867 62176 yes
67649 31514 no
19233 40862 no
69189 74032 no
67649 10443 yes
87011 36091 yes
85507 87714 no
43409 41422 yes
86445 40952 yes
79201 86949 yes
31733 68928 no
91843 10160 no
01720 29042 yes
29827 84843 yes
67649 08567 no
07865 15257 yes
04060 93385 no
71969 79226 no
71969 00623 no
37014 64444 yes
06582 70949 no
95138 04264 yes
71968 50490 no
16626 07195 no
53152 44924 yes
68628 44917 no
00572 35576 no
73978 31394 yes
68628 17300 yes
14069 48623 no
59372 36416 no
48140 31733 no
10443 53829 yes
23857 02227 yes
50796 34548 yes
93909 44452 yes
00760 73978 no
41422 70597 yes
64273 00760 yes
87011 97762 yes
27010 96974 no
35702 97762 yes
43279 64444 no
06542 77689 yes
63105 07195 no
86508 94843 yes
96974 14733 no
63631 39971 yes
40952 38578 no
59359 91450 yes
65967 18276 no
86508 44217 yes
33130 06663 yes
05977 95315 yes
88279 96974 no
64444 36416 no
91450 50570 yes
33739 59295 no
15369 37089 yes
21936 14069 yes
91843 31394 no
68928 86900 yes
68628 22186 yes
27005 12232 yes
29827 19233 yes
50570 37014 no
24773 34991 no
54695 67980 yes
21936 23857 no
72567 86009 yes
34991 04264 yes
77177 93674 yes
67608 08284 no
35597 86009 no
40862 14069 yes
96974 45809 no
91436 21936 yes
67968 19589 no
42380 88279 no
35576 15750 yes
48668 74189 no
01212 67649 no
91843 58101 no
34991 74189 no
14069 74189 no
37089 65967 yes
43409 65688 no
87011 50796 no
00868 60572 no
58072 62901 yes
08284 18276 no
70949 95832 yes
70597 42649 yes
06694 83118 yes
64249 35576 no
24773 85222 yes
73978 63283 yes
44924 10160 no
05977 08567 no
88279 15800 yes
74032 08567 no
74533 69189 yes
15348 16867 no
68628 03982 yes
22827 61850 no
84843 59372 no
11214 44507 yes
62731 91843 no
53268 25491 no
14069 17300 yes
25491 58642 no
14069 86949 yes
96974 02864 no
68628 06542 yes
04610 60572 yes
45212 47382 yes
83069 29042 no
91843 80238 no
16626 64273 yes
01212 27230 yes
87714 67649 no
62901 48623 no
85391 70597 no
24773 07307 yes
88109 04264 yes
42649 15369 yes
42649 15348 no
59359 08435 yes
27230 14733 yes
85507 10160 yes
45212 85327 yes
43684 06694 no
35755 19233 no
68628 50570 no
40862 58642 no
61644 64969 no
61644 70597 no
77689 48049 no
15800 00868 no
83118 33208 yes
09375 28055 yes
03982 08926 no
64444 63105 no
73981 15348 no
67649 36416 no
86949 14483 no
18171 18276 no
33208 09544 no
93385 08926 yes
72567 80391 no
31514 05016 yes
43684 94843 no
94843 65688 yes
31394 86205 yes
39430 53829 no
40862 31394 yes
64969 40862 no
94843 06694 yes
33208 85391 no
07865 50490 yes
67980 77689 yes
64969 01048 yes
09544 07865 no
15369 92246 yes
19233 59359 yes
End
