Graph
80473 00331
14241 40034
38664 73418
85734 50910
82733 44370
04875 46469
60495 82733
70750 67309
29254 34628
58957 63213
90951 38425
04073 97487
76346 95203
61308 79920
27290 67309
28034 79920
79208 57122
80986 03483
22840 02613
50910 67309
28034 36028
73923 86114
36028 68742
97487 94292
76346 58957
97487 17709
74402 73418
90121 73923
70027 96141
64654 58373
44370 80630
84757 80569
17423 62285
94074 00877
86674 80986
22186 87959
60495 80557
16889 08688
90951 81954
14241 95509
88577 62285
70750 73508
14829 64240
72376 60495
70750 03924
75420 55192
95203 63213
58373 08864
84757 60367
14241 81954
08688 78984
76616 60062
96141 77537
09264 52278
03924 74681
88577 85788
82836 61308
11653 76616
11653 61036
64240 67309
59268 14508
49128 95203
78441 17423
62285 17423
25505 04875
79208 60495
08688 64654
16115 88787
88787 36028
50968 59268
25505 76346
96141 43500
50910 78984
56743 57122
22186 73196
03924 75420
72376 78441
08688 04576
08688 22840
88577 80630
99591 17117
99591 76616
82664 80473
27290 00331
72376 82733
73418 00331
58957 76346
33791 38664
15277 14241
90951 52278
04073 60062
14508 50968
80473 55192
34628 27290
78984 73508
11653 99591
50910 04576
00877 72376
45742 81954
64654 92777
14104 64654
60367 80557
77537 16115
14829 82664
74910 73923
80473 80986
22840 73508
58957 93202
57122 78441
14104 33791
76975 74910
75420 34628
17117 99591
17709 93202
29254 80473
00877 44370
81954 90213
88577 85788
80986 58373
52278 74910
45742 38425
00877 88577
28034 52278
00331 73508
68494 13286
99591 49128
70027 14241
92777 39355
50910 85734
86114 36028
70750 14829
73923 40034
78984 08688
44370 87959
40216 11288
44370 80557
08492 40216
50910 16889
82836 16115
79920 43500
82836 90951
59268 93202
13286 73767
17709 76346
80557 84757
22186 80569
82664 80986
94074 56743
52278 08492
60495 27034
73508 29735
61287 58957
80630 80630
68742 76052
76346 76616
97487 61036
04576 00331
11653 50968
00877 78441
33791 80473
86676 82664
93202 14508
58373 71272
00877 87959
99591 61287
88577 17423
76346 11653
82664 55192
04073 63213
76346 50968
38425 90213
95203 04875
49128 59268
81505 43500
15277 40034
34628 80986
64654 38295
80557 60367
28034 90951
11653 59268
73923 68742
14508 63213
68494 17709
45742 88787
80630 85788
17709 04875
82836 09264
77363 87959
75420 92777
16889 38664
61287 61287
96141 74910
77363 72376
57122 72238
72376 00877
57122 88577
72238 94074
67309 00331
68494 13286
92777 58373
84757 94074
73767 58957
02613 14104
90951 81505
04875 73767
99591 94292
72376 60495
61287 63213
54815 64240
14241 52278
28034 08492
82836 84875
68742 84875
76052 11288
08492 76052
57776 64654
38295 86674
57122 72376
14241 15277
00877 88577
81954 86114
17709 95203
76052 59102
08864 82664
78441 88577
61287 73767
74910 06426
46469 46469
82664 14829
82836 45742
75420 73418
58957 50968
08688 64654
80473 16889
04073 61036
03483 54815
38425 90121
46469 04875
85788 87959
55192 78984
29254 14104
00877 94074
14829 85734
77161 45742
95203 17709
27034 56743
61308 84875
16889 16889
60495 88577
80557 72376
82836 40034
95509 12109
73508 54815
76346 46469
14104 74402
73196 00877
77537 63192
76616 50968
80986 78984
68494 04875
74681 08864
00331 80986
81954 06426
29254 92777
14104 50910
09264 70280
76616 13286
80473 70750
22186 78441
95203 04073
88577 78441
00877 78441
23047 80473
61308 15277
36028 77161
50968 58957
60062 11653
61036 94292
72376 72238
75420 22840
88577 27034
17709 46469
40034 76975
58957 17709
80569 88577
45742 96141
57990 76346
16115 81954
39355 27290
72238 60367
82836 40216
57776 80473
60367 60367
80569 62285
59268 61287
16889 33791
88787 81505
95509 88787
82733 44370
11288 74910
58957 57990
60495 80630
55192 04576
80986 54815
03924 38664
99591 58957
71272 75420
73767 25505
14829 29735
68494 25505
73508 58373
76052 76052
81505 82836
43500 95509
90951 96141
14241 90951
46469 94292
43500 15277
08864 04576
04073 49128
76346 14508
73196 80557
57990 46469
81954 15277
61308 95509
27290 64654
40216 45742
85788 00877
86674 73508
57990 61287
82733 84757
38295 70750
15277 90951
56743 72376
27290 74681
81954 63192
04073 17709
86674 92777
58957 04875
22186 87959
25505 11653
22186 77363
80557 80557
78441 62285
79208 87959
38425 68742
17423 27034
76616 63213
99591 76346
73418 86676
04875 17117
46469 57990
94074 27034
57122 82733
95509 61308
86676 75420
74681 08864
70750 02613
61308 45742
90121 06426
08864 02613
54815 00331
88787 86114
44370 73196
95509 59102
60495 82733
46469 60062
88577 17423
62285 79208
87959 00877
57122 94074
27290 33791
77537 82836
00877 80630
55192 34628
04073 97487
Queries
73418 82836
22186 04875
74681 73508
55192 70750
36028 14508
88787 60062
14104 74402
57990 27290
34628 63213
80986 00331
36028 84875
94292 77363
25505 97487
86114 95509
57776 76616
03924 08688
73508 74402
80569 17423
86676 55192
63192 57122
72376 94292
62285 22840
75420 90951
78984 38664
79920 43500
04875 49128
58957 04073
74402 23047
95203 78441
22840 64240
06426 73508
17709 94292
12109 76052
82836 04576
59268 04875
46469 61036
00331 74681
82733 27034
49128 17423
60062 04875
61036 63192
00331 74402
61308 43500
72238 73196
27290 99591
02613 04875
36028 73923
56743 40034
14508 85734
33791 04576
54815 80986
12109 57122
80569 90951
82733 62285
77537 82836
88787 88577
14508 74681
94074 55192
90213 17117
68494 70280
27290 92777
79920 27034
49128 61036
58373 54815
22186 82836
93202 61287
90213 40216
04073 14508
44370 82836
72376 77363
80986 57776
38295 13286
00331 57776
72238 78441
04875 80473
46469 68494
81505 97487
81505 80557
50968 04073
14829 57776
11653 61308
44370 77537
61287 94292
49128 76616
76975 73508
38425 60495
90213 38664
88577 57776
80569 27034
22186 68494
94074 16889
99591 78984
76346 17709
00877 96141
22840 38664
17423 75420
17423 80557
27034 16889
28034 38295
08492 76052
55192 03924
80569 29735
06426 50910
85788 27034
08864 86674
08688 14829
94074 79208
04073 61036
90121 09264
04576 67309
73418 14829
08864 46469
27290 90951
79208 71272
27290 08688
90121 94292
04875 73418
59268 97487
95203 97487
50910 29254
77537 13286
86676 59268
54815 77161
72238 61036
73196 63213
99591 99591
79920 68494
73196 22186
60495 96141
84757 62285
58957 57776
25505 61287
64654 34628
93202 29735
38295 68494
77363 27034
00331 00331
36028 59102
39355 73508
71272 73418
80557 17709
08864 50968
02613 84875
80569 29254
60367 64240
52278 15277
22186 60367
61036 00877
77161 95509
14241 97487
80630 84757
38295 02613
60062 58957
70027 52278
92777 80986
80557 87959
03483 76616
03483 80473
88787 81954
97487 59268
94292 63213
79208 62285
86676 97487
50968 15277
17117 49128
80569 80986
57122 63213
43500 44370
77363 57776
74402 56743
00877 80557
73508 29254
62285 85788
92777 87959
11653 36028
60495 17423
70750 64240
80630 44370
72238 60367
58373 38664
80557 76052
52278 04875
76346 97487
49128 40034
72238 84875
92777 04576
70280 74402
50968 99591
59102 55192
11653 04073
77363 27290
34628 94074
14508 73767
08492 92777
03924 38664
76616 11653
13286 17709
25505 86674
56743 68742
85788 72238
73418 85734
73196 60495
73767 17423
14241 60062
88577 80986
36028 68742
02613 58957
57776 55192
80630 99591
17117 25505
76975 04875
61308 14829
73923 63213
78441 76346
46469 82733
90951 80986
09264 68742
57122 80986
08688 29735
86674 12109
12109 77161
72238 17117
17709 71272
79208 49128
72376 79208
29254 14104
16889 81954
71272 86676
63192 80569
16115 14241
95203 08492
63213 27034
59102 38425
17709 78441
68494 78984
76975 60367
64240 29254
08492 11288
29735 85788
38295 86676
12109 50968
04073 38425
60367 80630
70027 11288
84875 43500
25505 03924
62285 00877
04073 88577
08492 63192
04073 00877
04576 86114
58373 17423
08688 78984
14104 38425
28034 76975
60062 78984
80630 87959
06426 59268
16889 09264
85788 50968
94292 13286
62285 00877
39355 76346
33791 82664
82836 72376
17709 04875
94074 39355
80557 00877
80557 87959
60367 22186
81954 60495
84875 80557
09264 16115
68742 04875
16115 99591
90213 72376
58957 73767
64654 73767
50968 70280
80569 86674
80986 95509
82733 75420
87959 72376
94074 74402
99591 17709
38295 84757
82836 44370
52278 46469
03483 38425
43500 14241
85734 95203
09264 28034
27034 00877
29254 17117
14508 85734
94292 16889
80569 80630
59268 70750
61287 59268
80986 03483
77537 29254
17117 17117
78441 40216
72376 88577
38664 55192
71272 77363
50968 74681
40034 63192
15277 61036
14104 44370
46469 76616
90951 09264
15277 17117
61287 38425
61287 55192
92777 08864
16115 72238
22840 88577
80630 08492
74910 06426
50910 14508
13286 25505
62285 80557
25505 04073
09264 79920
87959 73418
97487 73767
60367 04875
14508 55192
54815 80986
03483 74910
85734 78984
60367 97487
81954 08492
72376 56743
60367 14829
93202 99591
61036 00877
23047 71272
49128 14829
03924 67309
78441 61287
52278 86114
36028 70280
72376 72376
78441 61308
70280 09264
39355 82664
14241 84757
97487 22186
79208 17423
11653 57776
68742 94074
90213 15277
88787 36028
61036 57990
85788 71272
80569 79920
70280 76975
08688 08688
74910 61308
40216 59102
81505 04073
46469 93202
14104 00331
73196 12109
56743 50968
64240 50910
86114 64654
77363 78441
88787 82733
62285 79208
85734 74910
08688 84875
90951 77161
95509 96141
28034 88577
29254 49128
94292 52278
61287 81954
96141 79920
92777 55192
80986 03924
94292 68494
40216 46469
49128 61036
73767 15277
40034 12109
70750 50910
78441 60062
88577 08688
40216 43500
03924 77363
46469 14829
03924 58957
04073 17117
82733 68494
70280 08492
68494 97487
16115 13286
81954 29735
86114 49128
95509 13286
17709 12109
73418 76616
08864 03924
58373 23047
57990 90121
77161 86114
70280 74402
00331 28034
52278 76975
61036 80557
72238 67309
04576 17423
25505 43500
61287 60062
52278 90121
61287 87959
39355 50968
14104 59102
76346 99591
94074 88577
71272 78984
22840 60367
78441 78441
61036 68494
54815 78984
08864 34628
88787 76052
13286 76346
77363 87959
56743 79208
78984 00877
80569 80569
72376 43500
77363 87959
90951 62285
87959 86674
80630 60367
25505 06426
17709 60062
77161 11288
80557 22186
70280 96141
40034 76052
72376 82733
03924 57990
60062 80557
54815 63213
57776 17117
39355 80630
54815 76052
09264 77537
38664 73508
33791 90213
78441 94074
11288 63192
60495 57776
74910 59102
Thinking
start 00877 src 00877
00877 94074 src 00877
00877 72376 src 00877
00877 44370 src 00877
00877 88577 src 00877
00877 78441 src 00877
00877 87959 src 00877
00877 73196 src 00877
00877 85788 src 00877
00877 80630 src 00877
94074 56743 src 00877
94074 72238 src 00877
94074 84757 src 00877
94074 27034 src 00877
94074 57122 src 00877
72376 60495 src 00877
72376 82733 src 00877
72376 77363 src 00877
72376 80557 src 00877
88577 62285 src 00877
88577 17423 src 00877
88577 80569 src 00877
78441 22186 src 00877
87959 79208 src 00877
72238 60367 src 00877
start 86674 src 86674
86674 80986 src 86674
86674 38295 src 86674
86674 73508 src 86674
86674 92777 src 86674
80986 03483 src 86674
80986 80473 src 86674
80986 58373 src 86674
80986 82664 src 86674
80986 34628 src 86674
80986 78984 src 86674
80986 00331 src 86674
80986 54815 src 86674
38295 64654 src 86674
38295 70750 src 86674
73508 22840 src 86674
73508 29735 src 86674
92777 39355 src 86674
92777 75420 src 86674
92777 29254 src 86674
80473 55192 src 86674
80473 33791 src 86674
80473 16889 src 86674
80473 23047 src 86674
80473 57776 src 86674
58373 08864 src 86674
58373 71272 src 86674
82664 14829 src 86674
82664 86676 src 86674
34628 27290 src 86674
78984 08688 src 86674
78984 50910 src 86674
00331 73418 src 86674
00331 04576 src 86674
00331 67309 src 86674
54815 64240 src 86674
64654 14104 src 86674
70750 03924 src 86674
70750 02613 src 86674
33791 38664 src 86674
08864 74681 src 86674
14829 85734 src 86674
73418 74402 src 86674
start 61287 src 61287
61287 58957 src 61287
61287 99591 src 61287
61287 63213 src 61287
61287 73767 src 61287
61287 59268 src 61287
61287 57990 src 61287
58957 76346 src 61287
58957 93202 src 61287
58957 50968 src 61287
58957 17709 src 61287
58957 04875 src 61287
99591 17117 src 61287
99591 76616 src 61287
99591 11653 src 61287
99591 49128 src 61287
99591 94292 src 61287
63213 95203 src 61287
63213 04073 src 61287
63213 14508 src 61287
73767 13286 src 61287
73767 25505 src 61287
57990 46469 src 61287
17709 97487 src 61287
17709 68494 src 61287
76616 60062 src 61287
11653 61036 src 61287
start 40034 src 40034
40034 14241 src 40034
40034 73923 src 40034
40034 15277 src 40034
40034 82836 src 40034
40034 76975 src 40034
14241 95509 src 40034
14241 81954 src 40034
14241 70027 src 40034
14241 52278 src 40034
14241 90951 src 40034
73923 86114 src 40034
73923 90121 src 40034
73923 74910 src 40034
73923 68742 src 40034
15277 61308 src 40034
15277 43500 src 40034
82836 16115 src 40034
82836 09264 src 40034
82836 84875 src 40034
82836 45742 src 40034
82836 40216 src 40034
82836 81505 src 40034
82836 77537 src 40034
95509 12109 src 40034
95509 88787 src 40034
95509 59102 src 40034
81954 90213 src 40034
81954 06426 src 40034
81954 63192 src 40034
70027 96141 src 40034
52278 28034 src 40034
52278 08492 src 40034
90951 38425 src 40034
86114 36028 src 40034
74910 11288 src 40034
68742 76052 src 40034
61308 79920 src 40034
09264 70280 src 40034
45742 77161 src 40034
Output
73418 82836 no
22186 04875 no
74681 73508 yes
55192 70750 yes
36028 14508 no
88787 60062 no
14104 74402 yes
57990 27290 no
34628 63213 no
80986 00331 yes
36028 84875 yes
94292 77363 no
25505 97487 yes
86114 95509 yes
57776 76616 no
03924 08688 yes
73508 74402 yes
80569 17423 yes
86676 55192 yes
63192 57122 no
72376 94292 no
62285 22840 no
75420 90951 no
78984 38664 yes
79920 43500 yes
04875 49128 yes
58957 04073 yes
74402 23047 yes
95203 78441 no
22840 64240 yes
06426 73508 no
17709 94292 yes
12109 76052 yes
82836 04576 no
59268 04875 yes
46469 61036 yes
00331 74681 yes
82733 27034 yes
49128 17423 no
60062 04875 yes
61036 63192 no
00331 74402 yes
61308 43500 yes
72238 73196 yes
27290 99591 no
02613 04875 no
36028 73923 yes
56743 40034 no
14508 85734 no
33791 04576 yes
54815 80986 yes
12109 57122 no
80569 90951 no
82733 62285 yes
77537 82836 yes
88787 88577 no
14508 74681 no
94074 55192 no
90213 17117 no
68494 70280 no
27290 92777 yes
79920 27034 no
49128 61036 yes
58373 54815 yes
22186 82836 no
93202 61287 yes
90213 40216 yes
04073 14508 yes
44370 82836 no
72376 77363 yes
80986 57776 yes
38295 13286 no
00331 57776 yes
72238 78441 yes
04875 80473 no
46469 68494 yes
81505 97487 no
81505 80557 no
50968 04073 yes
14829 57776 yes
11653 61308 no
44370 77537 no
61287 94292 yes
49128 76616 yes
76975 73508 no
38425 60495 no
90213 38664 no
88577 57776 no
80569 27034 yes
22186 68494 no
94074 16889 no
99591 78984 no
76346 17709 yes
00877 96141 no
22840 38664 yes
17423 75420 no
17423 80557 yes
27034 16889 no
28034 38295 no
08492 76052 yes
55192 03924 yes
80569 29735 no
06426 50910 no
85788 27034 yes
08864 86674 yes
08688 14829 yes
94074 79208 yes
04073 61036 yes
90121 09264 yes
04576 67309 yes
73418 14829 yes
08864 46469 no
27290 90951 no
79208 71272 no
27290 08688 yes
90121 94292 no
04875 73418 no
59268 97487 yes
95203 97487 yes
50910 29254 yes
77537 13286 no
86676 59268 no
54815 77161 no
72238 61036 no
73196 63213 no
99591 99591 yes
79920 68494 no
73196 22186 yes
60495 96141 no
84757 62285 yes
58957 57776 no
25505 61287 yes
64654 34628 yes
93202 29735 no
38295 68494 no
77363 27034 yes
00331 00331 yes
36028 59102 yes
39355 73508 yes
71272 73418 yes
80557 17709 no
08864 50968 no
02613 84875 no
80569 29254 no
60367 64240 no
52278 15277 yes
22186 60367 yes
61036 00877 no
77161 95509 yes
14241 97487 no
80630 84757 yes
38295 02613 yes
60062 58957 yes
70027 52278 yes
92777 80986 yes
80557 87959 yes
03483 76616 no
03483 80473 yes
88787 81954 yes
97487 59268 yes
94292 63213 yes
79208 62285 yes
86676 97487 no
50968 15277 no
17117 49128 yes
80569 80986 no
57122 63213 no
43500 44370 no
77363 57776 no
74402 56743 no
00877 80557 yes
73508 29254 yes
62285 85788 yes
92777 87959 no
11653 36028 no
60495 17423 yes
70750 64240 yes
80630 44370 yes
72238 60367 yes
58373 38664 yes
80557 76052 no
52278 04875 no
76346 97487 yes
49128 40034 no
72238 84875 no
92777 04576 yes
70280 74402 no
50968 99591 yes
59102 55192 no
11653 04073 yes
77363 27290 no
34628 94074 no
14508 73767 yes
08492 92777 no
03924 38664 yes
76616 11653 yes
13286 17709 yes
25505 86674 no
56743 68742 no
85788 72238 yes
73418 85734 yes
73196 60495 yes
73767 17423 no
14241 60062 no
88577 80986 no
36028 68742 yes
02613 58957 no
57776 55192 yes
80630 99591 no
17117 25505 yes
76975 04875 no
61308 14829 no
73923 63213 no
78441 76346 no
46469 82733 no
90951 80986 no
09264 68742 yes
57122 80986 no
08688 29735 yes
86674 12109 no
12109 77161 yes
72238 17117 no
17709 71272 no
79208 49128 no
72376 79208 yes
29254 14104 yes
16889 81954 no
71272 86676 yes
63192 80569 no
16115 14241 yes
95203 08492 no
63213 27034 no
59102 38425 yes
17709 78441 no
68494 78984 no
76975 60367 no
64240 29254 yes
08492 11288 yes
29735 85788 no
38295 86676 yes
12109 50968 no
04073 38425 no
60367 80630 yes
70027 11288 yes
84875 43500 yes
25505 03924 no
62285 00877 yes
04073 88577 no
08492 63192 yes
04073 00877 no
04576 86114 no
58373 17423 no
08688 78984 yes
14104 38425 no
28034 76975 yes
60062 78984 no
80630 87959 yes
06426 59268 no
16889 09264 no
85788 50968 no
94292 13286 yes
62285 00877 yes
39355 76346 no
33791 82664 yes
82836 72376 no
17709 04875 yes
94074 39355 no
80557 00877 yes
80557 87959 yes
60367 22186 yes
81954 60495 no
84875 80557 no
09264 16115 yes
68742 04875 no
16115 99591 no
90213 72376 no
58957 73767 yes
64654 73767 no
50968 70280 no
80569 86674 no
80986 95509 no
82733 75420 no
87959 72376 yes
94074 74402 no
99591 17709 yes
38295 84757 no
82836 44370 no
52278 46469 no
03483 38425 no
43500 14241 yes
85734 95203 no
09264 28034 yes
27034 00877 yes
29254 17117 no
14508 85734 no
94292 16889 no
80569 80630 yes
59268 70750 no
61287 59268 yes
80986 03483 yes
77537 29254 no
17117 17117 yes
78441 40216 no
72376 88577 yes
38664 55192 yes
71272 77363 no
50968 74681 no
40034 63192 yes
15277 61036 no
14104 44370 no
46469 76616 yes
90951 09264 yes
15277 17117 no
61287 38425 no
61287 55192 no
92777 08864 yes
16115 72238 no
22840 88577 no
80630 08492 no
74910 06426 yes
50910 14508 no
13286 25505 yes
62285 80557 yes
25505 04073 yes
09264 79920 yes
87959 73418 no
97487 73767 yes
60367 04875 no
14508 55192 no
54815 80986 yes
03483 74910 no
85734 78984 yes
60367 97487 no
81954 08492 yes
72376 56743 yes
60367 14829 no
93202 99591 yes
61036 00877 no
23047 71272 yes
49128 14829 no
03924 67309 yes
78441 61287 no
52278 86114 yes
36028 70280 yes
72376 72376 yes
78441 61308 no
70280 09264 yes
39355 82664 yes
14241 84757 no
97487 22186 no
79208 17423 yes
11653 57776 no
68742 94074 no
90213 15277 yes
88787 36028 yes
61036 57990 yes
85788 71272 no
80569 79920 no
70280 76975 yes
08688 08688 yes
74910 61308 yes
40216 59102 yes
81505 04073 no
46469 93202 yes
14104 00331 yes
73196 12109 no
56743 50968 no
64240 50910 yes
86114 64654 no
77363 78441 yes
88787 82733 no
62285 79208 yes
85734 74910 no
08688 84875 no
90951 77161 yes
95509 96141 yes
28034 88577 no
29254 49128 no
94292 52278 no
61287 81954 no
96141 79920 yes
92777 55192 yes
80986 03924 yes
94292 68494 yes
40216 46469 no
49128 61036 yes
73767 15277 no
40034 12109 yes
70750 50910 yes
78441 60062 no
88577 08688 no
40216 43500 yes
03924 77363 no
46469 14829 no
03924 58957 no
04073 17117 yes
82733 68494 no
70280 08492 yes
68494 97487 yes
16115 13286 no
81954 29735 no
86114 49128 no
95509 13286 no
17709 12109 no
73418 76616 no
08864 03924 yes
58373 23047 yes
57990 90121 no
77161 86114 yes
70280 74402 no
00331 28034 no
52278 76975 yes
61036 80557 no
72238 67309 no
04576 17423 no
25505 43500 no
61287 60062 yes
52278 90121 yes
61287 87959 no
39355 50968 no
14104 59102 no
76346 99591 yes
94074 88577 yes
71272 78984 yes
22840 60367 no
78441 78441 yes
61036 68494 yes
54815 78984 yes
08864 34628 yes
88787 76052 yes
13286 76346 yes
77363 87959 yes
56743 79208 yes
78984 00877 no
80569 80569 yes
72376 43500 no
77363 87959 yes
90951 62285 no
87959 86674 no
80630 60367 yes
25505 06426 no
17709 60062 yes
77161 11288 yes
80557 22186 yes
70280 96141 yes
40034 76052 yes
72376 82733 yes
03924 57990 no
60062 80557 no
54815 63213 no
57776 17117 no
39355 80630 no
54815 76052 no
09264 77537 yes
38664 73508 yes
33791 90213 no
78441 94074 yes
11288 63192 yes
60495 57776 no
74910 59102 yes
End
