Graph
1540 4147
7789 9665
2503 3241
1793 9222
1152 3466
5674 4314
1242 2503
5462 4314
7789 1793
0287 5462
8562 4333
9665 7496
4197 4314
1810 1540
4563 2410
5080 5080
6161 2503
4454 1242
2410 5674
6036 3017
4314 3280
3280 0362
9222 2410
2503 1242
0572 6722
2503 7262
2510 1242
1152 1810
8725 6505
1793 4563
0270 4314
4454 1152
1152 1152
6722 7262
3466 2503
4333 7262
2580 0362
8996 8562
5825 4333
6505 3280
5462 6036
7789 2410
2510 3466
8725 7789
2580 6036
8996 1242
6505 7496
1810 2510
0270 9343
0270 9665
2510 8996
9937 1540
9222 4563
0270 7496
2510 2503
9665 9343
7086 4454
5080 4563
3017 2580
6161 0572
9222 9343
6722 6161
7262 7086
8725 3280
1242 1810
0270 0362
2580 5674
4563 3280
4314 0287
5080 0287
5080 0362
2503 2503
9665 3017
4454 2503
1540 4147
7789 6036
1810 1242
7789 4314
4147 7262
4197 2410
9937 2510
7789 4197
0270 9343
8996 2503
3241 6722
3466 7086
9343 4197
9343 6505
5825 1242
9222 9665
4197 6505
4147 2510
Queries
2410 6505
3017 4563
9343 4454
4454 4314
2580 5674
9222 6722
8996 2410
6036 9222
1540 1540
3017 3466
0270 1242
8725 6036
4197 5825
4333 6505
5825 5674
4563 0287
1540 6722
6505 1152
6505 6722
3017 9937
2503 6161
0572 9343
7086 6161
5825 7789
1242 4563
4314 1242
7262 1540
7496 6036
9665 1152
0572 6722
2410 3241
6036 5825
3280 9222
2510 1152
6161 9343
4563 3017
0362 6161
5080 4197
2510 9665
0362 5462
7789 6161
2410 7789
6036 4197
1152 1152
1152 9222
1242 1540
2410 0287
7262 0572
1152 4454
1152 6161
1810 0362
3280 2410
9937 8996
2410 4147
2580 4454
8562 1810
4197 4454
6161 5825
7262 1793
4333 3017
0362 3241
6722 5674
5462 1540
5462 3466
7496 2503
7789 4333
2580 3280
9343 5825
1793 3241
6722 4333
4147 3280
4454 2580
1152 6161
4147 9665
7262 1242
1152 6505
1540 7789
3241 2410
9222 3466
3241 6161
4333 6036
7262 4563
7262 7086
Thinking
start 7789 src 7789
7789 9665 src 7789
7789 1793 src 7789
7789 2410 src 7789
7789 8725 src 7789
7789 6036 src 7789
7789 4314 src 7789
7789 4197 src 7789
9665 7496 src 7789
9665 0270 src 7789
9665 9343 src 7789
9665 3017 src 7789
9665 9222 src 7789
1793 4563 src 7789
2410 5674 src 7789
8725 6505 src 7789
8725 3280 src 7789
6036 5462 src 7789
6036 2580 src 7789
4314 0287 src 7789
0270 0362 src 7789
4563 5080 src 7789
start 3241 src 3241
3241 2503 src 3241
3241 6722 src 3241
2503 1242 src 3241
2503 6161 src 3241
2503 7262 src 3241
2503 3466 src 3241
2503 2510 src 3241
2503 4454 src 3241
2503 8996 src 3241
6722 0572 src 3241
1242 1810 src 3241
1242 5825 src 3241
7262 4333 src 3241
7262 7086 src 3241
7262 4147 src 3241
3466 1152 src 3241
2510 9937 src 3241
8996 8562 src 3241
1810 1540 src 3241
Output
2410 6505 yes
3017 4563 yes
9343 4454 no
4454 4314 no
2580 5674 yes
9222 6722 no
8996 2410 no
6036 9222 yes
1540 1540 yes
3017 3466 no
0270 1242 no
8725 6036 yes
4197 5825 no
4333 6505 no
5825 5674 no
4563 0287 yes
1540 6722 yes
6505 1152 no
6505 6722 no
3017 9937 no
2503 6161 yes
0572 9343 no
7086 6161 yes
5825 7789 no
1242 4563 no
4314 1242 no
7262 1540 yes
7496 6036 yes
9665 1152 no
0572 6722 yes
2410 3241 no
6036 5825 no
3280 9222 yes
2510 1152 yes
6161 9343 no
4563 3017 yes
0362 6161 no
5080 4197 yes
2510 9665 no
0362 5462 yes
7789 6161 no
2410 7789 yes
6036 4197 yes
1152 1152 yes
1152 9222 no
1242 1540 yes
2410 0287 yes
7262 0572 yes
1152 4454 yes
1152 6161 yes
1810 0362 no
3280 2410 yes
9937 8996 yes
2410 4147 no
2580 4454 no
8562 1810 yes
4197 4454 no
6161 5825 yes
7262 1793 no
4333 3017 no
0362 3241 no
6722 5674 no
5462 1540 no
5462 3466 no
7496 2503 no
7789 4333 no
2580 3280 yes
9343 5825 no
1793 3241 no
6722 4333 yes
4147 3280 no
4454 2580 no
1152 6161 yes
4147 9665 no
7262 1242 yes
1152 6505 no
1540 7789 no
3241 2410 no
9222 3466 no
3241 6161 yes
4333 6036 no
7262 4563 no
7262 7086 yes
End
