Graph
14913 07717
94076 17683
86144 49351
47152 25583
63318 92780
81141 14156
21129 44186
46201 32097
06666 26197
91237 84991
66191 08268
38393 31710
37809 61681
13054 28464
25524 22413
97306 20880
71124 59109
25622 52846
48578 95266
69170 98734
89189 28464
20545 87077
26188 51624
59113 28509
10867 80362
30443 56490
33098 23042
89429 18006
28464 47986
06798 97554
89429 68180
82841 98682
81810 10867
32948 36370
21021 17548
31710 49425
84991 23818
67961 91397
21150 72278
20921 88373
55100 06233
45704 69501
04231 98323
36887 49425
97554 52091
82841 32438
96223 61801
97554 69501
64799 75455
06233 82733
20370 32783
38548 79866
60772 48091
37021 44671
19336 46201
86922 07366
47513 63318
36917 86922
10531 53220
88133 01332
02441 56393
32783 06189
07366 06539
72103 33098
56178 38548
04231 47513
41622 03027
54521 32599
69170 20865
88373 27340
59109 29490
38393 59113
33843 20880
50924 94076
60842 25188
13271 22399
61681 70954
56178 93773
85601 57269
85012 99834
20545 46201
03027 33672
38548 71802
02879 89654
57726 41622
15019 53611
48232 49351
19495 49425
48578 81810
56107 47135
97306 06539
26188 00780
70063 04532
83685 32438
15319 99834
98323 96209
20865 31618
19546 96209
94088 24956
06539 82841
49913 89515
18789 69170
77141 82072
98682 55100
72781 45704
87447 04231
89654 20031
83685 40190
88133 20031
16352 74468
06539 90906
91297 64196
54850 52054
37620 03957
57726 97154
59113 87139
41622 32948
14356 37620
00780 28545
74468 97306
13054 56507
64799 17548
53080 32919
24956 07717
73291 60802
06137 12133
21150 10867
58650 98314
18647 39934
49351 79866
70954 84464
19336 98711
02879 75349
17548 36306
83883 57269
86144 70588
60587 25188
30253 60772
74468 20545
52054 06189
63344 63204
66191 22423
81829 09870
36852 38880
12651 49425
88133 00780
14356 02779
26188 56507
92780 26153
29605 21129
32438 80362
02441 82733
01332 25213
36259 25524
73010 35298
31309 73291
33955 70068
56178 98314
24048 61681
51624 32919
20031 38548
03957 85309
02879 27700
33969 84464
13054 28545
68559 86922
71943 37620
60577 70588
25891 58631
46201 36887
35840 68559
63204 36917
52269 15639
31618 20865
49527 14356
59062 89429
49527 69555
92780 19336
98314 54906
23818 44884
78135 99834
01332 33969
59113 06233
50489 25583
98314 65411
54906 61681
11527 76811
47135 12651
82644 96209
62189 89189
82745 89499
06798 96223
09870 92253
82745 66191
19495 21021
62189 16507
06233 02441
36306 49425
08813 38775
10768 95266
77567 65411
91397 14156
25213 23188
73291 57726
29129 17246
81145 15019
24693 62189
06137 59062
21129 38880
29948 20865
77567 56507
45386 89654
12578 44186
80908 01332
38635 49913
42000 10768
22413 10531
56107 26153
79386 14913
30443 03957
48091 36887
72781 45651
63089 88632
26153 65497
46168 12416
04231 52398
71943 03380
02879 27700
87447 38826
48578 19495
88373 36852
84991 60577
32948 20370
36887 07366
87447 52269
65497 14356
75424 97554
94076 60772
24699 69170
52741 40190
99360 21150
38548 68180
63466 09699
51624 16507
40882 11527
61801 65497
60772 35298
91297 59434
06233 31710
36887 06798
95340 45386
22036 03027
38826 83114
77362 91237
73291 32783
84991 39934
61681 68459
92253 14913
24693 59062
36306 76811
44884 26197
30602 91397
85309 52741
90906 60842
10768 42000
84464 29948
02879 93773
29635 48117
82841 64799
33672 54521
36259 42000
89499 37809
48578 62508
66996 52698
06539 47135
33672 20865
60577 01142
01332 66274
29291 19546
32599 59062
30443 29070
38548 94604
38775 71943
20370 54521
25188 36306
80908 23042
82644 97554
11527 49205
87077 46201
29490 44186
10867 28760
42108 34031
31710 96223
68459 32783
01142 84991
12578 84464
63318 38635
52054 45386
82733 08813
23673 58631
38635 48578
15653 32438
36887 98323
29635 17683
86144 85601
33098 26197
07867 02879
59324 12651
70588 89499
79866 65411
79386 31618
63318 35298
24699 56507
36852 69170
44884 44186
63466 19495
06233 70068
15319 29129
59109 77141
39704 87447
88133 84991
95266 63318
98682 99360
23188 57433
30253 91297
58650 17246
11527 90906
12416 68459
94076 31710
96223 36887
09870 80417
14356 73010
77567 58650
06666 47197
53080 48232
04231 55100
15639 47513
33098 00780
19546 98323
26197 29948
38393 65497
07598 23842
58650 29948
38826 36917
53928 12133
77567 53080
89654 75349
52741 94076
22423 24048
24956 81829
52398 56107
57269 93231
25622 86385
75533 52269
50924 25583
94604 31309
97154 09870
25188 03380
29635 56490
60842 06539
08268 38548
26197 85012
01142 07867
17683 12585
72600 56490
32599 72229
47986 52846
48091 63344
38775 90906
04546 73010
61801 45651
44186 63089
06666 95340
35731 09699
86922 08813
45386 84464
29129 39140
65497 58631
63466 47152
91397 92253
91237 08268
52398 90619
41622 44186
55100 17683
17683 38826
66191 27700
70588 79866
74468 82841
68180 44884
66996 54521
20370 91615
26415 68459
93773 80908
69555 88165
35840 06798
45386 70954
72103 18647
46201 56490
20865 91237
96223 70068
20222 46201
22036 93231
71802 33672
32438 74468
54521 92253
32097 90906
71943 21150
67961 32599
13271 09699
44186 37021
38826 25583
56185 99360
36987 81829
10768 72278
02879 18789
56393 85309
75455 97554
83114 10531
30241 87613
99062 39934
44884 18647
38880 00780
21021 03380
63466 29291
30484 56393
57269 47986
37620 64799
86922 31144
98711 49205
28545 14913
26153 19546
69501 96157
60577 70588
08813 32438
61681 24693
20222 50924
32438 15639
10768 06798
81141 05174
58631 21681
98314 81141
83114 92780
85601 86385
91615 20031
03380 19546
50489 97554
89429 46226
46226 20370
56490 07366
72600 83114
06189 33969
38826 96223
21150 12020
20222 66147
49527 28808
94088 77567
89830 99834
02441 10768
47986 14156
54850 24048
24048 89189
37620 89515
36852 20370
83685 82841
22399 72600
97269 60251
91237 54850
03027 05174
94604 73291
86922 12992
29070 29635
08813 96209
15653 12585
07867 51624
26188 88133
01142 91397
50924 10531
81810 56107
31618 29490
64196 31710
04532 15653
13054 07598
58162 14356
60587 23185
40117 63344
75424 30443
90474 39934
31710 20880
74468 58631
58631 28808
40882 56107
89189 68459
10876 76983
11527 39704
72609 25583
47513 80362
80362 91297
60879 78135
75455 12992
56178 53080
20545 38775
75349 99834
27700 89189
15319 12416
72781 28509
33843 99360
36987 77567
85309 72600
01142 91237
89499 86385
06666 60802
72781 12020
66147 60251
73291 29605
27700 32919
19495 19495
98734 24048
03380 15639
33098 61681
36370 09870
60577 86144
90474 71802
78564 60587
01332 90474
07366 82733
90474 88133
24693 29948
15319 12133
63466 12992
20865 88373
27340 85012
94076 83685
07717 57269
86922 45651
71943 87077
18789 78135
80417 20865
72278 47135
86922 35731
96157 17548
30241 38826
38393 13271
81810 91297
56107 45651
50924 69555
96209 65497
54906 95340
03027 30602
08268 28545
83114 52398
98323 28509
48232 81145
73291 09870
60587 85785
36370 25213
64196 90906
82072 81141
73291 98734
60879 84991
06539 70063
63089 76983
94076 60587
01332 73414
60587 02779
77141 79386
12992 36887
15319 03027
29129 69170
80362 21150
97554 23185
24956 24699
38880 90474
38393 59113
79386 07717
36852 56178
33098 17246
26153 60587
82745 81141
20880 40882
25622 47986
27700 62189
36370 52054
37620 98682
61681 54850
45704 47152
83114 11527
07366 04532
20865 66191
36370 49351
95266 85309
23673 87447
26415 61681
71943 29070
70068 91297
36887 63466
59109 63089
88133 86144
97554 53220
82072 57269
13054 53611
45651 12651
56570 15653
48647 73010
52741 53220
60251 59434
64196 80362
25188 88165
50924 52091
78135 54850
38635 82841
60842 36917
31618 06189
23842 20865
36887 38635
26188 76983
12585 16352
32783 23842
77567 31309
54906 06189
35731 15639
20031 23188
23842 82745
80417 39140
75424 56393
88165 35731
59113 75455
59062 77567
07717 84991
32599 59109
53220 71943
23818 08268
94088 33969
57269 77362
13054 02879
60577 12416
38775 68559
26197 10876
60879 53928
63344 98682
68459 33098
20370 69170
44671 07867
48578 82644
71124 28545
28545 12578
52398 56570
47986 12133
54906 94604
29948 84464
69501 28760
31144 47513
66996 09870
25583 36917
72781 90619
71943 63204
05174 60577
35840 42108
81829 29129
33843 53220
60251 20880
59109 75349
34031 58631
97154 57269
32783 29605
23185 60251
94076 37620
69170 37809
10867 68559
56490 36887
25188 30484
23188 37021
10768 49425
38880 12416
32948 77141
72278 48647
52398 50489
29948 18647
80908 77567
20921 66274
69170 06666
66147 48647
41622 18006
26188 25213
68180 31618
48091 73010
73414 01332
03380 97554
14156 32599
62508 98682
23188 89654
37021 17246
70954 75349
52398 56393
99834 01332
73010 40117
12992 60587
21021 49205
03380 56107
13054 54521
63344 33955
39140 44186
94076 85309
95266 46747
37620 87613
77567 25622
35840 45704
70068 23673
60587 97269
99834 78135
20921 41622
33969 02879
48647 58631
76983 32919
14356 10768
89189 80908
72278 62508
13054 29948
88165 36259
37809 89499
52269 45651
16507 88632
69555 32438
99784 79866
71802 85012
12020 95266
98682 04231
33969 32599
56178 75349
35840 96209
72609 09699
12133 77567
49527 25188
61801 10531
87447 12020
33098 80908
85785 50489
96209 42108
59324 63466
51624 16507
68180 39140
08268 62189
25524 38393
28574 77362
60842 96209
63466 50924
60587 15639
59434 56570
72278 70068
36370 25213
98682 20545
71802 66274
33843 40882
53611 02879
31710 30241
70954 47197
52091 45651
72229 93773
38393 96157
99784 60802
68180 23842
42000 22399
06189 93231
46100 46168
28464 38880
76811 38393
59113 82644
82733 36259
80362 06798
15639 60842
25583 11527
32438 36306
28464 93231
92780 46201
71943 02441
71124 66191
12992 39704
94088 86385
12585 10768
20921 47197
62508 47152
23042 53928
90906 98323
66274 29605
93231 16507
35298 81810
31144 87077
90906 09699
15019 67961
75455 56393
13054 38548
35731 33955
92780 38393
91237 81145
31710 63204
30253 97554
76811 60842
10768 19336
45386 97154
99834 94088
89515 36259
77567 79386
46100 24956
25188 04546
47152 38635
13271 33843
48578 03380
93231 24699
58162 11527
45704 38393
91397 60577
32919 23818
72600 56107
49205 55100
01332 07867
47197 52846
69501 59324
20222 16352
01142 18006
20880 63318
57269 05174
24956 77567
31710 19546
89429 99784
64196 60772
20865 66274
87077 75533
10768 97306
20880 96209
15653 58162
58631 73010
99360 45651
63089 53928
28464 54521
99062 33969
81829 47197
10531 10867
42000 91297
70588 21129
22399 96157
12651 60251
71943 60587
03027 44671
98682 10867
24693 23042
09699 17683
46100 24048
30602 37021
59062 94604
26415 79866
50489 63466
37021 06189
60577 24048
64196 42108
35840 28760
99062 88133
61801 87613
62189 44884
85012 29490
98734 66996
60802 05174
56185 40882
16507 80417
98682 73010
88373 68459
68559 58162
38880 06189
95266 48647
75349 36852
01332 91237
25891 49527
77362 44884
99784 45386
99360 38775
15639 87613
58631 15653
97154 60577
72600 13271
49527 30484
23818 32948
07598 75349
44671 78135
23042 03027
88632 89499
91397 91237
01332 44186
82841 63318
38635 22413
33955 89515
52698 66191
40117 83685
89830 15019
60802 70588
62189 48232
07366 48117
70068 06233
12133 26188
Queries
37021 72103
74468 89515
98323 30241
21021 72609
64799 94088
10531 72229
89515 56107
38775 36370
80417 25583
65411 46201
60879 17548
86385 03957
44186 08813
07717 96223
98314 91237
45386 13054
63466 68559
40190 07598
60587 65497
84464 29070
69501 28509
90906 75455
08813 87447
15019 04231
48578 42108
53928 30253
53220 35298
44884 52741
28545 31618
09699 29490
28760 30253
32097 30443
28509 28808
16507 36852
24699 31618
16507 18789
29129 53220
60577 18789
95340 68559
15019 86922
09699 33098
96157 82745
31618 92253
21681 29635
89429 45704
77362 48117
09870 63204
32948 47986
84991 23842
97306 28509
66191 07867
63318 93773
35298 40117
96157 16507
82733 04532
29070 49527
22413 56507
22413 42108
40117 91397
48232 46100
89830 56507
14156 19495
26197 24956
91237 88133
32097 12992
01142 17548
49351 30241
41622 06666
02779 00780
20921 17548
33843 36987
01332 46100
56393 33098
70068 33098
60802 32783
59434 30602
87447 38775
72229 17683
07366 91297
77567 17548
20921 73414
18647 47986
23818 28509
75533 12416
85012 72103
44884 76983
08813 99784
62508 56507
13054 42000
78564 50489
52846 08268
16507 37021
33098 63318
29948 88133
65411 01332
07366 15019
30443 53928
39140 44186
60772 68559
30253 10867
39934 48578
29635 07366
14913 52846
82841 13054
76983 47197
25188 48232
21150 26197
60772 38826
89189 18789
49351 23042
15639 77567
04532 92780
57726 10867
63089 52269
33098 82072
06539 31144
33969 90906
49913 31618
03380 34031
79386 21021
74468 29605
21681 97306
03027 91237
70588 85785
25213 35840
77141 96209
06233 68459
25524 36887
68559 31710
22413 75424
07598 93231
44884 88373
29948 27340
59109 88373
49913 80417
00780 39140
39140 79866
52269 72781
38635 60577
26197 26153
90474 74468
69501 21150
13054 31618
28760 62189
42108 57433
58650 71124
32948 20921
97306 56178
63466 32097
94076 69501
26415 72229
80908 32097
89499 60772
99784 87139
49351 26188
56178 72229
52269 82745
58631 36987
40190 93773
40882 06233
28509 82841
65497 97269
47986 48091
44671 61801
57433 85785
44884 22423
59324 80908
01332 66996
22413 51624
63204 88373
57433 89830
91615 48117
82644 56393
63204 29490
30443 15639
73414 23042
17683 46100
27700 56178
60577 08813
12992 12020
81810 70588
75455 85309
84991 72781
80362 14913
99834 47135
25524 49205
30253 14156
77567 13054
24693 78135
22423 26415
70063 20921
33672 02879
66191 81141
79866 94076
52091 60842
44671 38393
77567 56393
62508 21129
25622 39140
30241 94088
88632 89189
09870 29490
36852 23042
60802 23185
42000 72103
85601 31618
69501 60842
02779 33969
61681 87077
77567 97554
09870 23842
50924 08268
86922 57269
93773 12585
37021 07366
97306 48091
86144 99834
75533 25524
59434 70954
75533 84991
67961 46747
17548 52398
83114 67961
45651 46100
47135 37809
03027 53080
97154 59434
87077 16507
02441 59324
06137 51624
15019 39140
69170 57726
53220 15019
90619 56185
48232 05174
87139 39140
62508 49351
19336 22399
28509 65411
32948 04231
18647 10876
12585 32097
10768 21129
46201 03380
81145 74468
52846 55100
97154 48117
57433 19495
58631 79866
15019 14356
66996 30241
38393 46747
37809 60772
73291 59324
47986 59113
37809 29948
97554 36370
68180 89189
81141 32599
23842 62189
65411 49351
88373 52269
28509 20370
99834 49351
30602 29948
79866 91397
63318 75533
07867 68559
04231 10531
75349 63089
78564 36852
14356 83685
70954 84464
76983 64799
76983 61681
49351 56393
99062 01332
42108 75455
26153 58650
97269 66274
49425 75424
59113 04532
84464 70588
91615 59324
30443 97269
64196 32599
70588 54521
72609 11527
15319 19546
56185 66274
96223 20545
52269 35840
07598 34031
45704 56185
42000 14356
12416 53220
68180 20880
04532 26153
77567 91615
17548 71124
54850 89429
72609 97154
32783 94076
03380 05174
40190 79386
96157 83883
24956 48647
52741 28545
90474 37809
30602 25583
36887 97306
21129 83685
95340 48578
63204 64196
20222 59062
25891 26415
21129 85309
21681 12133
66274 51624
83685 60772
83883 33098
26188 60842
06233 47197
80417 77141
39140 84991
94076 26188
99834 06189
89429 14356
30241 59109
46100 48117
66147 10531
12651 14913
91615 36987
77362 26153
53611 98323
56570 77567
71802 71943
97306 68180
48578 56185
75349 51624
06798 52698
15319 39140
35298 40190
70954 23842
60587 07598
05174 76983
04231 39704
23842 49425
41622 71124
06666 79866
26197 66147
09870 97269
25524 99360
28509 83883
61681 85012
59434 38393
77362 73414
47197 72278
99784 59324
80908 25622
40190 47986
80362 58162
81145 12992
75349 58631
36370 57269
14356 20865
31710 66996
23188 25622
38775 01332
Thinking
start 06798 src 06798
06798 97554 src 06798
06798 96223 src 06798
06798 36887 src 06798
06798 35840 src 06798
06798 10768 src 06798
06798 80362 src 06798
97554 52091 src 06798
97554 69501 src 06798
97554 75424 src 06798
97554 82644 src 06798
97554 75455 src 06798
97554 50489 src 06798
97554 23185 src 06798
97554 53220 src 06798
97554 03380 src 06798
97554 30253 src 06798
96223 61801 src 06798
96223 31710 src 06798
96223 70068 src 06798
96223 38826 src 06798
36887 49425 src 06798
36887 46201 src 06798
36887 48091 src 06798
36887 07366 src 06798
36887 98323 src 06798
36887 12992 src 06798
36887 63466 src 06798
36887 38635 src 06798
36887 56490 src 06798
35840 68559 src 06798
35840 42108 src 06798
35840 45704 src 06798
35840 96209 src 06798
35840 28760 src 06798
10768 95266 src 06798
10768 42000 src 06798
10768 72278 src 06798
10768 02441 src 06798
10768 14356 src 06798
10768 12585 src 06798
10768 19336 src 06798
10768 97306 src 06798
80362 10867 src 06798
80362 32438 src 06798
80362 47513 src 06798
80362 91297 src 06798
80362 21150 src 06798
80362 64196 src 06798
52091 50924 src 06798
52091 45651 src 06798
69501 96157 src 06798
69501 59324 src 06798
75424 30443 src 06798
75424 56393 src 06798
82644 48578 src 06798
82644 59113 src 06798
75455 64799 src 06798
50489 25583 src 06798
50489 52398 src 06798
50489 85785 src 06798
23185 60587 src 06798
23185 60251 src 06798
53220 10531 src 06798
53220 52741 src 06798
53220 71943 src 06798
53220 33843 src 06798
03380 25188 src 06798
03380 21021 src 06798
03380 19546 src 06798
03380 15639 src 06798
03380 56107 src 06798
30253 60772 src 06798
61801 65497 src 06798
61801 87613 src 06798
31710 38393 src 06798
31710 06233 src 06798
31710 94076 src 06798
31710 20880 src 06798
31710 30241 src 06798
31710 63204 src 06798
70068 33955 src 06798
70068 23673 src 06798
38826 87447 src 06798
38826 83114 src 06798
38826 36917 src 06798
38826 17683 src 06798
49425 19495 src 06798
49425 12651 src 06798
49425 36306 src 06798
46201 32097 src 06798
46201 20545 src 06798
46201 87077 src 06798
46201 20222 src 06798
46201 92780 src 06798
48091 63344 src 06798
48091 73010 src 06798
07366 86922 src 06798
07366 06539 src 06798
07366 82733 src 06798
07366 04532 src 06798
07366 48117 src 06798
98323 04231 src 06798
98323 28509 src 06798
98323 90906 src 06798
12992 39704 src 06798
63466 09699 src 06798
63466 47152 src 06798
63466 29291 src 06798
38635 49913 src 06798
38635 63318 src 06798
38635 82841 src 06798
38635 22413 src 06798
56490 29635 src 06798
56490 72600 src 06798
68559 38775 src 06798
68559 58162 src 06798
42108 34031 src 06798
45704 72781 src 06798
96209 08813 src 06798
96209 60842 src 06798
95266 85309 src 06798
95266 46747 src 06798
95266 12020 src 06798
95266 48647 src 06798
42000 36259 src 06798
42000 22399 src 06798
72278 47135 src 06798
72278 62508 src 06798
14356 37620 src 06798
14356 02779 src 06798
14356 49527 src 06798
12585 15653 src 06798
12585 16352 src 06798
19336 98711 src 06798
97306 74468 src 06798
10867 81810 src 06798
10867 98682 src 06798
32438 83685 src 06798
32438 69555 src 06798
47513 31144 src 06798
91297 59434 src 06798
21150 99360 src 06798
45651 52269 src 06798
96157 17548 src 06798
30443 03957 src 06798
30443 29070 src 06798
56393 30484 src 06798
59113 87139 src 06798
25583 72609 src 06798
25583 11527 src 06798
52398 90619 src 06798
52398 56570 src 06798
60587 78564 src 06798
60587 26153 src 06798
60587 97269 src 06798
60251 66147 src 06798
52741 40190 src 06798
33843 40882 src 06798
33843 13271 src 06798
25188 88165 src 06798
25188 04546 src 06798
21021 49205 src 06798
15639 35731 src 06798
60772 35298 src 06798
65497 58631 src 06798
38393 25524 src 06798
38393 76811 src 06798
06233 55100 src 06798
33955 89515 src 06798
87077 75533 src 06798
63344 40117 src 06798
06539 70063 src 06798
49527 28808 src 06798
49527 25891 src 06798
99360 56185 src 06798
58631 21681 src 06798
start 01332 src 01332
01332 88133 src 01332
01332 25213 src 01332
01332 33969 src 01332
01332 80908 src 01332
01332 66274 src 01332
01332 90474 src 01332
01332 73414 src 01332
01332 99834 src 01332
01332 07867 src 01332
01332 91237 src 01332
01332 44186 src 01332
88133 20031 src 01332
88133 00780 src 01332
88133 84991 src 01332
88133 26188 src 01332
88133 86144 src 01332
88133 99062 src 01332
25213 23188 src 01332
25213 36370 src 01332
33969 84464 src 01332
33969 06189 src 01332
33969 94088 src 01332
33969 02879 src 01332
33969 32599 src 01332
80908 23042 src 01332
80908 93773 src 01332
80908 77567 src 01332
80908 89189 src 01332
80908 33098 src 01332
66274 20921 src 01332
66274 71802 src 01332
66274 29605 src 01332
66274 20865 src 01332
90474 39934 src 01332
90474 38880 src 01332
99834 85012 src 01332
99834 15319 src 01332
99834 78135 src 01332
99834 89830 src 01332
99834 75349 src 01332
07867 01142 src 01332
07867 51624 src 01332
07867 44671 src 01332
91237 77362 src 01332
91237 08268 src 01332
91237 54850 src 01332
91237 81145 src 01332
91237 91397 src 01332
44186 21129 src 01332
44186 12578 src 01332
44186 29490 src 01332
44186 44884 src 01332
44186 63089 src 01332
44186 41622 src 01332
44186 37021 src 01332
44186 39140 src 01332
20031 89654 src 01332
20031 38548 src 01332
20031 91615 src 01332
00780 28545 src 01332
84991 23818 src 01332
84991 60577 src 01332
84991 60879 src 01332
84991 07717 src 01332
26188 56507 src 01332
26188 76983 src 01332
26188 12133 src 01332
86144 49351 src 01332
86144 70588 src 01332
86144 85601 src 01332
23188 57433 src 01332
36370 32948 src 01332
36370 09870 src 01332
36370 52054 src 01332
84464 70954 src 01332
84464 29948 src 01332
84464 45386 src 01332
06189 32783 src 01332
06189 31618 src 01332
06189 54906 src 01332
06189 93231 src 01332
94088 24956 src 01332
94088 86385 src 01332
02879 27700 src 01332
02879 18789 src 01332
02879 13054 src 01332
02879 53611 src 01332
32599 54521 src 01332
32599 59062 src 01332
32599 72229 src 01332
32599 67961 src 01332
32599 59109 src 01332
32599 14156 src 01332
23042 53928 src 01332
23042 24693 src 01332
23042 03027 src 01332
93773 56178 src 01332
77567 65411 src 01332
77567 58650 src 01332
77567 53080 src 01332
77567 36987 src 01332
77567 31309 src 01332
77567 25622 src 01332
77567 79386 src 01332
89189 28464 src 01332
89189 62189 src 01332
89189 24048 src 01332
89189 68459 src 01332
33098 72103 src 01332
33098 26197 src 01332
33098 61681 src 01332
33098 17246 src 01332
20921 88373 src 01332
20921 47197 src 01332
71802 33672 src 01332
29605 73291 src 01332
20865 69170 src 01332
20865 80417 src 01332
20865 66191 src 01332
20865 23842 src 01332
39934 18647 src 01332
38880 36852 src 01332
38880 12416 src 01332
85012 27340 src 01332
15319 29129 src 01332
89830 15019 src 01332
75349 07598 src 01332
01142 18006 src 01332
51624 32919 src 01332
51624 16507 src 01332
77362 57269 src 01332
77362 28574 src 01332
81145 48232 src 01332
91397 30602 src 01332
91397 92253 src 01332
44884 68180 src 01332
63089 88632 src 01332
41622 57726 src 01332
38548 79866 src 01332
38548 94604 src 01332
91615 20370 src 01332
28545 14913 src 01332
28545 71124 src 01332
60577 05174 src 01332
60577 97154 src 01332
56507 24699 src 01332
76983 10876 src 01332
12133 06137 src 01332
12133 47986 src 01332
70588 89499 src 01332
70588 60802 src 01332
32948 77141 src 01332
09870 81829 src 01332
09870 66996 src 01332
45386 95340 src 01332
45386 99784 src 01332
54906 98314 src 01332
93231 22036 src 01332
24956 46100 src 01332
59062 89429 src 01332
14156 81141 src 01332
25622 52846 src 01332
24048 22423 src 01332
24048 98734 src 01332
68459 26415 src 01332
26197 06666 src 01332
61681 37809 src 01332
66191 82745 src 01332
66191 52698 src 01332
12416 46168 src 01332
57269 83883 src 01332
57269 82072 src 01332
20370 46226 src 01332
Output
37021 72103 yes
74468 89515 yes
98323 30241 yes
21021 72609 yes
64799 94088 no
10531 72229 no
89515 56107 yes
38775 36370 no
80417 25583 no
65411 46201 no
60879 17548 no
86385 03957 no
44186 08813 no
07717 96223 no
98314 91237 yes
45386 13054 yes
63466 68559 yes
40190 07598 no
60587 65497 yes
84464 29070 no
69501 28509 yes
90906 75455 yes
08813 87447 yes
15019 04231 no
48578 42108 yes
53928 30253 no
53220 35298 yes
44884 52741 no
28545 31618 yes
09699 29490 no
28760 30253 yes
32097 30443 yes
28509 28808 yes
16507 36852 yes
24699 31618 yes
16507 18789 yes
29129 53220 no
60577 18789 yes
95340 68559 no
15019 86922 no
09699 33098 no
96157 82745 no
31618 92253 yes
21681 29635 yes
89429 45704 no
77362 48117 no
09870 63204 no
32948 47986 yes
84991 23842 yes
97306 28509 yes
66191 07867 yes
63318 93773 no
35298 40117 yes
96157 16507 no
82733 04532 yes
29070 49527 yes
22413 56507 no
22413 42108 yes
40117 91397 no
48232 46100 yes
89830 56507 yes
14156 19495 no
26197 24956 yes
91237 88133 yes
32097 12992 yes
01142 17548 no
49351 30241 no
41622 06666 yes
02779 00780 no
20921 17548 no
33843 36987 no
01332 46100 yes
56393 33098 no
70068 33098 no
60802 32783 yes
59434 30602 no
87447 38775 yes
72229 17683 no
07366 91297 yes
77567 17548 no
20921 73414 yes
18647 47986 yes
23818 28509 no
75533 12416 no
85012 72103 yes
44884 76983 yes
08813 99784 no
62508 56507 no
13054 42000 no
78564 50489 yes
52846 08268 yes
16507 37021 yes
33098 63318 no
29948 88133 yes
65411 01332 yes
07366 15019 no
30443 53928 no
39140 44186 yes
60772 68559 yes
30253 10867 yes
39934 48578 no
29635 07366 yes
14913 52846 yes
82841 13054 no
76983 47197 yes
25188 48232 no
21150 26197 no
60772 38826 yes
89189 18789 yes
49351 23042 yes
15639 77567 no
04532 92780 yes
57726 10867 no
63089 52269 no
33098 82072 yes
06539 31144 yes
33969 90906 no
49913 31618 no
03380 34031 yes
79386 21021 no
74468 29605 no
21681 97306 yes
03027 91237 yes
70588 85785 no
25213 35840 no
77141 96209 no
06233 68459 no
25524 36887 yes
68559 31710 yes
22413 75424 yes
07598 93231 yes
44884 88373 yes
29948 27340 yes
59109 88373 yes
49913 80417 no
00780 39140 yes
39140 79866 yes
52269 72781 yes
38635 60577 no
26197 26153 no
90474 74468 no
69501 21150 yes
13054 31618 yes
28760 62189 no
42108 57433 no
58650 71124 yes
32948 20921 yes
97306 56178 no
63466 32097 yes
94076 69501 yes
26415 72229 yes
80908 32097 no
89499 60772 no
99784 87139 no
49351 26188 yes
56178 72229 yes
52269 82745 no
58631 36987 no
40190 93773 no
40882 06233 yes
28509 82841 yes
65497 97269 yes
47986 48091 no
44671 61801 no
57433 85785 no
44884 22423 yes
59324 80908 no
01332 66996 yes
22413 51624 no
63204 88373 no
57433 89830 yes
91615 48117 no
82644 56393 yes
63204 29490 no
30443 15639 yes
73414 23042 yes
17683 46100 no
27700 56178 yes
60577 08813 no
12992 12020 yes
81810 70588 no
75455 85309 yes
84991 72781 no
80362 14913 no
99834 47135 no
25524 49205 yes
30253 14156 no
77567 13054 yes
24693 78135 yes
22423 26415 yes
70063 20921 no
33672 02879 yes
66191 81141 yes
79866 94076 no
52091 60842 yes
44671 38393 no
77567 56393 no
62508 21129 no
25622 39140 yes
30241 94088 no
88632 89189 yes
09870 29490 yes
36852 23042 yes
60802 23185 no
42000 72103 no
85601 31618 yes
69501 60842 yes
02779 33969 no
61681 87077 no
77567 97554 no
09870 23842 yes
50924 08268 no
86922 57269 no
93773 12585 no
37021 07366 no
97306 48091 yes
86144 99834 yes
75533 25524 yes
59434 70954 no
75533 84991 no
67961 46747 no
17548 52398 yes
83114 67961 no
45651 46100 no
47135 37809 no
03027 53080 yes
97154 59434 no
87077 16507 no
02441 59324 yes
06137 51624 yes
15019 39140 yes
69170 57726 yes
53220 15019 no
90619 56185 yes
48232 05174 yes
87139 39140 no
62508 49351 no
19336 22399 yes
28509 65411 no
32948 04231 no
18647 10876 yes
12585 32097 yes
10768 21129 no
46201 03380 yes
81145 74468 no
52846 55100 no
97154 48117 no
57433 19495 no
58631 79866 no
15019 14356 no
66996 30241 no
38393 46747 yes
37809 60772 no
73291 59324 no
47986 59113 no
37809 29948 yes
97554 36370 no
68180 89189 yes
81141 32599 yes
23842 62189 yes
65411 49351 yes
88373 52269 no
28509 20370 no
99834 49351 yes
30602 29948 yes
79866 91397 yes
63318 75533 yes
07867 68559 no
04231 10531 yes
75349 63089 yes
78564 36852 no
14356 83685 yes
70954 84464 yes
76983 64799 no
76983 61681 yes
49351 56393 no
99062 01332 yes
42108 75455 yes
26153 58650 no
97269 66274 no
49425 75424 yes
59113 04532 yes
84464 70588 yes
91615 59324 no
30443 97269 yes
64196 32599 no
70588 54521 yes
72609 11527 yes
15319 19546 no
56185 66274 no
96223 20545 yes
52269 35840 yes
07598 34031 no
45704 56185 yes
42000 14356 yes
12416 53220 no
68180 20880 no
04532 26153 yes
77567 91615 yes
17548 71124 no
54850 89429 yes
72609 97154 no
32783 94076 no
03380 05174 no
40190 79386 no
96157 83883 no
24956 48647 no
52741 28545 no
90474 37809 yes
30602 25583 no
36887 97306 yes
21129 83685 no
95340 48578 no
63204 64196 yes
20222 59062 no
25891 26415 no
21129 85309 no
21681 12133 no
66274 51624 yes
83685 60772 yes
83883 33098 yes
26188 60842 no
06233 47197 no
80417 77141 yes
39140 84991 yes
94076 26188 no
99834 06189 yes
89429 14356 no
30241 59109 no
46100 48117 no
66147 10531 yes
12651 14913 no
91615 36987 yes
77362 26153 no
53611 98323 no
56570 77567 no
71802 71943 no
97306 68180 no
48578 56185 yes
75349 51624 yes
06798 52698 no
15319 39140 yes
35298 40190 yes
70954 23842 yes
60587 07598 no
05174 76983 yes
04231 39704 yes
23842 49425 no
41622 71124 yes
06666 79866 yes
26197 66147 no
09870 97269 no
25524 99360 yes
28509 83883 no
61681 85012 yes
59434 38393 yes
77362 73414 yes
47197 72278 no
99784 59324 no
80908 25622 yes
40190 47986 no
80362 58162 yes
81145 12992 no
75349 58631 no
36370 57269 yes
14356 20865 no
31710 66996 no
23188 25622 yes
38775 01332 no
End
