Graph
20914 33822
52701 26136
42469 13357
10638 63130
64153 96251
59695 21436
06152 28468
59367 30861
24170 88951
76449 07791
68801 48061
18566 89847
42722 03262
00710 00665
14812 03945
23581 68419
19169 00526
47746 47690
73082 44069
44786 46539
30751 67558
90501 65908
56722 17453
33822 12167
12167 33822
68323 90214
23164 36381
76564 26592
30861 76564
55018 89847
97827 73082
85663 19370
44069 17264
15928 17235
95562 22880
30861 68589
45666 78962
56722 71794
59453 03478
50310 51333
50235 71761
37359 95751
91761 59228
89552 46539
96952 83703
18892 03649
53337 46308
51586 27113
03478 97006
76449 87480
26136 00665
25446 59228
44069 32885
63950 61848
81892 85663
69098 09531
81264 68884
46539 18662
00146 36812
39317 00665
32907 33822
28468 70537
14053 27113
15928 13405
97166 20914
23581 71794
29105 21518
40366 73082
51849 69362
03040 31831
32584 36911
33261 67558
24700 39317
59228 36381
15928 48061
03040 62795
95192 49923
40366 65908
92919 28716
76623 77809
88379 96883
65509 32878
03478 76115
15928 52292
19169 03649
68419 16091
58440 66899
00146 84637
71075 03601
16091 62795
98684 98655
71761 43972
81488 77548
37111 42722
29735 76115
20914 67954
00710 97493
12368 27113
74611 15823
84275 75216
93781 46308
87588 30611
89220 91761
32907 68660
36000 59747
14053 54653
95562 89847
29735 45144
89779 96883
64801 65908
47251 65509
40556 73851
88951 03478
21039 34908
96251 28681
13357 87072
27546 90214
12049 62540
30751 39317
88994 63130
07791 14812
19694 43597
75192 81488
26983 76797
00517 37396
34592 16091
58043 97166
09153 14053
07791 93834
76564 25012
96251 54110
06270 71271
49231 18892
17264 40366
56722 17453
67558 12049
68389 63958
69949 37359
87480 50310
10638 59453
05064 69098
28632 77360
54110 77809
89847 48354
85570 24955
23164 31440
17235 95192
15037 76449
86411 16091
99300 55018
83222 52701
31831 31450
89171 34592
79504 16349
13405 32584
15823 47570
77548 15911
46861 33879
88379 90501
30611 10638
85812 98655
48360 24170
00851 52292
78962 99589
36072 03040
99589 66899
27546 11050
53124 98326
90214 68801
63804 93781
31440 31503
20325 39317
64801 91179
29105 51333
24170 47251
43972 00850
50235 43597
12167 05064
60944 68205
31521 00526
56860 85812
15928 30751
31521 86356
12051 34908
19984 23581
75722 99461
63950 85838
28632 36381
40366 43597
29233 95192
70537 28716
97493 68205
24955 96952
30611 00490
43513 79504
00710 67558
67582 68884
21436 58138
62787 87480
22880 96251
51735 61170
03601 68205
24788 30700
16349 52701
93853 76564
38895 77809
05064 01192
07791 17264
06152 33822
65550 00146
41819 59747
47251 14053
64153 92919
89306 75192
03601 83222
65908 19370
63238 19169
24700 03601
68276 29119
85443 61848
89847 93781
24788 32885
28716 89847
95751 81679
59453 59228
33879 52701
73082 15911
36812 62540
71863 96952
87588 06270
84857 43597
95562 37396
10059 90250
99300 69098
11050 97493
12051 59238
19169 36955
62787 34382
29735 59453
37359 43972
27113 56860
24170 45144
68476 06142
03040 29105
27113 42987
63950 37111
19370 03040
07791 95751
52701 21761
99589 18566
89220 12051
00490 85570
98479 01192
69949 89306
34592 88379
28716 06152
74611 75216
58310 65509
23099 23164
03601 46861
67582 00850
84637 17235
54653 73593
71271 76564
36955 89171
71075 65550
55498 68801
64565 68276
97827 67582
81679 19169
02611 68801
25538 48784
84032 13357
21039 21039
75192 97827
78962 66899
24700 59747
87072 00710
09531 20914
36072 49231
68276 08132
65550 62540
68389 98809
84857 62787
28468 68660
68589 14053
15928 11050
70331 36812
56860 89552
21518 03909
89779 80722
51849 95562
26983 69362
80722 77548
06152 70537
31322 65714
13357 36000
90250 98809
99791 88535
53124 63958
69098 93781
42987 98326
65550 17235
92919 70537
96251 01811
17453 03649
31440 87588
18566 06152
68205 90214
19169 43972
80476 54110
33261 13357
63130 32878
00851 68323
86626 81679
83703 98684
03601 46861
41004 36860
20914 47570
32907 70537
71075 00665
73593 51586
04616 68476
73531 75216
64565 73531
55018 15823
42469 52701
99589 28716
98326 58138
22880 64153
18566 68276
71075 17235
76797 74611
37111 98638
60487 10638
76449 93834
71461 68389
50310 84857
45144 05692
87072 71075
97166 85838
48784 64540
24955 75722
19984 63238
36000 31055
01192 78962
12368 34908
12049 00710
31322 65714
36812 84032
96952 58138
01811 01192
15823 85838
59228 80947
00710 41802
18662 47746
16091 36072
03478 54653
06959 12368
82647 61170
55498 36000
36812 32584
47570 32907
63950 29119
73829 04616
39317 71075
00517 41883
85663 29296
32482 25012
89847 69098
28468 63804
86411 81966
36911 17235
49231 81264
24061 98809
28632 23099
64801 19169
71075 67558
37359 36955
92919 88535
18892 77472
90214 79504
17235 26136
53337 28468
38895 53337
32281 62540
68476 68884
83222 24700
95192 24700
53337 88535
47746 54653
96952 54484
84857 19169
47251 06959
36911 68323
28632 44786
60944 17235
24170 98809
19694 89171
69362 09531
32281 97493
89779 81892
00710 29233
63950 99791
51819 59747
40981 47746
60443 69098
29409 80722
01811 12167
63950 84275
03040 36955
68589 02235
27546 84637
73851 84952
67582 11832
68801 83222
03909 89306
40556 71794
40556 90501
71075 24700
18566 28468
54110 99265
30861 51586
59238 02235
00779 68323
46539 63130
93853 91835
81966 73829
56722 75192
51190 87072
33261 36860
28632 59695
08132 54110
56722 00850
01192 76797
95562 03262
13405 52292
41819 51819
90214 41004
48360 77360
32281 12049
41004 52292
09153 46539
48360 58138
29735 82647
70331 59747
46861 41101
11050 16349
84829 41883
50206 46539
36072 84952
18892 29738
03478 02802
21039 91835
67558 62540
65129 70331
16349 42665
73829 86411
51819 43513
73829 81679
76115 08665
49231 59111
96952 71271
34688 34592
80476 26983
32907 66899
61848 18566
25538 50310
76797 10301
66899 84829
73851 81679
98684 42987
31503 89552
13405 68801
03601 84637
06270 51586
32878 42987
58043 84829
29409 91179
91030 17453
55018 32907
63130 50206
60487 98326
37111 95562
47746 93853
21039 03478
17264 86626
91030 80722
12049 41101
51735 10059
95192 87072
76564 54653
34592 34382
02802 71863
32878 12368
76564 54484
84829 68660
51819 36812
13357 90214
70331 00146
07791 50310
84637 68801
76449 69949
84829 70537
31503 85570
42665 15928
51819 00665
03945 17453
00851 70331
64801 73829
79504 24700
65550 52701
84829 97166
48360 25012
32482 80947
24788 14812
89220 08665
51735 12368
28632 47690
68884 19370
52701 00710
84829 37396
65509 91761
18892 68419
24170 10059
76564 24955
77360 88994
03478 30861
99791 45666
68589 00490
40366 68884
89171 19169
41004 13405
04616 88379
36072 06142
32584 33879
68419 81892
58440 93781
86356 62795
10638 80947
77809 45666
19370 81264
68323 97169
65550 12049
10638 96952
39317 00779
65129 83222
68589 98809
33023 61848
28681 69362
59695 90250
46308 10301
41819 41819
88535 55018
88994 90250
06152 66899
85394 32907
86411 88379
95562 98479
20325 52292
14053 89552
99265 96251
85812 53124
90501 68884
85838 29119
87072 00665
02611 42665
46861 90214
24170 02235
44069 86411
33261 12049
16091 77472
98638 09531
41883 48354
32878 98809
77360 58138
98326 46539
64153 37396
15911 34382
06270 27680
50206 29735
19984 89779
19984 90501
14812 34592
69098 05064
33822 63950
36072 29296
99461 28898
11050 36860
10059 48360
17235 26136
01192 95562
09153 31503
93781 06152
28632 85812
29119 85838
10638 54484
63804 60443
89171 50310
65509 56860
81892 91179
23581 86626
34382 17264
46539 68389
75722 61170
73531 22880
60944 39317
24788 07791
00710 36000
83222 20325
28468 64153
43597 43972
18566 09531
25446 56860
90501 75192
49923 36812
06270 89552
61848 55833
81488 14812
42469 03601
33879 36812
28681 28716
11050 36911
00517 31322
52701 33879
99461 36381
04616 03945
42665 67558
98479 26983
59367 63130
28468 68660
02802 25012
18662 97006
58138 71461
84952 89171
18566 29119
28681 64565
64540 07791
47570 18566
67558 26136
27680 25446
23099 91835
68323 67558
34592 16091
36955 68476
04616 19370
43972 21518
19694 48784
86411 50235
69098 32907
68323 67558
46539 36381
12167 31322
02611 30751
29296 34592
15928 21761
59228 58138
97006 54484
59695 68589
08665 88994
06270 36381
40981 88994
92919 55833
26592 58138
85394 74611
95562 85394
15911 75192
71461 08665
71761 32885
11832 50235
03601 71075
82647 59367
00517 65714
91835 27680
00710 24700
09531 60443
00779 16349
80476 15823
30611 18662
00851 65550
51819 30751
32281 20325
37111 63804
13405 41802
31521 19694
97166 28468
00665 65550
32482 63130
63950 45666
19694 03040
85394 26983
67954 42722
00146 36000
97493 00665
31322 46308
58043 12167
30611 51735
85812 59228
80947 02802
32482 25012
37396 78962
85812 31503
47251 23099
68884 90501
58043 26983
41004 33879
45666 68276
93834 03040
71761 00850
98684 98809
25446 98655
25538 84952
85394 38895
97169 48061
59367 27113
79504 97493
46308 80476
26136 97493
84275 58440
30861 12368
84952 73082
84275 26983
73082 71761
73851 71761
84275 76623
32281 00851
93781 05064
92919 28468
68389 26592
68476 71794
73082 17264
86356 00850
73593 21039
89779 04616
60443 32907
98655 48360
80947 47251
95562 77809
97493 52292
89847 78962
53337 99589
17453 89779
33822 31322
29409 81966
60487 61170
71863 28632
32878 18662
99589 69362
18892 37359
32584 13405
45144 71461
11050 79504
43597 43972
89171 56722
87588 88951
79504 03601
32281 00851
33822 45666
03649 59111
80476 84275
43597 30700
31521 64540
91761 02802
84857 03909
06270 68389
89847 20914
31503 32878
50206 80947
00526 89779
99461 10638
84829 33822
11832 43597
06270 54484
81488 86626
59695 27680
85394 29119
84032 36860
64565 05064
29296 86411
36812 65550
65550 03601
63950 66899
68419 06142
65908 37359
97006 63130
28681 26983
16091 76449
Queries
15911 00517
26136 43597
99265 86626
97493 97006
15911 26983
31450 58043
42722 33822
48354 68884
49923 64565
21761 00517
68419 73829
91835 32482
54484 61170
43513 33879
33023 97493
62540 16349
29119 86626
89847 59453
84952 13405
24788 19984
36812 33261
48061 59238
64565 60487
46308 11050
25538 24788
32885 59111
99300 00665
48360 91835
12167 53124
20914 05064
03601 51190
73851 63238
71271 63804
50235 30611
00710 52292
62787 99300
05064 55018
30700 32281
13405 29233
27680 27113
00665 63958
55018 76797
31322 48354
76623 55018
13405 48061
85812 50235
64801 54110
42722 98684
00851 65129
36955 49231
33879 68276
89779 42469
31440 89171
71271 51333
25538 19370
25538 03945
19984 63950
27113 42469
65509 06270
77472 77809
00710 87588
89220 21039
34908 71794
41802 65129
28681 58440
93781 46861
03601 68205
58310 76623
32885 76797
69362 76115
76564 75722
76797 61848
25012 65509
69362 36000
41883 18566
75216 12167
55018 82647
00146 29233
68884 00851
68419 06152
97166 03040
93834 67954
09153 29233
48354 37396
58310 06270
34688 68660
23581 53124
10638 68323
64153 69098
02235 68589
18892 44069
68660 99791
43513 33822
81488 49923
85443 36812
50310 68476
34382 68323
28716 86626
03601 55018
80476 46308
68801 84637
28468 70537
33261 84275
00710 51819
36000 11050
48360 26592
59695 25538
32584 31503
27113 00710
13357 95192
15823 88535
15823 45666
71794 69098
97169 59747
00665 71075
90214 29233
89220 64565
71761 83703
19984 03909
22880 64801
76797 29738
50235 64801
81966 51849
85394 62787
49231 85663
32281 90214
00851 42469
50235 31521
05064 00146
67954 75192
24700 59747
99461 36911
30861 28898
34908 88379
36000 20325
03601 47251
46539 51735
97169 43972
64565 45666
03601 28468
25446 89171
75722 99589
71075 29233
06959 95751
76115 40981
89306 84829
00779 16349
33023 51333
64801 00850
13357 00779
55498 89552
86411 37359
51819 90214
84032 21761
36812 27546
71761 28681
95751 30861
41004 84032
50235 85838
55833 27546
77360 29409
07791 12167
69098 32907
85838 74611
50310 81679
43513 63238
84637 43513
75216 98655
91030 50235
44069 00710
90250 69362
19370 34382
13357 51735
15911 64153
80947 52701
43597 68323
30751 97493
18662 06270
37359 67582
59747 31055
50235 84857
04616 34592
75722 99791
51819 65129
15911 16349
65908 45666
42722 73531
10638 36812
68419 06142
51819 03601
85838 18566
95562 91835
30700 32885
19694 36000
77548 85394
98809 06270
20914 40366
10301 40556
23164 18566
25538 19370
32482 85812
18566 33023
99589 16349
65509 32482
55833 17235
97006 56860
29119 84637
02611 03945
73531 29738
64801 30700
90501 63958
86411 22880
31055 84032
41004 83222
67582 22880
26983 29119
73531 58043
32281 50310
68205 79504
90214 90214
23581 00517
69949 32482
60944 27546
00517 81892
59238 06270
84275 07791
76797 33023
18662 88951
95562 63238
84032 24700
51190 51190
34382 32482
68389 65509
02235 18566
18566 47690
21761 00710
02802 86411
99589 05064
26983 55018
03040 24061
64540 93834
59238 90250
97166 97006
64801 98809
91030 29233
68589 71863
51586 46861
05692 00526
26136 18662
62540 52292
65550 36812
69949 85394
23164 47690
21436 18566
20914 05064
47746 46539
55498 68323
66899 31831
36381 03262
32584 11050
00490 14812
87480 89847
77548 79504
00517 02235
68389 68801
98655 74611
75216 28716
34382 47690
03601 00146
26983 69362
31831 95562
83222 58440
67558 17235
12051 67558
55833 00710
88951 21436
71461 89220
78962 68205
95751 67558
00517 58043
48360 31322
71761 29105
15928 09531
51333 55018
42469 21436
91835 68323
17235 36000
80947 85663
73082 37396
68205 09531
31450 40556
50206 59238
71461 30751
32584 02611
13405 60944
26136 89779
44069 32885
99589 85443
71271 65129
60443 03601
03909 74611
80476 23099
74611 17235
22880 48354
75216 34592
85443 31055
36381 99265
21039 32281
59453 63130
03601 16349
56860 25012
36860 13405
48061 49923
84637 29233
36000 03909
43513 22880
69098 98479
87072 98479
00490 97493
95562 24700
68389 89220
63804 31322
31831 14812
40556 50235
99589 92919
19370 92919
90214 62795
12051 27680
64801 32885
00850 36000
76115 98809
36812 30751
68801 67558
08132 68205
84275 67558
15823 68476
65550 62540
76797 18892
68323 51819
13405 89220
28632 83703
24955 46539
98809 32584
71761 93834
89306 95751
00779 13357
81488 67582
31450 21436
03649 33261
33879 67582
58138 81966
90214 95192
85570 82647
33261 88994
27113 86356
08665 65129
68205 81264
11050 36911
44786 21436
28716 44786
59747 48354
46308 40556
60487 53124
84829 98479
13357 02611
29105 89171
69949 51190
21039 12051
81488 84857
14053 58310
90214 59453
43513 87588
88994 76115
25538 47251
25446 44069
41883 25538
16349 09153
67582 00146
41883 02235
31450 16349
23099 49923
82647 48360
20325 19370
97169 96883
85570 46539
73593 36955
84829 37396
05064 06959
00665 52701
00851 55018
59747 51819
06959 34908
96251 87072
52292 75192
65129 81488
00710 51819
59111 03478
00850 63804
89847 08132
03945 64540
68801 68205
70537 97493
73531 65550
67582 41004
51735 85663
29233 85394
63130 90501
64801 42722
99300 85394
93781 12167
00517 46308
02802 54110
17264 19984
31503 70537
19694 46308
48061 44786
68323 41802
00779 41101
87588 28681
03478 42665
05064 12167
32885 50206
15911 34592
63950 77548
18662 87588
65129 95192
91179 34908
69362 38895
25012 70331
32281 32281
31450 13405
50206 59453
58310 15911
26983 68205
59238 27113
71461 98684
16349 79504
00851 41819
62795 32584
Thinking
start 25012 src 25012
25012 76564 src 25012
25012 32482 src 25012
25012 48360 src 25012
25012 02802 src 25012
76564 26592 src 25012
76564 30861 src 25012
76564 93853 src 25012
76564 71271 src 25012
76564 54653 src 25012
76564 54484 src 25012
76564 24955 src 25012
32482 80947 src 25012
32482 63130 src 25012
48360 24170 src 25012
48360 77360 src 25012
48360 58138 src 25012
48360 10059 src 25012
48360 98655 src 25012
02802 03478 src 25012
02802 71863 src 25012
02802 91761 src 25012
26592 68389 src 25012
30861 59367 src 25012
30861 68589 src 25012
30861 51586 src 25012
30861 12368 src 25012
93853 91835 src 25012
93853 47746 src 25012
71271 06270 src 25012
71271 96952 src 25012
54653 14053 src 25012
54653 73593 src 25012
54484 10638 src 25012
54484 97006 src 25012
24955 85570 src 25012
24955 75722 src 25012
80947 59228 src 25012
80947 47251 src 25012
80947 50206 src 25012
63130 88994 src 25012
63130 32878 src 25012
63130 46539 src 25012
24170 88951 src 25012
24170 45144 src 25012
24170 98809 src 25012
24170 02235 src 25012
77360 28632 src 25012
58138 21436 src 25012
58138 98326 src 25012
58138 71461 src 25012
10059 90250 src 25012
10059 51735 src 25012
98655 98684 src 25012
98655 85812 src 25012
98655 25446 src 25012
03478 59453 src 25012
03478 76115 src 25012
03478 21039 src 25012
91761 89220 src 25012
91761 65509 src 25012
68389 63958 src 25012
59367 82647 src 25012
59367 27113 src 25012
68589 00490 src 25012
68589 59695 src 25012
12368 34908 src 25012
12368 06959 src 25012
91835 23099 src 25012
91835 27680 src 25012
47746 47690 src 25012
47746 18662 src 25012
47746 40981 src 25012
06270 87588 src 25012
06270 89552 src 25012
06270 36381 src 25012
96952 83703 src 25012
14053 09153 src 25012
10638 30611 src 25012
10638 60487 src 25012
10638 99461 src 25012
85570 31503 src 25012
75722 61170 src 25012
50206 29735 src 25012
88994 08665 src 25012
32878 42987 src 25012
46539 44786 src 25012
45144 05692 src 25012
98809 24061 src 25012
02235 59238 src 25012
98326 53124 src 25012
85812 56860 src 25012
89220 12051 src 25012
65509 58310 src 25012
23099 23164 src 25012
87588 31440 src 25012
99461 28898 src 25012
start 63950 src 63950
63950 61848 src 63950
63950 85838 src 63950
63950 37111 src 63950
63950 29119 src 63950
63950 99791 src 63950
63950 84275 src 63950
63950 33822 src 63950
63950 45666 src 63950
63950 66899 src 63950
61848 85443 src 63950
61848 18566 src 63950
61848 33023 src 63950
61848 55833 src 63950
85838 97166 src 63950
85838 15823 src 63950
37111 42722 src 63950
37111 98638 src 63950
37111 95562 src 63950
37111 63804 src 63950
29119 68276 src 63950
29119 85394 src 63950
99791 88535 src 63950
84275 75216 src 63950
84275 58440 src 63950
84275 26983 src 63950
84275 76623 src 63950
84275 80476 src 63950
33822 20914 src 63950
33822 12167 src 63950
33822 32907 src 63950
33822 06152 src 63950
33822 31322 src 63950
33822 84829 src 63950
45666 78962 src 63950
45666 77809 src 63950
66899 99589 src 63950
18566 89847 src 63950
18566 28468 src 63950
18566 09531 src 63950
18566 47570 src 63950
55833 92919 src 63950
97166 58043 src 63950
15823 74611 src 63950
15823 55018 src 63950
42722 03262 src 63950
42722 67954 src 63950
95562 22880 src 63950
95562 37396 src 63950
95562 51849 src 63950
95562 98479 src 63950
95562 01192 src 63950
63804 93781 src 63950
63804 60443 src 63950
68276 64565 src 63950
68276 08132 src 63950
85394 38895 src 63950
88535 53337 src 63950
75216 73531 src 63950
26983 76797 src 63950
26983 69362 src 63950
26983 28681 src 63950
80476 54110 src 63950
80476 46308 src 63950
12167 05064 src 63950
12167 01811 src 63950
32907 68660 src 63950
32907 70537 src 63950
32907 69098 src 63950
06152 28716 src 63950
31322 65714 src 63950
31322 00517 src 63950
84829 41883 src 63950
89847 48354 src 63950
28468 64153 src 63950
55018 99300 src 63950
22880 96251 src 63950
76797 10301 src 63950
54110 99265 src 63950
start 16091 src 16091
16091 68419 src 16091
16091 62795 src 16091
16091 34592 src 16091
16091 86411 src 16091
16091 36072 src 16091
16091 77472 src 16091
16091 76449 src 16091
68419 23581 src 16091
68419 18892 src 16091
68419 81892 src 16091
68419 06142 src 16091
62795 03040 src 16091
62795 86356 src 16091
34592 89171 src 16091
34592 88379 src 16091
34592 34688 src 16091
34592 34382 src 16091
34592 14812 src 16091
34592 29296 src 16091
86411 81966 src 16091
86411 73829 src 16091
86411 44069 src 16091
86411 50235 src 16091
36072 49231 src 16091
36072 84952 src 16091
76449 07791 src 16091
76449 87480 src 16091
76449 15037 src 16091
76449 93834 src 16091
76449 69949 src 16091
23581 71794 src 16091
23581 19984 src 16091
23581 86626 src 16091
18892 03649 src 16091
18892 29738 src 16091
18892 37359 src 16091
81892 85663 src 16091
81892 89779 src 16091
81892 91179 src 16091
06142 68476 src 16091
03040 31831 src 16091
03040 29105 src 16091
03040 19370 src 16091
03040 36955 src 16091
03040 19694 src 16091
86356 31521 src 16091
86356 00850 src 16091
89171 19169 src 16091
89171 50310 src 16091
89171 56722 src 16091
88379 96883 src 16091
88379 90501 src 16091
88379 04616 src 16091
34382 62787 src 16091
34382 15911 src 16091
34382 17264 src 16091
14812 03945 src 16091
14812 24788 src 16091
14812 81488 src 16091
81966 29409 src 16091
73829 81679 src 16091
73829 64801 src 16091
44069 73082 src 16091
44069 32885 src 16091
50235 71761 src 16091
50235 43597 src 16091
50235 11832 src 16091
49231 81264 src 16091
49231 59111 src 16091
84952 73851 src 16091
84952 25538 src 16091
07791 95751 src 16091
07791 64540 src 16091
69949 89306 src 16091
71794 40556 src 16091
19984 63238 src 16091
03649 17453 src 16091
37359 43972 src 16091
37359 65908 src 16091
89779 80722 src 16091
89779 00526 src 16091
68476 68884 src 16091
31831 31450 src 16091
29105 21518 src 16091
29105 51333 src 16091
19694 48784 src 16091
00850 67582 src 16091
19169 84857 src 16091
56722 75192 src 16091
15911 77548 src 16091
17264 40366 src 16091
24788 30700 src 16091
73082 97827 src 16091
89306 03909 src 16091
17453 91030 src 16091
start 97493 src 97493
97493 00710 src 97493
97493 68205 src 97493
97493 11050 src 97493
97493 32281 src 97493
97493 00665 src 97493
97493 79504 src 97493
97493 26136 src 97493
97493 52292 src 97493
00710 67558 src 97493
00710 87072 src 97493
00710 12049 src 97493
00710 41802 src 97493
00710 29233 src 97493
00710 52701 src 97493
00710 36000 src 97493
00710 24700 src 97493
68205 60944 src 97493
68205 03601 src 97493
68205 90214 src 97493
11050 27546 src 97493
11050 15928 src 97493
11050 16349 src 97493
11050 36860 src 97493
11050 36911 src 97493
32281 62540 src 97493
32281 20325 src 97493
32281 00851 src 97493
00665 39317 src 97493
00665 71075 src 97493
00665 51819 src 97493
00665 65550 src 97493
79504 43513 src 97493
26136 17235 src 97493
52292 13405 src 97493
52292 41004 src 97493
67558 30751 src 97493
67558 33261 src 97493
67558 42665 src 97493
67558 68323 src 97493
87072 13357 src 97493
87072 51190 src 97493
87072 95192 src 97493
12049 41101 src 97493
52701 83222 src 97493
52701 33879 src 97493
52701 21761 src 97493
52701 42469 src 97493
36000 59747 src 97493
36000 31055 src 97493
36000 55498 src 97493
36000 00146 src 97493
03601 46861 src 97493
03601 84637 src 97493
90214 68801 src 97493
15928 48061 src 97493
16349 00779 src 97493
36860 84032 src 97493
36911 32584 src 97493
62540 36812 src 97493
00851 70331 src 97493
51819 41819 src 97493
30751 02611 src 97493
68323 97169 src 97493
95192 49923 src 97493
83222 65129 src 97493
Output
15911 00517 no
26136 43597 no
99265 86626 no
97493 97006 no
15911 26983 no
31450 58043 no
42722 33822 yes
48354 68884 no
49923 64565 no
21761 00517 no
68419 73829 yes
91835 32482 yes
54484 61170 yes
43513 33879 yes
33023 97493 no
62540 16349 yes
29119 86626 no
89847 59453 no
84952 13405 no
24788 19984 yes
36812 33261 yes
48061 59238 no
64565 60487 no
46308 11050 no
25538 24788 yes
32885 59111 yes
99300 00665 no
48360 91835 yes
12167 53124 no
20914 05064 yes
03601 51190 yes
73851 63238 yes
71271 63804 no
50235 30611 no
00710 52292 yes
62787 99300 no
05064 55018 yes
30700 32281 no
13405 29233 yes
27680 27113 yes
00665 63958 no
55018 76797 yes
31322 48354 yes
76623 55018 yes
13405 48061 yes
85812 50235 no
64801 54110 no
42722 98684 no
00851 65129 yes
36955 49231 yes
33879 68276 no
89779 42469 no
31440 89171 no
71271 51333 no
25538 19370 yes
25538 03945 yes
19984 63950 no
27113 42469 no
65509 06270 yes
77472 77809 no
00710 87588 no
89220 21039 yes
34908 71794 no
41802 65129 yes
28681 58440 yes
93781 46861 no
03601 68205 yes
58310 76623 no
32885 76797 no
69362 76115 no
76564 75722 yes
76797 61848 yes
25012 65509 yes
69362 36000 no
41883 18566 yes
75216 12167 yes
55018 82647 no
00146 29233 yes
68884 00851 no
68419 06152 no
97166 03040 no
93834 67954 no
09153 29233 no
48354 37396 yes
58310 06270 yes
34688 68660 no
23581 53124 no
10638 68323 no
64153 69098 yes
02235 68589 yes
18892 44069 yes
68660 99791 yes
43513 33822 no
81488 49923 no
85443 36812 no
50310 68476 yes
34382 68323 no
28716 86626 no
03601 55018 no
80476 46308 yes
68801 84637 yes
28468 70537 yes
33261 84275 no
00710 51819 yes
36000 11050 yes
48360 26592 yes
59695 25538 no
32584 31503 no
27113 00710 no
13357 95192 yes
15823 88535 yes
15823 45666 yes
71794 69098 no
97169 59747 yes
00665 71075 yes
90214 29233 yes
89220 64565 no
71761 83703 no
19984 03909 yes
22880 64801 no
76797 29738 no
50235 64801 yes
81966 51849 no
85394 62787 no
49231 85663 yes
32281 90214 yes
00851 42469 yes
50235 31521 yes
05064 00146 no
67954 75192 no
24700 59747 yes
99461 36911 no
30861 28898 yes
34908 88379 no
36000 20325 yes
03601 47251 no
46539 51735 yes
97169 43972 no
64565 45666 yes
03601 28468 no
25446 89171 no
75722 99589 no
71075 29233 yes
06959 95751 no
76115 40981 yes
89306 84829 no
00779 16349 yes
33023 51333 no
64801 00850 yes
13357 00779 yes
55498 89552 no
86411 37359 yes
51819 90214 yes
84032 21761 yes
36812 27546 yes
71761 28681 no
95751 30861 no
41004 84032 yes
50235 85838 no
55833 27546 no
77360 29409 no
07791 12167 no
69098 32907 yes
85838 74611 yes
50310 81679 yes
43513 63238 no
84637 43513 yes
75216 98655 no
91030 50235 yes
44069 00710 no
90250 69362 no
19370 34382 yes
13357 51735 no
15911 64153 no
80947 52701 no
43597 68323 no
30751 97493 yes
18662 06270 yes
37359 67582 yes
59747 31055 yes
50235 84857 yes
04616 34592 yes
75722 99791 no
51819 65129 yes
15911 16349 no
65908 45666 no
42722 73531 yes
10638 36812 no
68419 06142 yes
51819 03601 yes
85838 18566 yes
95562 91835 no
30700 32885 yes
19694 36000 no
77548 85394 no
98809 06270 yes
20914 40366 no
10301 40556 no
23164 18566 no
25538 19370 yes
32482 85812 yes
18566 33023 yes
99589 16349 no
65509 32482 yes
55833 17235 no
97006 56860 yes
29119 84637 no
02611 03945 no
73531 29738 no
64801 30700 yes
90501 63958 no
86411 22880 no
31055 84032 yes
41004 83222 yes
67582 22880 no
26983 29119 yes
73531 58043 yes
32281 50310 no
68205 79504 yes
90214 90214 yes
23581 00517 no
69949 32482 no
60944 27546 yes
00517 81892 no
59238 06270 yes
84275 07791 no
76797 33023 yes
18662 88951 yes
95562 63238 no
84032 24700 yes
51190 51190 yes
34382 32482 no
68389 65509 yes
02235 18566 no
18566 47690 no
21761 00710 yes
02802 86411 no
99589 05064 yes
26983 55018 yes
03040 24061 no
64540 93834 yes
59238 90250 yes
97166 97006 no
64801 98809 no
91030 29233 no
68589 71863 yes
51586 46861 no
05692 00526 no
26136 18662 no
62540 52292 yes
65550 36812 yes
69949 85394 no
23164 47690 yes
21436 18566 no
20914 05064 yes
47746 46539 yes
55498 68323 yes
66899 31831 no
36381 03262 no
32584 11050 yes
00490 14812 no
87480 89847 no
77548 79504 no
00517 02235 no
68389 68801 no
98655 74611 no
75216 28716 yes
34382 47690 no
03601 00146 yes
26983 69362 yes
31831 95562 no
83222 58440 no
67558 17235 yes
12051 67558 no
55833 00710 no
88951 21436 yes
71461 89220 yes
78962 68205 no
95751 67558 no
00517 58043 yes
48360 31322 no
71761 29105 yes
15928 09531 no
51333 55018 no
42469 21436 no
91835 68323 no
17235 36000 yes
80947 85663 no
73082 37396 no
68205 09531 no
31450 40556 yes
50206 59238 yes
71461 30751 no
32584 02611 yes
13405 60944 yes
26136 89779 no
44069 32885 yes
99589 85443 yes
71271 65129 no
60443 03601 no
03909 74611 no
80476 23099 no
74611 17235 no
22880 48354 yes
75216 34592 no
85443 31055 no
36381 99265 no
21039 32281 no
59453 63130 yes
03601 16349 yes
56860 25012 yes
36860 13405 yes
48061 49923 yes
84637 29233 yes
36000 03909 no
43513 22880 no
69098 98479 yes
87072 98479 no
00490 97493 no
95562 24700 no
68389 89220 yes
63804 31322 yes
31831 14812 yes
40556 50235 yes
99589 92919 yes
19370 92919 no
90214 62795 no
12051 27680 yes
64801 32885 yes
00850 36000 no
76115 98809 yes
36812 30751 yes
68801 67558 yes
08132 68205 no
84275 67558 no
15823 68476 no
65550 62540 yes
76797 18892 no
68323 51819 yes
13405 89220 no
28632 83703 yes
24955 46539 yes
98809 32584 no
71761 93834 yes
89306 95751 yes
00779 13357 yes
81488 67582 yes
31450 21436 no
03649 33261 no
33879 67582 no
58138 81966 no
90214 95192 yes
85570 82647 yes
33261 88994 no
27113 86356 no
08665 65129 no
68205 81264 no
11050 36911 yes
44786 21436 yes
28716 44786 no
59747 48354 no
46308 40556 no
60487 53124 yes
84829 98479 yes
13357 02611 yes
29105 89171 yes
69949 51190 no
21039 12051 yes
81488 84857 yes
14053 58310 yes
90214 59453 no
43513 87588 no
88994 76115 yes
25538 47251 no
25446 44069 no
41883 25538 no
16349 09153 no
67582 00146 no
41883 02235 no
31450 16349 no
23099 49923 no
82647 48360 yes
20325 19370 no
97169 96883 no
85570 46539 yes
73593 36955 no
84829 37396 yes
05064 06959 no
00665 52701 yes
00851 55018 no
59747 51819 yes
06959 34908 yes
96251 87072 no
52292 75192 no
65129 81488 no
00710 51819 yes
59111 03478 no
00850 63804 no
89847 08132 yes
03945 64540 yes
68801 68205 yes
70537 97493 no
73531 65550 no
67582 41004 no
51735 85663 no
29233 85394 no
63130 90501 no
64801 42722 no
99300 85394 yes
93781 12167 yes
00517 46308 yes
02802 54110 no
17264 19984 yes
31503 70537 no
19694 46308 no
48061 44786 no
68323 41802 yes
00779 41101 yes
87588 28681 no
03478 42665 no
05064 12167 yes
32885 50206 no
15911 34592 yes
63950 77548 no
18662 87588 yes
65129 95192 yes
91179 34908 no
69362 38895 yes
25012 70331 no
32281 32281 yes
31450 13405 no
50206 59453 yes
58310 15911 no
26983 68205 no
59238 27113 yes
71461 98684 yes
16349 79504 yes
00851 41819 yes
62795 32584 no
End
