Graph
25962 00219
47803 67937
79961 67352
11584 05044
38374 88495
08653 95485
04436 24938
59569 58836
85523 70811
08937 22835
46775 82883
05989 97001
68592 86121
21401 28482
67006 81914
05035 52681
04436 79878
37745 30329
89672 69501
81925 67869
17343 21993
96815 50173
45763 02275
76033 83330
09604 90086
43704 59417
64321 17143
74269 90041
58388 89745
65996 41556
58388 98915
36093 48654
64613 60257
60021 00009
17343 05329
42769 52073
45763 96815
57394 67537
48948 91371
92183 14681
63699 21826
03694 79672
37745 77794
99216 43503
42899 58836
96815 07949
81188 32982
67869 76339
53713 85649
76349 51042
29939 89672
87886 21401
42677 03386
56862 47061
26598 22481
91371 46045
33941 99659
47803 78057
89267 08937
88756 81188
03694 79672
20897 35673
16816 08388
52073 75826
74289 47887
01925 81925
22481 09619
03132 31166
52681 54692
03694 36207
72098 70986
21401 03386
00219 99063
65249 42899
26240 96819
87811 37745
84343 00040
86259 51060
42279 08653
00945 00449
16512 50330
67433 76336
93040 89672
25194 65249
16816 22199
81188 76349
04287 56862
13466 56862
55086 90086
50461 86603
43704 64901
73150 43704
27404 00808
22750 32982
88670 05044
85649 15451
38787 46443
21401 18697
37105 93040
87886 64321
98577 78922
16835 69265
96373 46863
70811 38374
84487 13299
06801 00040
13466 98848
31187 15588
35673 86603
53896 31268
89267 43948
28145 61092
02275 82823
05989 00383
03782 79961
09146 40525
37927 16512
26240 86603
74882 74269
27239 65996
09144 98848
41367 67537
05989 62694
27239 67537
64321 63636
73150 55482
73067 82799
87757 01426
67352 30257
22835 08937
90041 16655
76336 36911
03726 99034
74289 81925
78057 05035
71245 09146
43704 13299
47919 50330
46068 94100
84487 00945
46262 51060
97997 11606
46758 57537
41556 92966
83340 90086
19921 17143
19969 16512
01925 60257
55018 89411
70986 15451
98848 99034
99138 41501
50330 67433
35594 07949
55243 68887
21826 61092
38406 97683
44622 33374
29939 79672
16655 00383
72098 76846
00383 74822
50484 52681
68038 15254
67352 24320
37746 99216
80035 90239
91371 89009
36093 70795
88826 73329
47813 89672
43503 50461
83809 14181
15095 85523
14443 36911
81925 52367
99138 15588
67433 86684
69501 17143
02275 09430
11089 32797
16835 70986
74822 13299
05329 67352
50580 68450
01794 75562
00808 46262
05710 03132
85523 68592
01809 06801
06801 85523
55086 74289
56983 62926
53771 53836
09144 29000
48948 21826
17143 60320
37927 81978
29083 47919
54608 50173
50461 16521
82035 99659
14418 31611
86259 41367
32982 04924
32023 09430
00040 31166
32982 88670
52367 60320
04139 03132
70986 66713
38406 67937
89411 18986
09144 17817
88670 09146
05989 19969
74289 05044
54804 95589
77650 84487
31268 16817
90239 00219
16655 96815
58806 73067
82823 81978
72098 52367
98577 28330
25962 88693
53836 72584
60257 52792
85649 64321
81894 50104
38374 45763
66279 67537
86603 89632
09619 17143
82095 34741
89267 70795
01162 32023
75562 16512
81914 11606
03329 75826
64901 77650
25446 52792
20103 74000
37746 42899
04383 19969
36911 54692
26240 92161
24320 82799
01162 00219
56862 68038
32667 37746
09146 64321
47061 22199
67937 07949
52093 55243
68038 17143
31611 75627
04383 15095
06923 98915
68831 62694
95003 05329
21993 76846
47239 15451
88826 90146
66483 53749
00945 22822
55482 08043
11584 59912
74487 68450
54608 45763
97683 14413
27239 88756
13218 46182
94153 25194
17817 16817
67433 48948
36207 90802
97683 02881
14181 91371
35673 36964
66279 42769
31166 22835
17143 72098
29939 19150
48948 14443
87811 60021
73329 43731
04287 09619
31611 71263
92558 86684
42677 33374
98577 38787
40738 25962
42279 86328
74882 22835
14681 16317
89267 84487
84343 20103
95394 44622
99034 34897
78922 88693
86328 86954
53771 99138
32982 98848
84343 46068
68831 98577
31264 90041
29939 73329
11089 22822
64321 36495
87098 03132
86121 97023
20897 87886
74527 32023
05044 26598
50461 99575
71745 60021
81925 31268
37105 29000
08388 63938
76339 53680
78057 80035
53713 37746
92966 99575
27239 19150
78057 81914
43731 76659
52681 28330
81132 90859
31166 47803
06923 69265
52367 53713
28382 22981
51783 51060
03132 60021
00449 02471
15588 30786
43948 07604
90802 09144
99575 86837
87098 02471
31166 19969
86259 61507
21826 47919
41073 94881
03132 98577
86603 65140
60608 38583
70811 86684
16817 52792
19773 31268
24182 58850
79672 95003
43948 82823
47813 09619
55018 32023
83809 86061
83271 19921
53836 23693
98859 84551
76435 98915
05044 60257
00449 55243
22481 82799
87886 22199
08388 90086
74822 62694
05035 85655
79672 22481
58836 44622
23693 70811
51211 89267
89267 47919
75627 38408
67352 83330
42677 09604
14413 36911
22981 03782
88495 01794
01426 46775
72098 27239
15102 20897
46068 63699
55086 09604
20897 36635
58806 15451
29083 82883
05329 35533
31166 83809
51042 63636
07604 32023
99936 36635
24320 76846
79878 57412
26598 25446
50104 81286
35069 67352
03782 58806
66713 27404
99853 51783
30329 65181
98915 89672
88899 53896
13896 54608
15102 63938
03726 53896
28145 86121
42677 92183
81894 60320
41501 30125
60320 43731
03726 72938
38797 27239
55243 98859
08937 63762
68999 19921
19921 25446
36495 99659
92183 03726
90859 35673
41808 18858
42668 04436
74487 28145
95394 98848
86259 04924
85649 72098
72938 86259
86061 78922
26240 99936
05710 95589
99216 63636
11584 81925
90086 28599
65996 87886
59417 40738
74527 67006
73067 25446
22481 65996
58388 14551
67937 96815
67869 57394
96819 15102
18697 09604
86603 88899
22981 43731
50173 70811
88693 14443
08937 50173
86328 07949
05329 83604
92966 87886
02471 41073
79878 11089
01794 02471
52798 40901
75826 88756
44385 40525
21401 71245
38374 74000
68887 46443
20657 06923
76336 86121
37105 90146
15095 94100
76435 99853
37745 22822
59569 53680
41073 42668
01162 22835
67006 77650
05044 94790
50580 31166
48654 84343
66562 90146
18697 50461
52627 02881
37927 31166
83604 67352
55018 88693
63699 32797
15451 18858
19773 89745
57752 52367
66562 88826
06801 94881
01426 50484
46182 50330
61507 03726
81925 36635
95589 03132
90041 42668
72584 01426
74269 62351
68592 13218
16317 42677
11606 07604
29460 43731
87886 46262
97997 48965
04436 48965
43692 85523
46068 34834
15102 74289
99138 47995
28599 41808
82035 81925
09144 08388
19946 56983
97023 18986
61092 92558
16317 64321
46182 99063
76659 94153
32667 53896
95394 44622
16835 19773
87757 62694
68592 01809
34897 18201
32797 98577
62694 87840
00449 62694
99063 87840
86328 01426
41127 90802
86061 95308
63636 15451
56119 89672
96815 46758
73329 53713
90041 38374
03329 86837
51783 17343
29460 14681
23693 19969
89745 53749
13218 38406
19921 53680
85649 32762
83340 32762
26240 60320
15588 60021
89009 36093
00383 28145
74822 57412
03782 47239
27239 28382
11089 06801
18986 08937
86328 84551
75562 74527
05278 32868
74289 76339
36207 58388
81286 73067
83809 57537
42899 53749
73067 83330
64613 16817
28382 88826
47995 89870
04924 40525
64613 99034
84551 30329
87098 63699
83809 86061
83340 90146
67433 89267
99936 09604
94790 13466
09430 85523
90802 11584
22481 99659
30329 11089
51042 18201
31268 75826
46775 79878
23309 52367
64321 05044
06801 47995
47887 88670
35533 90859
01794 31264
46679 71263
26240 47061
20103 97683
91371 46068
94100 55018
60021 52093
22199 22981
92183 89632
89745 09619
94790 41127
51211 46679
11089 87840
05035 04139
75627 08653
00219 79878
00383 67433
98848 61507
89009 01809
77650 71971
14418 70811
33941 43503
37105 28599
16835 92966
99138 56983
24182 43948
82883 89009
81894 43731
50330 36093
54692 74822
40738 23693
34741 26240
05710 47919
32797 94881
51211 90239
32762 28579
58388 94790
16317 74289
24182 67937
29000 43503
16655 65181
87840 28330
72098 99562
57412 50484
86603 09604
77794 38374
38583 85523
47813 92183
04383 46758
46443 60608
41073 85523
50484 32868
23693 86121
75562 87757
41501 38406
09146 99659
18697 28482
03726 46863
04139 11606
03329 29939
30125 13218
25446 08388
95485 78922
70986 01843
40525 28579
55482 99138
94790 34897
97023 82883
43948 02275
89009 25962
15095 20103
41127 42769
66562 26598
79961 69265
32797 98859
02275 71971
23309 51042
28382 17343
81914 53771
31264 14418
08653 35594
43948 55018
22981 18697
57394 89672
95003 35673
84343 00945
57394 95003
20657 67869
85649 90802
38787 03132
38374 14418
64321 82035
05989 31611
29939 17817
89870 47803
26240 76846
36495 85649
47887 17343
75627 90041
72584 78922
96815 62926
11584 19150
05035 47995
48965 74882
03782 92161
01794 01426
15451 86259
99853 22199
85649 00808
40738 42279
55086 14551
06801 21826
74822 67006
84343 67433
59912 41127
90146 30257
00449 84551
63636 34897
82823 31187
60021 74527
26240 79672
36495 90859
61092 87811
59912 86837
81925 66713
87886 89632
09144 17343
01809 86684
43335 08653
09430 71745
50173 31187
93040 65140
68999 17817
74882 96815
05989 86061
92966 24320
46045 70811
24320 41808
57394 52073
96373 96819
01809 15588
50104 56119
01925 76339
05989 53836
14181 68887
28579 81286
37105 74370
85523 28145
54804 50580
95308 79878
32982 09604
35069 90146
26598 28579
16512 95308
55482 41073
83271 99936
51042 03386
34834 24182
31166 52681
03132 23693
03386 29460
80035 62926
43948 99138
51211 98859
05329 76349
75826 90802
74269 01162
38787 75562
73150 50580
68887 71745
35594 78922
60257 90802
53771 50173
52792 14551
41808 31268
69265 81286
74289 46262
42677 66562
18986 86954
48948 11606
32868 71971
64901 00383
01925 53713
19946 38374
05989 90034
99063 85523
05278 31264
67433 50580
83340 43503
28579 71245
96819 65140
46262 27239
46068 28145
87886 90802
76336 71263
98859 19946
74527 38408
46182 81914
28382 68999
85649 59569
92966 30257
92183 73329
35673 90146
75562 70811
96373 22481
71971 19946
05329 18201
35673 09146
60320 16317
29460 64321
01809 05035
22835 86121
04287 76435
61092 95485
82035 28579
15102 15451
52093 86954
96815 77650
18858 33941
08043 15095
51211 15588
36093 92558
05044 95394
11606 89009
04383 21826
42769 09604
47995 43692
76336 58850
72938 57752
60320 32667
86328 37927
86684 85655
60034 05278
51211 31187
15254 15102
92966 33374
60320 30257
15095 74882
62351 51211
46758 13896
77794 00449
82095 50104
86259 36964
05035 05710
40901 79961
04383 85655
01925 44385
72584 38408
20103 24938
38583 41501
68887 31166
35069 65249
50173 91371
82883 71971
27404 42769
65181 45763
86837 82799
99936 66483
21993 30257
68999 88756
85523 73150
14181 54804
36964 34741
74882 47803
99562 26598
38374 54608
00449 07604
67006 68887
37927 57537
76659 17143
65249 33941
24320 42899
45649 90802
56983 71971
38408 00009
28330 62694
00040 89267
09619 52367
48654 95308
16835 00808
43503 51060
01426 78057
31187 31166
83271 69904
52792 28482
55086 89745
46443 11606
11089 05278
64613 44385
46679 04436
35594 76336
86328 99138
75826 44385
00040 47803
20103 29083
01843 50104
16512 99138
99138 97023
28482 69501
36207 27239
99063 85655
70795 37745
06923 36635
85655 20103
81978 04383
42769 50104
18201 20657
90034 74882
36093 42668
81894 23309
83604 46863
02275 22835
96815 84487
96815 00219
42769 98915
03132 88693
71263 05710
27239 15102
95485 00383
00040 71263
92558 48948
47803 45763
43731 92966
21401 89745
40525 13466
18858 83604
98915 66713
53713 36207
67537 32762
01925 50461
20657 37746
57394 19921
52792 51060
89411 92558
38787 55482
00040 41073
27404 83604
06801 14418
41127 50104
37927 92558
50484 74000
87098 02275
32982 89632
74269 62351
96815 83809
03694 81188
42668 40738
14551 41556
95485 23693
08653 97023
85649 51783
69501 25446
25446 28579
04139 67937
74527 98577
85655 86328
05044 98848
09430 52681
38797 34897
87098 63699
87757 92558
99138 48965
26598 76435
33374 65140
33941 27239
84551 48965
07604 97683
72938 33374
41556 05329
98915 06923
51060 99853
59912 35533
78922 88693
26598 74370
58806 17343
17343 15102
18697 16835
74370 59912
73150 02275
73329 15102
62351 48948
28382 74289
16816 42899
03694 90086
99138 22822
62351 52627
68450 32868
92558 13896
59417 30125
47919 42668
53896 42677
88693 82883
63636 69904
36964 61507
62926 02471
43948 89267
30329 73150
86121 38408
20897 37105
54804 87840
08388 16817
75562 43335
87098 86061
16817 99659
80035 14413
18858 58806
11089 31187
09430 90034
32982 69904
83271 27239
38374 90034
36207 56119
42279 88495
31264 43704
94790 05329
97997 73150
25446 89632
52093 09430
47239 58836
70986 95394
46679 55482
85523 03132
53713 35673
28599 76435
53680 52367
00383 70811
90041 89411
15102 52798
26598 50104
32762 51783
16317 46262
91371 99063
28482 34897
99216 52792
33374 74289
53896 79961
09430 02275
81132 90859
52681 82823
89009 74269
62694 62926
35533 40901
32797 77650
29000 32982
14418 15588
83330 36635
92183 53749
88899 99936
87811 14181
36495 69501
85649 22481
86603 40525
47995 30329
59417 62926
87757 91371
18858 33374
99138 97683
22981 94153
00009 35594
56862 38797
37746 66562
87098 84343
31187 31187
58850 46775
50104 63938
94153 82799
03726 19773
99575 94153
89870 23693
99659 67352
81894 03694
89632 63938
02471 88693
32667 03386
03726 22199
03694 04287
68450 18986
96373 63636
86259 96819
63636 89672
43704 87757
76033 52792
56862 52073
76033 15451
57537 46045
14413 41501
92161 78177
35533 52798
23693 36093
82799 50104
26240 64613
67352 88899
36911 67006
53680 09146
19921 67537
08937 31166
74822 01426
54608 71263
42677 29460
88495 52627
66483 87886
85523 74527
31187 85523
80035 53771
41073 47995
40901 47239
27239 47813
37927 71263
71745 14418
40525 81188
32982 93040
71971 74882
14413 54692
62926 99063
28482 25194
51042 00808
47061 16521
04924 23309
56983 19946
59912 52798
16817 35673
50330 39345
62351 99138
01925 33941
97023 28145
79961 71245
00219 89870
03329 63636
60320 29460
31187 63762
13896 67433
53713 71245
25194 14551
20897 05044
89411 86061
87886 99575
89411 18986
51042 50461
64321 14551
77794 76336
42668 99138
08388 35673
91371 43704
06923 56119
48654 46045
Queries
95485 67937
90859 01843
95308 99034
50173 53749
25194 30125
86603 52798
42899 72098
13466 36495
46775 48948
82035 31187
03132 13466
87757 41367
75627 95589
32797 83271
73067 28145
48654 17343
71245 36495
76339 45649
01426 69265
90041 72584
43335 97001
18858 77650
53896 04436
21401 84343
99216 52367
38583 86603
28599 14413
30125 52093
14181 34741
65249 68999
59912 60257
87757 83809
38787 65249
67433 82823
11584 40738
90239 58806
33941 04139
90239 58850
17343 29939
72938 99562
38406 60034
60608 04924
04436 58850
58806 79878
99562 99659
76349 06923
97997 43692
60320 85655
43731 76435
89672 85523
42668 55018
17343 43948
97683 76336
52367 28330
70811 62694
99936 22822
68999 22981
88670 53771
03694 03386
26240 14681
89411 55482
85655 32982
88826 63636
41073 06801
54692 68831
32797 66713
09430 81286
29083 02275
35594 52073
92966 14181
26598 04139
76349 22822
48654 03329
95003 56983
81914 89411
62351 81914
87811 56119
66713 16512
72098 30257
76336 86603
82823 52093
00449 78177
55243 55018
44622 99138
64321 23309
90086 28482
23309 54692
16317 98848
97001 31611
97001 01925
97997 17817
01162 52073
98915 86837
30125 00040
81132 33374
63636 28145
15254 60034
46758 88495
67937 19921
88495 86259
06923 82799
19150 90086
59417 15451
99936 27239
17343 45649
34834 32762
90239 19921
97997 40901
75562 28330
94153 32023
52367 95485
81188 57412
89745 50330
52367 87811
43948 29939
76659 05329
32667 20657
93040 68038
48654 60320
69501 19946
32762 32667
86259 76846
81978 67869
67006 81286
34834 03386
37746 07604
09430 15451
70811 98577
24320 28599
29460 88693
08937 69904
35533 36964
46758 42279
66483 02881
87811 60608
16317 77650
14443 40901
65996 38583
87840 67433
30329 11089
79878 79672
22199 61507
73329 28579
32797 32797
70811 29460
56119 46775
73150 28599
00383 02275
87886 47061
08937 90239
90146 00040
58388 76349
98859 36495
76033 30257
48965 38374
94100 54692
54804 97997
37927 84343
86121 68999
92966 60320
75562 24320
21826 50461
22481 52093
60021 15588
36964 28482
35594 94881
30257 44385
81894 89411
62926 41556
55086 03782
56983 60034
16835 41367
41808 46679
31187 60608
46443 27239
63938 41127
Thinking
start 11089 src 11089
11089 32797 src 11089
11089 22822 src 11089
11089 79878 src 11089
11089 06801 src 11089
11089 30329 src 11089
11089 87840 src 11089
11089 05278 src 11089
11089 31187 src 11089
32797 63699 src 11089
32797 98577 src 11089
32797 94881 src 11089
32797 98859 src 11089
32797 77650 src 11089
22822 00945 src 11089
22822 37745 src 11089
22822 99138 src 11089
79878 04436 src 11089
79878 57412 src 11089
79878 46775 src 11089
79878 00219 src 11089
79878 95308 src 11089
06801 00040 src 11089
06801 01809 src 11089
06801 85523 src 11089
06801 47995 src 11089
06801 21826 src 11089
06801 14418 src 11089
30329 65181 src 11089
30329 84551 src 11089
30329 73150 src 11089
87840 62694 src 11089
87840 99063 src 11089
87840 28330 src 11089
87840 54804 src 11089
05278 32868 src 11089
05278 31264 src 11089
05278 60034 src 11089
31187 15588 src 11089
31187 82823 src 11089
31187 50173 src 11089
31187 51211 src 11089
31187 31166 src 11089
31187 63762 src 11089
63699 46068 src 11089
63699 87098 src 11089
98577 78922 src 11089
98577 38787 src 11089
98577 68831 src 11089
98577 03132 src 11089
98577 74527 src 11089
94881 41073 src 11089
98859 55243 src 11089
98859 19946 src 11089
77650 84487 src 11089
77650 64901 src 11089
77650 67006 src 11089
77650 71971 src 11089
77650 96815 src 11089
00945 00449 src 11089
00945 84343 src 11089
37745 77794 src 11089
37745 87811 src 11089
37745 70795 src 11089
99138 41501 src 11089
99138 53771 src 11089
99138 56983 src 11089
99138 55482 src 11089
99138 43948 src 11089
99138 86328 src 11089
99138 16512 src 11089
99138 97023 src 11089
99138 48965 src 11089
99138 97683 src 11089
99138 62351 src 11089
99138 42668 src 11089
04436 24938 src 11089
04436 46679 src 11089
57412 74822 src 11089
57412 50484 src 11089
46775 82883 src 11089
46775 01426 src 11089
46775 58850 src 11089
00219 25962 src 11089
00219 90239 src 11089
00219 01162 src 11089
00219 89870 src 11089
95308 86061 src 11089
95308 48654 src 11089
00040 89267 src 11089
00040 47803 src 11089
00040 71263 src 11089
01809 68592 src 11089
01809 89009 src 11089
01809 86684 src 11089
01809 05035 src 11089
85523 70811 src 11089
85523 15095 src 11089
85523 43692 src 11089
85523 09430 src 11089
85523 38583 src 11089
85523 28145 src 11089
21826 61092 src 11089
21826 48948 src 11089
21826 47919 src 11089
21826 04383 src 11089
14418 31611 src 11089
14418 38374 src 11089
14418 71745 src 11089
65181 16655 src 11089
65181 45763 src 11089
73150 43704 src 11089
73150 50580 src 11089
73150 02275 src 11089
73150 97997 src 11089
62694 05989 src 11089
62694 87757 src 11089
62694 62926 src 11089
99063 46182 src 11089
99063 85655 src 11089
99063 91371 src 11089
28330 52681 src 11089
54804 95589 src 11089
54804 14181 src 11089
32868 68450 src 11089
31264 90041 src 11089
31264 01794 src 11089
15588 30786 src 11089
15588 60021 src 11089
82823 81978 src 11089
50173 54608 src 11089
50173 08937 src 11089
31166 22835 src 11089
31166 19969 src 11089
31166 83809 src 11089
31166 37927 src 11089
31166 68887 src 11089
46068 94100 src 11089
46068 34834 src 11089
87098 02471 src 11089
78922 88693 src 11089
78922 95485 src 11089
78922 72584 src 11089
78922 35594 src 11089
38787 46443 src 11089
38787 75562 src 11089
03132 05710 src 11089
03132 04139 src 11089
03132 23693 src 11089
74527 32023 src 11089
74527 38408 src 11089
55243 52093 src 11089
84487 13299 src 11089
64901 00383 src 11089
67006 81914 src 11089
67006 36911 src 11089
71971 74882 src 11089
96815 07949 src 11089
96815 67937 src 11089
96815 46758 src 11089
00449 07604 src 11089
84343 20103 src 11089
84343 67433 src 11089
77794 76336 src 11089
70795 36093 src 11089
41501 30125 src 11089
41501 38406 src 11089
41501 14413 src 11089
53771 53836 src 11089
53771 80035 src 11089
55482 08043 src 11089
43948 24182 src 11089
43948 55018 src 11089
86328 42279 src 11089
86328 86954 src 11089
16512 50330 src 11089
97023 86121 src 11089
97023 18986 src 11089
97023 08653 src 11089
97683 02881 src 11089
62351 74269 src 11089
62351 52627 src 11089
42668 40738 src 11089
74822 54692 src 11089
50484 74000 src 11089
82883 29083 src 11089
01426 78057 src 11089
86061 89411 src 11089
48654 46045 src 11089
68592 13218 src 11089
89009 11606 src 11089
86684 92558 src 11089
09430 90034 src 11089
38583 60608 src 11089
28145 74487 src 11089
48948 14443 src 11089
31611 75627 src 11089
38374 88495 src 11089
43704 59417 src 11089
05989 97001 src 11089
60021 00009 src 11089
54608 13896 src 11089
83809 57537 src 11089
75562 43335 src 11089
50330 39345 src 11089
start 89632 src 89632
89632 86603 src 89632
89632 92183 src 89632
89632 87886 src 89632
89632 32982 src 89632
89632 25446 src 89632
89632 63938 src 89632
86603 50461 src 89632
86603 35673 src 89632
86603 26240 src 89632
86603 65140 src 89632
86603 88899 src 89632
86603 09604 src 89632
86603 40525 src 89632
92183 14681 src 89632
92183 42677 src 89632
92183 03726 src 89632
92183 47813 src 89632
92183 73329 src 89632
92183 53749 src 89632
87886 21401 src 89632
87886 64321 src 89632
87886 20897 src 89632
87886 22199 src 89632
87886 65996 src 89632
87886 92966 src 89632
87886 46262 src 89632
87886 90802 src 89632
87886 66483 src 89632
87886 99575 src 89632
32982 81188 src 89632
32982 22750 src 89632
32982 04924 src 89632
32982 88670 src 89632
32982 98848 src 89632
32982 69904 src 89632
32982 29000 src 89632
32982 93040 src 89632
25446 52792 src 89632
25446 26598 src 89632
25446 19921 src 89632
25446 73067 src 89632
25446 08388 src 89632
25446 69501 src 89632
25446 28579 src 89632
63938 15102 src 89632
63938 50104 src 89632
50461 43503 src 89632
50461 16521 src 89632
50461 18697 src 89632
50461 01925 src 89632
50461 51042 src 89632
35673 36964 src 89632
35673 90859 src 89632
35673 95003 src 89632
35673 90146 src 89632
35673 09146 src 89632
35673 53713 src 89632
35673 16817 src 89632
26240 96819 src 89632
26240 92161 src 89632
26240 99936 src 89632
26240 60320 src 89632
26240 47061 src 89632
26240 34741 src 89632
26240 76846 src 89632
26240 79672 src 89632
26240 64613 src 89632
65140 33374 src 89632
88899 53896 src 89632
88899 67352 src 89632
09604 90086 src 89632
09604 55086 src 89632
09604 42769 src 89632
40525 44385 src 89632
40525 13466 src 89632
14681 16317 src 89632
14681 29460 src 89632
42677 03386 src 89632
42677 66562 src 89632
03726 99034 src 89632
03726 72938 src 89632
03726 61507 src 89632
03726 46863 src 89632
03726 19773 src 89632
47813 89672 src 89632
47813 09619 src 89632
47813 27239 src 89632
73329 88826 src 89632
73329 43731 src 89632
73329 29939 src 89632
53749 89745 src 89632
53749 42899 src 89632
21401 28482 src 89632
21401 71245 src 89632
64321 17143 src 89632
64321 63636 src 89632
64321 85649 src 89632
64321 36495 src 89632
64321 05044 src 89632
64321 82035 src 89632
64321 14551 src 89632
20897 36635 src 89632
20897 37105 src 89632
22199 16816 src 89632
22199 22981 src 89632
22199 99853 src 89632
65996 41556 src 89632
65996 22481 src 89632
92966 16835 src 89632
92966 24320 src 89632
92966 30257 src 89632
46262 51060 src 89632
46262 00808 src 89632
46262 74289 src 89632
90802 36207 src 89632
90802 09144 src 89632
90802 41127 src 89632
90802 11584 src 89632
90802 75826 src 89632
90802 60257 src 89632
90802 45649 src 89632
99575 86837 src 89632
99575 94153 src 89632
81188 88756 src 89632
81188 76349 src 89632
81188 03694 src 89632
04924 86259 src 89632
04924 23309 src 89632
88670 47887 src 89632
98848 95394 src 89632
69904 83271 src 89632
52792 99216 src 89632
52792 76033 src 89632
26598 99562 src 89632
26598 76435 src 89632
26598 74370 src 89632
19921 68999 src 89632
19921 53680 src 89632
19921 57394 src 89632
19921 67537 src 89632
73067 82799 src 89632
73067 58806 src 89632
73067 81286 src 89632
73067 83330 src 89632
28579 32762 src 89632
15102 15451 src 89632
15102 15254 src 89632
15102 17343 src 89632
15102 52798 src 89632
50104 81894 src 89632
50104 56119 src 89632
50104 82095 src 89632
50104 01843 src 89632
43503 33941 src 89632
43503 83340 src 89632
01925 81925 src 89632
01925 76339 src 89632
51042 18201 src 89632
90859 81132 src 89632
90859 35533 src 89632
95003 05329 src 89632
90146 35069 src 89632
09146 99659 src 89632
53713 37746 src 89632
53713 52367 src 89632
16817 31268 src 89632
16817 17817 src 89632
96819 96373 src 89632
92161 03782 src 89632
92161 78177 src 89632
60320 32667 src 89632
47061 56862 src 89632
76846 72098 src 89632
76846 21993 src 89632
33374 44622 src 89632
33374 18858 src 89632
53896 79961 src 89632
67352 83604 src 89632
90086 28599 src 89632
42769 52073 src 89632
42769 66279 src 89632
42769 27404 src 89632
42769 98915 src 89632
13466 94790 src 89632
99034 34897 src 89632
72938 57752 src 89632
09619 04287 src 89632
27239 19150 src 89632
27239 38797 src 89632
27239 28382 src 89632
43731 76659 src 89632
29939 03329 src 89632
89745 58388 src 89632
42899 58836 src 89632
42899 65249 src 89632
28482 25194 src 89632
17143 68038 src 89632
85649 59569 src 89632
85649 51783 src 89632
36635 06923 src 89632
16835 69265 src 89632
16835 70986 src 89632
24320 41808 src 89632
41127 59912 src 89632
86259 41367 src 89632
57394 67869 src 89632
15451 47239 src 89632
52798 40901 src 89632
81925 66713 src 89632
18201 20657 src 89632
Output
95485 67937 yes
90859 01843 yes
95308 99034 no
50173 53749 no
25194 30125 no
86603 52798 yes
42899 72098 yes
13466 36495 yes
46775 48948 yes
82035 31187 no
03132 13466 no
87757 41367 no
75627 95589 yes
32797 83271 no
73067 28145 no
48654 17343 no
71245 36495 yes
76339 45649 yes
01426 69265 no
90041 72584 yes
43335 97001 yes
18858 77650 no
53896 04436 no
21401 84343 no
99216 52367 yes
38583 86603 no
28599 14413 no
30125 52093 yes
14181 34741 no
65249 68999 yes
59912 60257 yes
87757 83809 yes
38787 65249 no
67433 82823 yes
11584 40738 no
90239 58806 no
33941 04139 no
90239 58850 yes
17343 29939 yes
72938 99562 yes
38406 60034 yes
60608 04924 no
04436 58850 yes
58806 79878 no
99562 99659 yes
76349 06923 yes
97997 43692 yes
60320 85655 no
43731 76435 yes
89672 85523 no
42668 55018 yes
17343 43948 no
97683 76336 yes
52367 28330 no
70811 62694 yes
99936 22822 no
68999 22981 yes
88670 53771 no
03694 03386 yes
26240 14681 yes
89411 55482 yes
85655 32982 no
88826 63636 yes
41073 06801 yes
54692 68831 yes
32797 66713 no
09430 81286 no
29083 02275 yes
35594 52073 no
92966 14181 no
26598 04139 no
76349 22822 no
48654 03329 no
95003 56983 no
81914 89411 yes
62351 81914 yes
87811 56119 no
66713 16512 no
72098 30257 yes
76336 86603 no
82823 52093 yes
00449 78177 no
55243 55018 yes
44622 99138 no
64321 23309 yes
90086 28482 yes
23309 54692 no
16317 98848 yes
97001 31611 yes
97001 01925 no
97997 17817 no
01162 52073 no
98915 86837 yes
30125 00040 yes
81132 33374 yes
63636 28145 no
15254 60034 no
46758 88495 yes
67937 19921 no
88495 86259 no
06923 82799 yes
19150 90086 yes
59417 15451 no
99936 27239 yes
17343 45649 yes
34834 32762 no
90239 19921 no
97997 40901 no
75562 28330 yes
94153 32023 no
52367 95485 no
81188 57412 no
89745 50330 no
52367 87811 no
43948 29939 no
76659 05329 yes
32667 20657 yes
93040 68038 yes
48654 60320 no
69501 19946 no
32762 32667 yes
86259 76846 yes
81978 67869 no
67006 81286 no
34834 03386 no
37746 07604 no
09430 15451 no
70811 98577 yes
24320 28599 yes
29460 88693 no
08937 69904 no
35533 36964 yes
46758 42279 yes
66483 02881 no
87811 60608 yes
16317 77650 no
14443 40901 no
65996 38583 no
87840 67433 yes
30329 11089 yes
79878 79672 no
22199 61507 yes
73329 28579 yes
32797 32797 yes
70811 29460 no
56119 46775 no
73150 28599 no
00383 02275 yes
87886 47061 yes
08937 90239 yes
90146 00040 no
58388 76349 yes
98859 36495 no
76033 30257 yes
48965 38374 yes
94100 54692 yes
54804 97997 yes
37927 84343 yes
86121 68999 no
92966 60320 yes
75562 24320 no
21826 50461 no
22481 52093 no
60021 15588 yes
36964 28482 yes
35594 94881 yes
30257 44385 yes
81894 89411 no
62926 41556 no
55086 03782 yes
56983 60034 yes
16835 41367 yes
41808 46679 no
31187 60608 yes
46443 27239 no
63938 41127 yes
End
