Graph
91454 10494
16669 92064
96414 92834
77504 09476
05072 47941
21657 92250
73741 61007
68323 96414
99180 94048
55408 45722
49147 76748
38039 92255
11206 80145
11694 47452
15176 65358
00814 37003
25109 43647
68323 40860
55581 98144
06554 16669
81153 35230
58829 29152
46979 22271
84182 31297
47941 93705
92558 83700
86656 41792
45722 82110
72601 06060
50470 66211
90566 59771
98802 71006
36502 04775
41162 30566
43954 98802
10791 39845
47139 55229
39557 18156
29953 04097
53638 04775
71006 61801
72411 67722
04649 97509
30509 41155
86026 81094
73741 97005
64193 91961
92064 47139
92931 82003
28522 38039
72601 58278
07747 83368
84289 30971
94576 46979
82414 92558
84376 81094
89087 28522
35230 22271
34157 84335
95051 64193
74536 92931
11982 70271
08762 18156
20071 24961
31297 59143
84182 95051
88548 49048
29401 79496
82003 78581
10781 26494
13111 96414
20998 81094
92931 87939
22658 59763
20820 17499
71237 80038
00718 20820
25109 17612
21682 40061
04649 42144
81256 59143
25783 65358
10089 62227
78997 08762
56518 94337
13753 01755
29152 64756
00814 54064
45410 21449
40860 45410
98022 33780
25109 92931
00085 07747
54217 41792
55408 23680
12950 81094
85079 41162
45235 98022
20071 93705
88548 13222
64103 06554
71543 86412
55575 79948
58772 75666
35230 17538
92931 42653
39136 91961
45722 66027
64058 76748
35230 01755
80145 03154
49147 45359
94048 24961
76813 87125
79948 68897
44255 13111
21657 16669
60948 98834
29401 69804
40860 45722
53456 75372
81970 64756
80145 51354
21657 69772
64103 45410
29863 06554
88028 97509
67040 06502
36120 21682
50057 33932
50470 05846
53456 92931
45722 48358
82003 98802
33780 01755
43647 16692
35230 42653
17612 78581
66211 82110
40968 29152
54855 59143
92114 94947
20265 92931
20071 82414
04649 58772
59771 47151
56518 92459
17766 18156
64001 77504
83764 75962
10781 29863
15176 95630
67355 58772
06206 43475
47139 11694
50470 83433
31919 50005
42144 98567
75666 20998
53456 64897
58155 33222
06878 16430
30509 65358
18101 25783
50606 37053
53456 11982
54165 85535
69772 94826
96414 68067
93705 92255
42732 88218
37183 12155
84182 54499
67355 49048
66725 80306
03154 16968
54499 79467
67355 80038
81477 21388
36319 17612
26494 83062
50003 39845
18101 07112
06060 55229
88218 33932
38126 10089
41788 94947
85281 15827
71237 04097
69804 64058
50057 53006
29363 18101
82238 81970
25109 38126
60516 81674
33222 20608
69804 30331
71237 59143
17332 58278
07575 76813
98802 17963
23322 40860
43271 66671
35368 28522
82110 07575
27106 79948
87939 83307
85281 67355
17766 97509
60264 01071
99689 83368
55408 49514
25050 48358
29953 18672
94337 20820
50606 49048
79948 95051
60724 95051
25783 94947
53638 23386
38039 01071
60567 70271
83857 27106
64058 30971
11694 06554
65358 00945
50003 40920
50003 25109
13222 58665
73932 48134
40968 85535
93777 20998
49855 29363
41162 07747
91208 00085
95072 01484
65597 98834
10781 58829
85281 29182
56291 53638
44029 84973
21388 55229
45722 43475
85079 47941
86727 09205
64897 33222
11206 00718
32600 42144
63775 29953
83062 69772
11206 65597
81970 42403
20071 92064
20071 81477
94826 98144
68897 04097
98144 29152
49855 43647
08762 76748
42653 42834
02080 96825
58505 89087
47447 42732
05544 68706
84736 48358
90795 98567
60516 22658
10781 55581
12114 96414
09602 43475
56291 25180
75962 30971
71356 16692
17499 98834
92952 06554
64756 84736
00718 04097
86727 47151
01569 25836
25783 51256
25050 49514
82238 73741
03691 72173
92459 10494
97509 92602
50005 33222
22658 66502
68897 31297
47139 99180
37003 83764
67040 44859
67355 09147
17332 58829
82238 09476
35785 66671
42653 46979
25180 12722
88548 03154
35785 71006
21682 92255
25631 27106
72601 64001
92931 61685
90504 50005
61801 64897
90190 10494
35368 05846
40860 97005
76748 79467
84335 68323
29953 09147
85281 79948
29401 15827
38007 61685
90566 58155
20820 15827
29182 75666
75666 58794
58665 69804
76246 65597
17612 47447
87125 77504
59771 71356
28098 67040
10089 43647
92255 47139
23680 06206
82110 09476
87125 34157
30971 81674
10781 21449
96414 36120
10089 41792
72411 15827
03694 16430
78581 94947
42403 72601
91454 54064
26494 17332
59763 93777
45235 86727
40061 50470
71006 61801
16692 92931
94576 33932
03225 40968
58829 45410
58794 83764
05161 67722
48392 98022
17538 02080
79737 92064
88028 05161
43475 72601
60297 95630
68067 63936
42732 05544
88028 22658
77831 45410
31919 78581
66571 39136
05161 13222
39562 00945
43475 20071
03694 86412
71543 78997
60264 63936
84289 13222
96414 92064
05161 09147
50606 13222
71938 58747
64756 12114
66027 81970
64874 87939
72411 98834
40968 59503
60567 92092
86727 68706
07575 68067
06554 82238
29152 29948
69772 64001
01484 78581
92834 21682
44255 45410
68897 86026
56291 51530
22505 17538
66725 53006
93177 17612
72601 83700
29363 51256
18672 18156
83764 20820
83700 05687
58747 79948
93777 83857
54064 79467
39562 81153
10781 29948
10089 45235
54855 60724
91454 59143
54165 09602
71543 80145
96414 06554
60567 67933
50057 61801
10791 74536
03966 11206
66211 83700
86727 35785
53456 43647
56518 37053
10791 33932
84425 11206
03154 19084
21388 21449
77504 06631
20071 83433
22505 70271
39845 49855
49514 54837
92114 71006
17612 41792
12950 81094
83307 21136
84289 56291
20608 80306
12722 10167
48392 95072
17499 03154
03691 28522
55575 02661
45235 92931
03691 44255
60297 38007
41155 58155
77831 06554
64103 21657
11199 81153
06554 12114
12722 69362
41788 53456
21657 77504
17538 67040
07747 64756
64756 79737
48392 10791
64874 87660
01569 83307
49148 66502
00085 06206
58747 23386
68706 63873
58278 01071
85535 21682
98144 55408
37183 39136
15176 36319
59771 42653
49048 69804
22658 15827
35028 00814
54064 50606
91208 00085
76813 68323
78997 58772
84182 10167
99180 16669
92250 92834
02961 64874
11694 55229
50470 99180
93777 15827
39557 95051
42653 02961
92114 94947
16669 60264
73932 21136
13111 59503
67933 06502
66502 08762
60516 00814
64001 45410
23322 29863
54217 94576
67355 04097
49649 42144
50005 87939
12114 50470
36502 94337
71543 39136
29953 45359
59143 49147
00814 65597
71938 29182
29363 17538
48392 42732
58794 39136
00085 09476
68323 47364
61801 48392
98802 64897
76748 18672
58772 17766
81076 33780
01755 33780
94826 36511
17963 47151
25631 81094
43954 93177
29152 76813
27106 30331
67040 62227
49855 47151
70271 39845
09147 36884
53006 09205
56518 66571
46979 96825
58853 21682
04775 49147
69772 79737
54837 89087
40920 66671
94576 17538
81153 92931
27106 81256
11982 49143
53638 72411
30509 63873
84425 60516
35028 71543
36319 38007
94947 90504
53456 25836
79737 17332
11982 22271
51354 22658
22271 54217
15176 48392
29953 78997
40860 59503
94048 06060
05072 40061
60724 79496
43271 58155
84335 01071
66027 23322
79948 94337
84425 02661
42653 98802
92459 12155
17963 94576
88218 83307
43475 77504
64193 86026
29182 12155
27106 84376
80145 46487
13753 86727
49148 12950
92558 94048
60516 36884
84973 45722
30570 68067
04097 79352
66671 63873
20998 56291
82238 87125
13222 95051
92092 81076
73932 16692
83700 92064
25783 71006
21388 29863
72259 77504
79948 19084
64001 69772
61685 36319
29953 95051
00945 67933
15827 27106
92250 43475
60264 92558
46487 05161
83764 06878
62227 86727
96626 82345
58747 04649
71006 80306
17612 96825
76813 47452
58794 06878
25836 10791
79737 44255
15827 46487
93177 50005
58772 27106
46979 43954
92092 49855
20071 68067
81674 23386
99689 92558
83307 50003
43475 16669
49048 19084
51530 58665
58853 58505
72601 05846
58794 58747
10791 53006
80145 64193
86412 04649
55229 61007
16572 25109
50470 05687
06060 45410
83433 47941
80145 71938
06631 85079
90504 96825
17612 33932
28098 33932
13111 41162
72411 90795
16572 00945
65358 53006
43271 92689
76246 08762
50057 39845
08762 25631
96414 92558
60724 30331
95072 75372
43647 01484
03694 93777
88028 88548
22658 25180
46487 55575
66725 17963
97005 10781
83062 06631
37183 60516
72601 73741
98022 30509
83368 92250
98834 45359
23322 12114
30509 45235
97704 84289
17538 95630
37183 93389
66571 36502
92255 06206
40968 63936
84335 58853
83764 66502
90795 31297
11982 01755
16430 00814
67040 78581
84376 30331
61007 92064
47941 59503
06502 42653
92689 47447
17612 01484
77504 38158
83764 53638
01484 50057
96414 62046
37053 90795
25180 81256
67933 13753
91961 75962
93389 06878
33780 00945
16692 42834
90504 64874
55575 45359
02080 20265
86026 72411
29363 41155
68067 97005
48134 45235
32600 71938
82345 55575
60516 30331
13753 33780
38126 78581
36319 00945
47139 58853
50003 58155
64874 58155
25631 32600
83700 63936
41162 47364
67040 33780
77504 59503
72411 45359
66725 40920
12061 40968
54217 15176
66725 93177
81970 03691
92931 66671
34157 09602
64058 90190
38039 64103
79948 84425
82003 80306
50003 28098
71237 72411
54217 88218
80145 49649
49514 09602
06878 00814
71938 95051
12155 56518
36319 96825
92952 36120
58772 90795
58278 83700
95051 18672
12155 92459
50057 81076
95630 20265
24961 81477
63775 79948
11982 25783
34157 36511
64874 06502
94337 75043
33932 10089
55575 71938
82414 06206
42834 31919
95630 81153
61685 44859
80145 53638
77504 92250
02080 75372
81094 55575
81970 40061
30509 81153
71006 67040
20820 08762
79352 98567
40860 29863
40061 82414
01071 21657
73932 50057
07112 05544
53638 49148
00945 42653
58853 35368
92602 78997
77831 72173
92558 23680
16572 74536
96825 82003
35368 44029
15827 80038
72601 55229
85079 41162
42144 69804
58278 72601
98834 76748
Queries
12950 93777
79467 18672
44255 18101
50470 23680
17538 65358
60948 76246
39845 40860
04775 53638
51256 38158
45410 48392
04649 17538
66027 05072
96626 76246
92558 54499
84973 21657
47151 58772
81970 86412
59143 47364
49855 13111
10781 86656
10781 94826
94048 95630
51530 21682
25109 67933
39845 59503
92931 39557
22658 98144
35368 09602
91208 30509
17332 44255
87939 35028
11199 76813
83307 92250
23322 98802
20820 75666
77504 97005
10167 56518
54165 05687
45235 50057
33932 49649
94826 59771
48134 73932
76748 43954
72173 39845
55229 23322
47452 37183
71237 13753
67040 15176
98144 06502
85079 95630
84736 88028
44255 94826
64897 83764
17499 28098
49143 39136
39845 65358
64874 84736
84425 94826
91454 47941
81153 91454
86727 82238
49855 11199
03225 83368
58794 29401
60567 50005
78581 67040
96626 15827
17612 04775
71543 35028
07575 54165
18672 98834
35230 50005
60264 62227
83307 51354
37053 88548
23386 47447
53456 58794
97005 37053
40968 64874
06631 03225
90795 92834
56291 41155
58155 72259
09147 80306
10167 72173
83700 58747
66027 02961
92558 25050
95051 18672
05072 71237
54855 94947
38007 42834
83764 92064
45410 79948
06554 16572
58278 56518
11694 10167
59143 69772
17612 16692
13222 20608
66725 71356
66725 86656
92689 60724
05687 93389
28098 36120
47452 68067
98022 99180
93777 16669
64756 82110
41155 81076
03694 48392
97509 15827
73932 49649
11694 36502
66027 47447
64058 72411
63873 92834
45235 62046
38039 92834
33780 98144
38126 25050
65597 98834
42834 98022
37003 75043
50003 87939
97005 17766
38126 50057
94576 35028
33932 72411
80145 40920
10791 92689
99689 29863
13222 41162
38039 77504
67355 12950
58829 33932
72411 98567
02661 23322
54837 75372
35785 09205
16968 53456
03225 59763
98834 03225
81256 92834
22505 28098
60516 30566
50470 64058
59771 61801
85281 48134
75372 68323
77504 96414
68897 90795
22658 05161
25631 59763
66725 16572
93177 82003
13753 03694
91961 42144
12950 42732
88548 03154
55229 85079
94337 67040
65597 36319
12114 11982
61801 18156
55575 72411
84289 42834
43647 76748
98834 98834
17499 90566
81674 78997
49649 39562
44859 12155
41155 30971
35230 49143
11199 00085
03694 42144
84973 92459
93705 86412
64001 96414
58505 78997
40860 43475
87939 29182
39845 92558
91208 88548
77504 59143
72259 66211
42403 92092
71938 92558
16572 38126
36502 07112
79737 47447
81674 86026
68706 31297
56291 54837
61801 67933
71356 92931
72411 58772
54064 03966
06060 64756
34157 42653
66671 53638
47139 86412
21388 91208
11206 18672
10167 94947
49514 07575
92092 67933
11694 12114
41162 40860
66027 75043
94947 20071
03154 10167
79496 64756
91454 90795
77504 82238
75962 92459
12950 74536
77831 03966
48358 72173
43271 66571
85535 39136
Thinking
start 19084 src 19084
19084 03154 src 19084
19084 79948 src 19084
19084 49048 src 19084
03154 80145 src 19084
03154 16968 src 19084
03154 88548 src 19084
03154 17499 src 19084
79948 55575 src 19084
79948 68897 src 19084
79948 27106 src 19084
79948 95051 src 19084
79948 85281 src 19084
79948 58747 src 19084
79948 94337 src 19084
79948 84425 src 19084
79948 63775 src 19084
49048 67355 src 19084
49048 50606 src 19084
49048 69804 src 19084
80145 11206 src 19084
80145 51354 src 19084
80145 71543 src 19084
80145 46487 src 19084
80145 64193 src 19084
80145 71938 src 19084
80145 49649 src 19084
80145 53638 src 19084
88548 13222 src 19084
88548 88028 src 19084
17499 20820 src 19084
17499 98834 src 19084
55575 02661 src 19084
55575 45359 src 19084
55575 82345 src 19084
55575 81094 src 19084
68897 04097 src 19084
68897 31297 src 19084
68897 86026 src 19084
27106 83857 src 19084
27106 25631 src 19084
27106 30331 src 19084
27106 81256 src 19084
27106 84376 src 19084
27106 15827 src 19084
27106 58772 src 19084
95051 84182 src 19084
95051 60724 src 19084
95051 39557 src 19084
95051 29953 src 19084
95051 18672 src 19084
85281 29182 src 19084
58747 23386 src 19084
58747 04649 src 19084
58747 58794 src 19084
94337 56518 src 19084
94337 36502 src 19084
94337 75043 src 19084
84425 60516 src 19084
67355 80038 src 19084
67355 09147 src 19084
50606 37053 src 19084
50606 54064 src 19084
69804 29401 src 19084
69804 64058 src 19084
69804 58665 src 19084
69804 42144 src 19084
11206 00718 src 19084
11206 65597 src 19084
11206 03966 src 19084
51354 22658 src 19084
71543 86412 src 19084
71543 78997 src 19084
71543 39136 src 19084
71543 35028 src 19084
46487 05161 src 19084
64193 91961 src 19084
71938 32600 src 19084
53638 04775 src 19084
53638 56291 src 19084
53638 72411 src 19084
53638 83764 src 19084
53638 49148 src 19084
13222 84289 src 19084
88028 97509 src 19084
20820 08762 src 19084
98834 60948 src 19084
98834 76748 src 19084
45359 49147 src 19084
82345 96626 src 19084
81094 20998 src 19084
81094 12950 src 19084
04097 71237 src 19084
04097 79352 src 19084
31297 59143 src 19084
31297 90795 src 19084
83857 93777 src 19084
81256 25180 src 19084
58772 75666 src 19084
58772 17766 src 19084
84182 54499 src 19084
84182 10167 src 19084
60724 54855 src 19084
60724 79496 src 19084
39557 18156 src 19084
29182 12155 src 19084
23386 81674 src 19084
58794 06878 src 19084
56518 92459 src 19084
56518 66571 src 19084
60516 00814 src 19084
60516 36884 src 19084
60516 37183 src 19084
54064 91454 src 19084
54064 79467 src 19084
64058 30971 src 19084
64058 90190 src 19084
58665 51530 src 19084
42144 98567 src 19084
65597 76246 src 19084
22658 59763 src 19084
22658 66502 src 19084
86412 03694 src 19084
78997 92602 src 19084
05161 67722 src 19084
91961 75962 src 19084
83764 37003 src 19084
84289 97704 src 19084
25180 12722 src 19084
06878 16430 src 19084
06878 93389 src 19084
92459 10494 src 19084
12722 69362 src 19084
start 77504 src 77504
77504 09476 src 77504
77504 64001 src 77504
77504 87125 src 77504
77504 06631 src 77504
77504 21657 src 77504
77504 43475 src 77504
77504 72259 src 77504
77504 38158 src 77504
77504 59503 src 77504
77504 92250 src 77504
09476 82238 src 77504
09476 82110 src 77504
09476 00085 src 77504
64001 72601 src 77504
64001 69772 src 77504
64001 45410 src 77504
87125 76813 src 77504
87125 34157 src 77504
06631 85079 src 77504
06631 83062 src 77504
21657 16669 src 77504
21657 64103 src 77504
21657 01071 src 77504
43475 06206 src 77504
43475 45722 src 77504
43475 09602 src 77504
43475 20071 src 77504
59503 40968 src 77504
59503 13111 src 77504
59503 40860 src 77504
59503 47941 src 77504
92250 92834 src 77504
92250 83368 src 77504
82238 81970 src 77504
82238 73741 src 77504
82238 06554 src 77504
82110 66211 src 77504
82110 07575 src 77504
00085 07747 src 77504
00085 91208 src 77504
72601 06060 src 77504
72601 58278 src 77504
72601 42403 src 77504
72601 83700 src 77504
72601 05846 src 77504
72601 55229 src 77504
69772 94826 src 77504
69772 79737 src 77504
45410 21449 src 77504
45410 58829 src 77504
45410 77831 src 77504
45410 44255 src 77504
76813 68323 src 77504
76813 29152 src 77504
76813 47452 src 77504
34157 84335 src 77504
34157 36511 src 77504
85079 41162 src 77504
83062 26494 src 77504
16669 92064 src 77504
16669 99180 src 77504
16669 60264 src 77504
64103 38039 src 77504
06206 23680 src 77504
06206 92255 src 77504
06206 82414 src 77504
45722 55408 src 77504
45722 66027 src 77504
45722 48358 src 77504
45722 84973 src 77504
09602 54165 src 77504
09602 49514 src 77504
20071 24961 src 77504
20071 93705 src 77504
20071 81477 src 77504
20071 83433 src 77504
20071 68067 src 77504
40968 85535 src 77504
40968 03225 src 77504
40968 63936 src 77504
40968 12061 src 77504
13111 96414 src 77504
40860 23322 src 77504
40860 97005 src 77504
40860 29863 src 77504
47941 05072 src 77504
92834 21682 src 77504
83368 99689 src 77504
81970 64756 src 77504
81970 03691 src 77504
81970 40061 src 77504
73741 61007 src 77504
06554 11694 src 77504
06554 92952 src 77504
06554 12114 src 77504
66211 50470 src 77504
06060 94048 src 77504
58278 17332 src 77504
83700 92558 src 77504
83700 05687 src 77504
05846 35368 src 77504
55229 47139 src 77504
55229 21388 src 77504
94826 98144 src 77504
21449 10781 src 77504
77831 72173 src 77504
68323 47364 src 77504
29152 29948 src 77504
84335 58853 src 77504
41162 30566 src 77504
38039 28522 src 77504
48358 25050 src 77504
48358 84736 src 77504
84973 44029 src 77504
49514 54837 src 77504
68067 30570 src 77504
96414 36120 src 77504
96414 62046 src 77504
98144 55581 src 77504
58853 58505 src 77504
28522 89087 src 77504
start 92931 src 92931
92931 82003 src 92931
92931 74536 src 92931
92931 87939 src 92931
92931 25109 src 92931
92931 42653 src 92931
92931 53456 src 92931
92931 20265 src 92931
92931 61685 src 92931
92931 16692 src 92931
92931 45235 src 92931
92931 81153 src 92931
92931 66671 src 92931
82003 78581 src 92931
82003 98802 src 92931
82003 80306 src 92931
82003 96825 src 92931
74536 10791 src 92931
74536 16572 src 92931
87939 83307 src 92931
87939 64874 src 92931
87939 50005 src 92931
25109 43647 src 92931
25109 17612 src 92931
25109 38126 src 92931
25109 50003 src 92931
42653 35230 src 92931
42653 42834 src 92931
42653 46979 src 92931
42653 59771 src 92931
42653 02961 src 92931
42653 06502 src 92931
42653 00945 src 92931
53456 75372 src 92931
53456 64897 src 92931
53456 11982 src 92931
53456 41788 src 92931
53456 25836 src 92931
20265 02080 src 92931
20265 95630 src 92931
61685 38007 src 92931
61685 36319 src 92931
61685 44859 src 92931
16692 71356 src 92931
16692 73932 src 92931
45235 98022 src 92931
45235 86727 src 92931
45235 10089 src 92931
45235 30509 src 92931
45235 48134 src 92931
81153 39562 src 92931
81153 11199 src 92931
66671 43271 src 92931
66671 35785 src 92931
66671 40920 src 92931
66671 63873 src 92931
78581 94947 src 92931
78581 31919 src 92931
78581 01484 src 92931
78581 67040 src 92931
98802 71006 src 92931
98802 43954 src 92931
98802 17963 src 92931
80306 66725 src 92931
80306 20608 src 92931
96825 90504 src 92931
10791 39845 src 92931
10791 33932 src 92931
10791 48392 src 92931
10791 53006 src 92931
83307 21136 src 92931
83307 01569 src 92931
83307 88218 src 92931
64874 87660 src 92931
64874 58155 src 92931
50005 33222 src 92931
50005 93177 src 92931
43647 49855 src 92931
17612 47447 src 92931
17612 41792 src 92931
50003 28098 src 92931
35230 22271 src 92931
35230 17538 src 92931
35230 01755 src 92931
46979 94576 src 92931
59771 90566 src 92931
59771 47151 src 92931
06502 67933 src 92931
00945 65358 src 92931
00945 33780 src 92931
75372 95072 src 92931
64897 61801 src 92931
11982 70271 src 92931
11982 49143 src 92931
11982 25783 src 92931
95630 15176 src 92931
95630 60297 src 92931
73932 50057 src 92931
86727 09205 src 92931
86727 68706 src 92931
86727 13753 src 92931
86727 62227 src 92931
30509 41155 src 92931
43271 92689 src 92931
94947 92114 src 92931
48392 42732 src 92931
88218 54217 src 92931
49855 29363 src 92931
49855 92092 src 92931
41792 86656 src 92931
17538 22505 src 92931
67933 60567 src 92931
33780 81076 src 92931
25783 18101 src 92931
25783 51256 src 92931
68706 05544 src 92931
18101 07112 src 92931
Output
12950 93777 yes
79467 18672 yes
44255 18101 no
50470 23680 yes
17538 65358 yes
60948 76246 yes
39845 40860 no
04775 53638 yes
51256 38158 no
45410 48392 no
04649 17538 no
66027 05072 yes
96626 76246 yes
92558 54499 no
84973 21657 yes
47151 58772 no
81970 86412 no
59143 47364 no
49855 13111 no
10781 86656 no
10781 94826 yes
94048 95630 no
51530 21682 no
25109 67933 yes
39845 59503 no
92931 39557 no
22658 98144 no
35368 09602 yes
91208 30509 no
17332 44255 yes
87939 35028 no
11199 76813 no
83307 92250 no
23322 98802 no
20820 75666 yes
77504 97005 yes
10167 56518 yes
54165 05687 yes
45235 50057 yes
33932 49649 no
94826 59771 no
48134 73932 yes
76748 43954 no
72173 39845 no
55229 23322 yes
47452 37183 no
71237 13753 no
67040 15176 yes
98144 06502 no
85079 95630 no
84736 88028 no
44255 94826 yes
64897 83764 no
17499 28098 no
49143 39136 no
39845 65358 yes
64874 84736 no
84425 94826 no
91454 47941 no
81153 91454 no
86727 82238 no
49855 11199 yes
03225 83368 yes
58794 29401 yes
60567 50005 yes
78581 67040 yes
96626 15827 yes
17612 04775 no
71543 35028 yes
07575 54165 yes
18672 98834 yes
35230 50005 yes
60264 62227 no
83307 51354 no
37053 88548 yes
23386 47447 no
53456 58794 no
97005 37053 no
40968 64874 no
06631 03225 yes
90795 92834 no
56291 41155 no
58155 72259 no
09147 80306 no
10167 72173 no
83700 58747 no
66027 02961 no
92558 25050 yes
95051 18672 yes
05072 71237 no
54855 94947 no
38007 42834 yes
83764 92064 no
45410 79948 no
06554 16572 no
58278 56518 no
11694 10167 no
59143 69772 no
17612 16692 yes
13222 20608 no
66725 71356 yes
66725 86656 yes
92689 60724 no
05687 93389 no
28098 36120 no
47452 68067 yes
98022 99180 no
93777 16669 no
64756 82110 yes
41155 81076 yes
03694 48392 no
97509 15827 yes
73932 49649 no
11694 36502 no
66027 47447 no
64058 72411 yes
63873 92834 no
45235 62046 no
38039 92834 yes
33780 98144 no
38126 25050 no
65597 98834 yes
42834 98022 yes
37003 75043 yes
50003 87939 yes
97005 17766 no
38126 50057 yes
94576 35028 no
33932 72411 no
80145 40920 no
10791 92689 yes
99689 29863 yes
13222 41162 no
38039 77504 yes
67355 12950 yes
58829 33932 no
72411 98567 yes
02661 23322 no
54837 75372 no
35785 09205 yes
16968 53456 no
03225 59763 no
98834 03225 no
81256 92834 no
22505 28098 yes
60516 30566 no
50470 64058 no
59771 61801 yes
85281 48134 no
75372 68323 no
77504 96414 yes
68897 90795 yes
22658 05161 yes
25631 59763 yes
66725 16572 yes
93177 82003 yes
13753 03694 no
91961 42144 yes
12950 42732 no
88548 03154 yes
55229 85079 yes
94337 67040 no
65597 36319 no
12114 11982 no
61801 18156 no
55575 72411 yes
84289 42834 no
43647 76748 no
98834 98834 yes
17499 90566 no
81674 78997 yes
49649 39562 no
44859 12155 no
41155 30971 no
35230 49143 yes
11199 00085 no
03694 42144 yes
84973 92459 no
93705 86412 no
64001 96414 yes
58505 78997 no
40860 43475 yes
87939 29182 no
39845 92558 no
91208 88548 no
77504 59143 no
72259 66211 yes
42403 92092 no
71938 92558 no
16572 38126 yes
36502 07112 no
79737 47447 no
81674 86026 yes
68706 31297 no
56291 54837 no
61801 67933 yes
71356 92931 yes
72411 58772 yes
54064 03966 yes
06060 64756 yes
34157 42653 no
66671 53638 no
47139 86412 no
21388 91208 yes
11206 18672 yes
10167 94947 no
49514 07575 yes
92092 67933 yes
11694 12114 yes
41162 40860 yes
66027 75043 no
94947 20071 no
03154 10167 yes
79496 64756 no
91454 90795 yes
77504 82238 yes
75962 92459 yes
12950 74536 no
77831 03966 no
48358 72173 yes
43271 66571 no
85535 39136 no
End
