Graph
6986 2149
5009 7246
8107 9282
1208 6986
1528 0646
1983 1983
2149 1208
6451 9282
8107 6451
3397 2987
8138 9282
1983 6958
7583 5009
5049 0646
3060 1857
9282 9282
1208 1208
7246 7583
0049 0049
5049 1541
2149 1122
9233 9869
0646 6612
9869 9233
1208 0261
0386 5049
0781 3060
9988 9988
0646 6612
7690 7690
5049 9484
7395 1541
7583 7246
1857 6958
0781 3060
9966 2987
3060 2987
1208 1208
1541 9484
7690 7583
2987 6958
2987 9966
0261 1208
8107 6451
4347 6958
4800 3397
5844 8107
0024 2149
7246 5009
9282 6451
1541 9484
8107 2025
0049 0049
1857 3397
1983 1857
6986 4748
6451 9869
0386 1528
0386 1541
3397 2987
9484 9484
6986 0261
1528 8798
6958 4524
5049 0386
1208 0261
0781 1857
1541 0646
2025 6451
7246 7583
6958 3397
6612 6612
4524 1857
1208 6986
1528 0646
4800 1857
4748 2149
0698 1857
9233 5844
4748 1208
0049 7690
7690 7583
1122 0261
0646 7395
0698 4524
9282 5844
8138 9233
6451 9282
5009 7690
6451 8107
8138 8474
9988 4748
1208 6986
0386 0386
1541 8798
0024 6986
1857 6958
9282 8107
7583 7583
6958 3060
0024 1208
Queries
2149 4748
5049 0646
4347 9966
5049 8798
3397 0698
9233 5049
8474 7395
8798 9988
8474 0386
4347 6612
9988 4748
0698 3397
7583 0049
5049 1208
1983 0261
5009 4347
9988 2025
4748 5009
1528 8138
6612 9869
0049 8474
6958 9966
0049 0049
1122 6986
0386 8474
7395 3060
1208 1122
2987 0261
9282 4347
9988 1122
1122 1122
1528 2987
9988 0024
1122 4748
3060 2987
7690 5009
7690 5009
3397 0698
9869 9282
7690 1857
7690 6986
4800 7690
0049 1122
2025 9233
0049 1541
7583 9282
9484 1983
0024 7246
5049 5049
8138 9233
9233 0698
6958 9869
5009 5009
7246 7246
9484 4347
0646 3397
9966 3060
9484 0386
3060 9988
2025 5009
0386 2987
8474 5009
5009 7690
0049 7246
6451 9869
9869 3060
0781 4347
2987 4347
7583 0386
2025 8107
1541 1122
9233 9233
7583 7583
7395 1541
9869 9869
8474 5844
5009 7583
9988 1208
1541 7246
1983 2025
5009 7246
1528 5049
7583 5009
8474 5844
1122 2149
7246 2149
0024 1122
7246 5009
5844 7583
7395 0024
0646 9484
Thinking
start 1208 src 1208
1208 6986 src 1208
1208 2149 src 1208
1208 0261 src 1208
1208 4748 src 1208
1208 0024 src 1208
2149 1122 src 1208
4748 9988 src 1208
start 5049 src 5049
5049 0646 src 5049
5049 1541 src 5049
5049 0386 src 5049
5049 9484 src 5049
0646 1528 src 5049
0646 6612 src 5049
0646 7395 src 5049
1541 8798 src 5049
start 9282 src 9282
9282 8107 src 9282
9282 6451 src 9282
9282 8138 src 9282
9282 5844 src 9282
8107 2025 src 9282
6451 9869 src 9282
8138 9233 src 9282
8138 8474 src 9282
start 7246 src 7246
7246 5009 src 7246
7246 7583 src 7246
5009 7690 src 7246
7690 0049 src 7246
start 1857 src 1857
1857 3060 src 1857
1857 6958 src 1857
1857 3397 src 1857
1857 1983 src 1857
1857 0781 src 1857
1857 4524 src 1857
1857 4800 src 1857
1857 0698 src 1857
3060 2987 src 1857
6958 4347 src 1857
2987 9966 src 1857
Output
2149 4748 yes
5049 0646 yes
4347 9966 yes
5049 8798 yes
3397 0698 yes
9233 5049 no
8474 7395 no
8798 9988 no
8474 0386 no
4347 6612 no
9988 4748 yes
0698 3397 yes
7583 0049 yes
5049 1208 no
1983 0261 no
5009 4347 no
9988 2025 no
4748 5009 no
1528 8138 no
6612 9869 no
0049 8474 no
6958 9966 yes
0049 0049 yes
1122 6986 yes
0386 8474 no
7395 3060 no
1208 1122 yes
2987 0261 no
9282 4347 no
9988 1122 yes
1122 1122 yes
1528 2987 no
9988 0024 yes
1122 4748 yes
3060 2987 yes
7690 5009 yes
7690 5009 yes
3397 0698 yes
9869 9282 yes
7690 1857 no
7690 6986 no
4800 7690 no
0049 1122 no
2025 9233 yes
0049 1541 no
7583 9282 no
9484 1983 no
0024 7246 no
5049 5049 yes
8138 9233 yes
9233 0698 no
6958 9869 no
5009 5009 yes
7246 7246 yes
9484 4347 no
0646 3397 no
9966 3060 yes
9484 0386 yes
3060 9988 no
2025 5009 no
0386 2987 no
8474 5009 no
5009 7690 yes
0049 7246 yes
6451 9869 yes
9869 3060 no
0781 4347 yes
2987 4347 yes
7583 0386 no
2025 8107 yes
1541 1122 no
9233 9233 yes
7583 7583 yes
7395 1541 yes
9869 9869 yes
8474 5844 yes
5009 7583 yes
9988 1208 yes
1541 7246 no
1983 2025 no
5009 7246 yes
1528 5049 yes
7583 5009 yes
8474 5844 yes
1122 2149 yes
7246 2149 no
0024 1122 yes
7246 5009 yes
5844 7583 no
7395 0024 no
0646 9484 yes
End
