Graph
5202 4059
8951 4059
5725 2746
3690 9424
5959 5716
3769 0500
8496 8148
8039 3769
5181 5255
5794 5725
8148 8148
5181 5255
0461 5181
4344 3690
5184 4715
4344 4344
1342 2912
1342 8039
5725 8602
5202 5074
5725 5794
5202 5482
7846 8951
5716 3878
4344 4344
4558 1342
7846 7846
6564 6564
8148 0461
8496 5184
9424 6564
0500 5959
7919 5202
9462 8148
9424 6564
8494 1342
2746 4362
4558 8039
4344 4344
7846 2953
6564 9424
0461 5255
6830 2746
5482 2953
8039 8494
3769 8494
2449 7577
5482 5202
5184 7577
4344 4344
5912 3690
5725 2746
5074 7919
6830 6830
4715 7577
8951 5074
8951 5482
2746 8602
5202 2953
6564 3690
5482 8951
5716 4558
4344 9424
5794 5725
9424 6564
2116 5794
4362 6830
5794 4362
5716 8494
5181 4715
0500 8039
3429 8494
2080 3878
Queries
4558 1342
0461 2116
3769 4558
4715 5794
5794 5255
5912 3429
6564 4715
3690 4344
6830 4059
7919 8602
8951 4715
7919 5074
4344 5794
8602 2116
2116 0500
3429 2912
3429 8148
5912 9424
4362 5912
3769 0500
6564 3690
3429 4362
2953 5202
5181 2912
4344 5912
2746 6830
5725 7846
3878 2912
2449 4362
5202 4362
9462 5255
5184 2746
8602 9462
8496 7577
8496 5202
6830 4344
2116 2116
5202 4059
2953 5202
5912 2953
5794 9462
9424 5912
4558 5794
5184 8039
4362 2746
3769 8496
5181 4362
4059 7919
5725 5912
4558 5181
6564 5959
3690 5725
8951 7919
2116 5725
8039 5794
7577 5255
9424 5181
6830 2746
5482 5482
2953 5074
9462 5184
5482 7846
7846 6830
1342 5794
8494 1342
6564 4344
5202 3690
5794 5074
2116 2116
5074 7846
5725 5184
2449 5255
2746 6830
5959 8039
5482 5074
5181 4558
5202 5074
4344 4344
5912 5912
8496 1342
5255 5912
2912 8039
8602 2449
5482 5074
Thinking
start 5181 src 5181
5181 5255 src 5181
5181 0461 src 5181
5181 4715 src 5181
0461 8148 src 5181
4715 5184 src 5181
4715 7577 src 5181
8148 8496 src 5181
8148 9462 src 5181
7577 2449 src 5181
start 5074 src 5074
5074 5202 src 5074
5074 7919 src 5074
5074 8951 src 5074
5202 4059 src 5074
5202 5482 src 5074
5202 2953 src 5074
8951 7846 src 5074
start 2746 src 2746
2746 5725 src 2746
2746 4362 src 2746
2746 6830 src 2746
2746 8602 src 2746
5725 5794 src 2746
5794 2116 src 2746
start 6564 src 6564
6564 9424 src 6564
6564 3690 src 6564
9424 4344 src 6564
3690 5912 src 6564
start 8494 src 8494
8494 1342 src 8494
8494 8039 src 8494
8494 3769 src 8494
8494 5716 src 8494
8494 3429 src 8494
1342 2912 src 8494
1342 4558 src 8494
8039 0500 src 8494
5716 5959 src 8494
5716 3878 src 8494
3878 2080 src 8494
Output
4558 1342 yes
0461 2116 no
3769 4558 yes
4715 5794 no
5794 5255 no
5912 3429 no
6564 4715 no
3690 4344 yes
6830 4059 no
7919 8602 no
8951 4715 no
7919 5074 yes
4344 5794 no
8602 2116 yes
2116 0500 no
3429 2912 yes
3429 8148 no
5912 9424 yes
4362 5912 no
3769 0500 yes
6564 3690 yes
3429 4362 no
2953 5202 yes
5181 2912 no
4344 5912 yes
2746 6830 yes
5725 7846 no
3878 2912 yes
2449 4362 no
5202 4362 no
9462 5255 yes
5184 2746 no
8602 9462 no
8496 7577 yes
8496 5202 no
6830 4344 no
2116 2116 yes
5202 4059 yes
2953 5202 yes
5912 2953 no
5794 9462 no
9424 5912 yes
4558 5794 no
5184 8039 no
4362 2746 yes
3769 8496 no
5181 4362 no
4059 7919 yes
5725 5912 no
4558 5181 no
6564 5959 no
3690 5725 no
8951 7919 yes
2116 5725 yes
8039 5794 no
7577 5255 yes
9424 5181 no
6830 2746 yes
5482 5482 yes
2953 5074 yes
9462 5184 yes
5482 7846 yes
7846 6830 no
1342 5794 no
8494 1342 yes
6564 4344 yes
5202 3690 no
5794 5074 no
2116 2116 yes
5074 7846 yes
5725 5184 no
2449 5255 yes
2746 6830 yes
5959 8039 yes
5482 5074 yes
5181 4558 no
5202 5074 yes
4344 4344 yes
5912 5912 yes
8496 1342 no
5255 5912 no
2912 8039 yes
8602 2449 no
5482 5074 yes
End
