Graph
1190 9410
8347 9831
8291 1957
5090 6962
1957 6034
8718 0992
4727 1288
2263 5143
3679 5029
6019 3507
5019 8718
2274 2084
0837 4664
1010 1288
8347 6019
5776 8291
4731 6208
1730 5435
0837 1730
0964 2263
3128 8377
8377 5780
1010 5143
6962 4664
8772 6611
3128 5245
1010 3391
4731 1213
2166 6208
5243 1288
2274 5780
8718 9632
1957 5776
9632 8718
5090 2263
4329 2084
5029 1957
2166 8650
9668 1190
8650 3748
3128 2084
1288 6962
8301 4329
9632 3679
4329 5780
8718 3679
1957 7328
3128 6611
9349 9632
8650 8547
2166 3507
1730 1010
1190 4731
5029 3679
Queries
9668 3391
6962 4664
5143 4727
8650 8650
5435 3748
4664 0964
5776 3679
5143 9831
3679 5776
1957 8772
2084 8772
9349 9410
6611 2274
3391 5019
5776 8718
9410 5780
4731 2274
5143 5090
2274 4329
6611 6611
8718 4329
9632 8291
6034 8718
6034 2084
5435 4727
8547 3748
8718 7328
3679 8718
8772 9632
9831 6019
8718 4664
1190 3679
8650 9831
9349 8718
8772 3128
2084 8650
8650 6019
9632 6034
7328 5019
8547 0964
6208 1957
2263 5143
6208 9349
5435 5090
8718 8718
8301 8377
4731 9668
3128 3748
1730 2166
9410 6019
1957 8377
3391 6962
6962 6034
2166 9632
0992 6208
1730 9668
6019 6962
8347 2274
2274 2084
4329 8377
8301 7328
5780 3748
9831 7328
5435 1010
5780 8772
3128 5245
2084 6034
4727 5090
1190 8377
8301 2084
1730 5776
9668 8772
0964 4664
9831 9410
1190 0992
6962 8547
6962 3507
5780 3128
8772 1730
4727 6034
8291 9410
1190 5029
1288 5435
2263 1288
5435 1010
3391 4727
5776 9349
9668 4664
Thinking
start 5780 src 5780
5780 8377 src 5780
5780 2274 src 5780
5780 4329 src 5780
8377 3128 src 5780
2274 2084 src 5780
4329 8301 src 5780
3128 5245 src 5780
3128 6611 src 5780
6611 8772 src 5780
start 1288 src 1288
1288 4727 src 1288
1288 1010 src 1288
1288 5243 src 1288
1288 6962 src 1288
1010 5143 src 1288
1010 3391 src 1288
1010 1730 src 1288
6962 5090 src 1288
6962 4664 src 1288
5143 2263 src 1288
1730 5435 src 1288
1730 0837 src 1288
2263 0964 src 1288
start 4731 src 4731
4731 6208 src 4731
4731 1213 src 4731
4731 1190 src 4731
6208 2166 src 4731
1190 9410 src 4731
1190 9668 src 4731
2166 8650 src 4731
2166 3507 src 4731
8650 3748 src 4731
8650 8547 src 4731
3507 6019 src 4731
6019 8347 src 4731
8347 9831 src 4731
start 1957 src 1957
1957 8291 src 1957
1957 6034 src 1957
1957 5776 src 1957
1957 5029 src 1957
1957 7328 src 1957
5029 3679 src 1957
3679 9632 src 1957
3679 8718 src 1957
9632 9349 src 1957
8718 0992 src 1957
8718 5019 src 1957
Output
9668 3391 no
6962 4664 yes
5143 4727 yes
8650 8650 yes
5435 3748 no
4664 0964 yes
5776 3679 yes
5143 9831 no
3679 5776 yes
1957 8772 no
2084 8772 yes
9349 9410 no
6611 2274 yes
3391 5019 no
5776 8718 yes
9410 5780 no
4731 2274 no
5143 5090 yes
2274 4329 yes
6611 6611 yes
8718 4329 no
9632 8291 yes
6034 8718 yes
6034 2084 no
5435 4727 yes
8547 3748 yes
8718 7328 yes
3679 8718 yes
8772 9632 no
9831 6019 yes
8718 4664 no
1190 3679 no
8650 9831 yes
9349 8718 yes
8772 3128 yes
2084 8650 no
8650 6019 yes
9632 6034 yes
7328 5019 yes
8547 0964 no
6208 1957 no
2263 5143 yes
6208 9349 no
5435 5090 yes
8718 8718 yes
8301 8377 yes
4731 9668 yes
3128 3748 no
1730 2166 no
9410 6019 yes
1957 8377 no
3391 6962 yes
6962 6034 no
2166 9632 no
0992 6208 no
1730 9668 no
6019 6962 no
8347 2274 no
2274 2084 yes
4329 8377 yes
8301 7328 no
5780 3748 no
9831 7328 no
5435 1010 yes
5780 8772 yes
3128 5245 yes
2084 6034 no
4727 5090 yes
1190 8377 no
8301 2084 yes
1730 5776 no
9668 8772 no
0964 4664 yes
9831 9410 yes
1190 0992 no
6962 8547 no
6962 3507 no
5780 3128 yes
8772 1730 no
4727 6034 no
8291 9410 no
1190 5029 no
1288 5435 yes
2263 1288 yes
5435 1010 yes
3391 4727 yes
5776 9349 yes
9668 4664 no
End
