Graph
5996 4678
9812 2431
2166 7271
5378 9797
6485 9226
6995 1801
2950 5996
5950 2950
2166 2166
3431 6681
9158 1748
4678 0677
6566 9797
5996 7090
0707 5996
9812 0296
5996 6711
0707 6681
7657 6566
4628 6485
8740 4657
4678 5950
0383 9226
6995 6485
0707 4678
6566 8740
5996 7045
9489 6485
6485 9489
7070 1748
8757 3607
0841 2431
1748 3059
7657 1710
2166 9181
8757 8090
1066 3607
6566 7657
7855 3059
1053 2812
9797 8740
8090 0841
2166 7855
5996 0677
4678 0707
7928 0841
2487 3431
9812 0440
9812 3607
7657 4657
0236 0236
3059 7271
0707 0677
2812 1801
9489 2812
6485 0383
2487 7090
9812 0854
3574 9226
1748 9181
1053 2812
2166 9181
7271 3059
9797 5378
7928 0854
0854 2431
6995 9226
9797 6566
0483 6995
7271 1748
9812 9812
6711 2487
1801 3574
7855 7070
7855 1748
9489 0383
6566 6566
6566 7657
6566 1710
0483 9489
2812 6995
7070 9181
7855 9181
0440 0440
0854 0236
7657 5378
3431 0707
9812 3607
3607 0236
8740 5378
9489 6995
3059 7855
3607 1066
7928 8090
0296 1066
7928 3607
7855 2166
3574 6485
7070 9181
6566 5378
9181 1748
3574 9489
7855 3059
7090 2487
0440 2431
8090 2431
6711 5950
6681 0677
0677 6681
1801 9226
0677 3431
0483 0383
4628 4628
0483 9489
0707 0707
7070 7855
6566 4657
6995 3574
4657 1710
3059 9181
0383 1053
7070 9181
5950 7090
1801 6995
6711 0677
8090 1066
3607 8090
4628 1053
7271 7070
1710 8740
7855 9158
2487 2950
1710 4657
Queries
0383 1066
0236 0440
9489 0677
6566 1066
7070 6681
2487 4657
1053 5996
8740 7657
7855 9158
0854 1748
7271 2166
2166 7855
1053 9158
3431 0483
2431 6995
5378 1710
8740 7657
9797 6566
6681 4678
5378 6711
2431 2950
5996 6566
0440 0677
6681 5950
0677 6681
7657 1710
9226 9489
9797 4657
1748 5950
7271 3607
0296 7928
5996 5996
0677 7855
1053 2431
0707 7855
9158 3607
7855 7855
9181 5378
1801 1066
3059 1748
9181 7928
2166 0296
7271 7271
7045 5996
2487 7271
0296 9812
0383 6995
6566 9158
7657 0483
6711 7045
4657 2431
7070 9158
6681 7070
7928 5378
9489 3574
8757 9812
6485 4628
2166 9181
7928 3059
2166 4657
1710 0841
7090 2487
7070 9158
6995 9797
6485 6485
9158 9181
6566 4628
9797 1748
9158 1748
2166 9158
0854 9158
5996 6681
8090 3574
9489 0383
1748 9181
3431 6681
9226 3431
2166 7855
5950 6681
1801 0296
9226 1801
3059 0677
9812 8090
7855 9158
5378 7657
4678 7070
Thinking
start 1710 src 1710
1710 7657 src 1710
1710 6566 src 1710
1710 4657 src 1710
1710 8740 src 1710
7657 5378 src 1710
6566 9797 src 1710
start 7271 src 7271
7271 2166 src 7271
7271 3059 src 7271
7271 1748 src 7271
7271 7070 src 7271
2166 9181 src 7271
2166 7855 src 7271
1748 9158 src 7271
start 9489 src 9489
9489 6485 src 9489
9489 2812 src 9489
9489 0383 src 9489
9489 0483 src 9489
9489 6995 src 9489
9489 3574 src 9489
6485 9226 src 9489
6485 4628 src 9489
2812 1053 src 9489
2812 1801 src 9489
start 7090 src 7090
7090 5996 src 7090
7090 2487 src 7090
7090 5950 src 7090
5996 4678 src 7090
5996 2950 src 7090
5996 0707 src 7090
5996 6711 src 7090
5996 7045 src 7090
5996 0677 src 7090
2487 3431 src 7090
0707 6681 src 7090
start 7928 src 7928
7928 0841 src 7928
7928 0854 src 7928
7928 8090 src 7928
7928 3607 src 7928
0841 2431 src 7928
0854 9812 src 7928
0854 0236 src 7928
8090 8757 src 7928
8090 1066 src 7928
2431 0440 src 7928
9812 0296 src 7928
Output
0383 1066 no
0236 0440 yes
9489 0677 no
6566 1066 no
7070 6681 no
2487 4657 no
1053 5996 no
8740 7657 yes
7855 9158 yes
0854 1748 no
7271 2166 yes
2166 7855 yes
1053 9158 no
3431 0483 no
2431 6995 no
5378 1710 yes
8740 7657 yes
9797 6566 yes
6681 4678 yes
5378 6711 no
2431 2950 no
5996 6566 no
0440 0677 no
6681 5950 yes
0677 6681 yes
7657 1710 yes
9226 9489 yes
9797 4657 yes
1748 5950 no
7271 3607 no
0296 7928 yes
5996 5996 yes
0677 7855 no
1053 2431 no
0707 7855 no
9158 3607 no
7855 7855 yes
9181 5378 no
1801 1066 no
3059 1748 yes
9181 7928 no
2166 0296 no
7271 7271 yes
7045 5996 yes
2487 7271 no
0296 9812 yes
0383 6995 yes
6566 9158 no
7657 0483 no
6711 7045 yes
4657 2431 no
7070 9158 yes
6681 7070 no
7928 5378 no
9489 3574 yes
8757 9812 yes
6485 4628 yes
2166 9181 yes
7928 3059 no
2166 4657 no
1710 0841 no
7090 2487 yes
7070 9158 yes
6995 9797 no
6485 6485 yes
9158 9181 yes
6566 4628 no
9797 1748 no
9158 1748 yes
2166 9158 yes
0854 9158 no
5996 6681 yes
8090 3574 no
9489 0383 yes
1748 9181 yes
3431 6681 yes
9226 3431 no
2166 7855 yes
5950 6681 yes
1801 0296 no
9226 1801 yes
3059 0677 no
9812 8090 yes
7855 9158 yes
5378 7657 yes
4678 7070 no
End
