Graph
37757 05388
09515 00104
15538 54695
85110 01015
66426 28465
17205 70649
60887 08493
78523 21104
14474 66873
70649 12848
63457 53189
97245 44600
22706 92480
01015 03101
17855 70649
36460 84743
60759 94399
37757 41691
89554 39378
16680 09630
13315 14764
83391 94399
77923 38959
52068 52391
72568 34500
21843 21553
92164 46711
79327 46162
65831 66734
72568 15678
84743 59018
53189 82558
77040 37757
79327 08493
24347 02357
48739 51197
03559 98994
75868 17613
14780 67766
99573 98053
59348 40420
76073 18308
41000 97472
36460 50934
30337 79327
22706 59779
09630 64575
91236 14780
18308 01015
40420 92164
18117 39109
14780 82577
33657 43569
33773 23292
36851 48739
89982 37577
67308 58713
05129 38959
24227 25750
75519 78375
92164 14764
65706 83213
82148 24278
14474 07878
77318 41000
91547 46992
68988 39384
39378 19198
33657 86016
67986 99720
31749 44600
98289 28075
76100 67308
81050 95367
64499 52068
14764 14780
98994 60759
70649 03559
41000 42529
15678 54695
59991 92079
52068 58288
90691 69414
76100 79994
06207 12848
21553 77318
68988 99503
97245 16680
15198 72834
22036 03660
92924 95229
83391 90271
34039 93405
82558 39109
98053 33425
95229 18131
39378 73907
00004 13315
93405 81050
03660 09537
37577 44600
73907 01015
81398 60887
54520 92480
37757 00104
21553 08493
72834 60321
14474 98424
58713 15678
94399 23491
14780 67766
99136 08375
54570 39194
86016 06207
80762 92164
63349 09515
15198 94165
06429 12502
95229 00104
15845 94165
49184 59348
41767 66426
22017 34500
92924 94399
50934 56577
95229 23491
72568 72805
02357 03101
77318 08698
93896 75519
54695 08865
52729 90271
38570 45023
82148 97245
22017 72805
33425 77040
80916 41000
23406 66873
44600 15816
61758 12502
78692 12269
90964 28075
56280 59779
93896 30337
21553 75868
41468 99503
63000 97472
63734 26724
65706 14764
65706 88955
52713 46162
37757 78523
54209 85110
80837 92298
03018 08698
75868 90846
44600 94011
92079 94399
25638 33657
18466 60321
87378 72002
36851 12502
33425 38570
08660 25638
95367 14780
80762 15845
78375 41000
89982 94011
77040 37757
25477 18203
66426 37577
12848 06132
92924 54615
42437 54695
12963 36851
66426 24227
46711 67766
18466 50934
63349 33657
52729 54570
02357 18308
71816 03660
44361 42437
21553 21553
22764 28075
03261 37577
88955 66595
00944 06886
72805 15540
24227 08375
00093 54520
17240 04023
16680 59860
07878 98424
14474 21553
61725 54551
14780 52068
92164 72834
68015 03660
94011 08865
98289 28075
61725 99225
92164 48739
71816 58943
49184 87378
03101 15816
80834 73763
01683 13315
71730 72805
41767 90964
34039 36460
33425 94399
45340 83391
44361 01015
89100 65904
08660 33657
99225 54551
77808 82577
16680 28465
14764 15845
61758 56577
18466 71507
05388 03559
80837 05536
75868 75868
73907 26576
00104 37358
58943 54551
70649 95229
22706 42529
41000 98424
69796 54570
77808 50934
13315 12580
96910 66873
09630 41468
08375 19198
19198 16680
04205 18117
18308 08375
59860 73907
90813 52729
91236 40935
23491 12462
46992 82577
08660 98053
23491 77923
00944 95367
98289 31749
65831 15845
53189 63457
23491 54551
37321 03101
18203 26724
15816 39378
78523 35853
08660 61725
45023 38959
82577 14780
67986 18308
51197 46711
52729 00104
98289 76100
17205 65904
47413 78375
26576 24278
63734 18131
15538 41767
95229 12462
67766 88955
47413 90691
63000 78375
09515 61725
24347 54209
17240 59348
01683 24047
38959 37757
28465 54695
63000 69414
26576 10505
94011 03101
04023 36851
85939 09630
35853 78297
23406 78375
39109 04205
15540 59860
09515 33657
83298 09515
82148 03101
98289 82148
99225 33657
95229 00104
26576 24347
52688 00104
04023 91236
92164 94165
95367 66595
99503 25750
23292 90813
95229 89100
34500 24227
00093 17613
52729 94399
92164 72002
46711 56577
58649 85939
04205 98424
63457 04205
38570 17205
78692 04023
89982 98289
98424 52713
42437 15816
00093 42529
66734 06886
50934 25308
94399 37358
04205 14474
14780 40935
79994 71730
21553 08493
50934 40420
94165 40420
22133 13315
00553 05129
87378 04023
96910 59779
28465 16680
52713 23406
61725 99573
65904 78297
36460 65831
12462 80837
21553 39109
37757 26724
78375 08698
46992 78692
48739 25308
99503 09630
26724 39194
71507 14764
26724 22036
22036 05536
24047 67766
03261 64973
80916 54520
90691 97472
31749 79994
03527 15816
82577 72834
88955 12269
25638 33425
52713 79897
52068 73763
25638 04695
10505 42860
73763 12963
22133 81050
04023 40420
66595 51197
26576 73635
91236 12269
71507 88955
92480 18117
78375 78353
21104 80837
75868 96924
40420 00944
01015 15488
72805 01015
37577 39384
00944 38560
02357 15538
86016 63734
14764 57156
14474 97472
09537 78297
25477 94399
56280 53189
44766 90691
08493 92480
22017 71730
18117 00093
69796 54615
67766 61758
00553 22036
91547 80834
67766 06886
71816 00104
64973 24347
18131 06207
00004 78692
17613 79327
18682 15816
18117 21843
15538 39378
63349 57477
96924 53690
78375 53690
98424 21553
57477 77923
18203 80837
58943 54551
85939 15816
79327 46162
64973 37321
99503 28465
34500 16680
59018 92164
98053 26724
23491 57477
05388 06132
26724 45023
08865 67308
41000 79327
44766 75868
03660 94399
80916 59779
94165 93405
12580 14764
34500 85939
41000 04205
08660 68015
99136 37577
01015 15540
58649 42437
06886 48739
59779 07878
67308 03101
71816 37601
21553 54520
25477 45340
Queries
63734 78375
46162 47413
63000 47413
92164 21104
35853 05388
92298 06207
02357 97245
78523 00104
28075 92924
71816 46711
12462 71816
22017 66734
72834 41468
66734 15198
60759 52068
21843 79897
15488 24047
65831 37358
64973 96910
15540 77318
59779 66734
88955 65831
76100 72805
52729 17855
09537 93405
26576 85939
90813 92924
57156 14764
59348 87378
12580 59860
26724 18131
44766 80762
15488 68988
46992 59348
72805 15538
96924 25477
06429 53189
85110 52713
73763 57477
12269 52713
17240 12963
44766 18117
54570 17205
92298 17855
90846 36460
93405 06886
09515 54615
26576 08865
95229 71730
72805 71730
90691 14764
22017 59860
83298 15198
59860 66595
03101 54695
77923 22706
97245 06207
72568 68988
67766 25308
52391 40420
79897 67986
09630 50934
41468 53690
68015 54615
90964 98289
01015 79897
78692 93896
78692 84743
24278 77318
57477 91547
04023 22133
82558 75868
94011 18682
90271 75519
53189 23406
35853 72002
03018 93896
21104 42437
77808 47413
77318 90691
18117 68988
28075 63457
22764 88955
77923 54551
46162 63000
38959 23491
97472 71816
54570 00004
97472 14474
83391 95367
33657 90813
60887 79327
23292 86016
03527 15488
15540 28465
99225 18203
21843 89100
79897 72834
24227 73635
76100 94011
22017 75519
28075 37321
24227 54615
08698 98424
01683 48739
28465 53189
81050 64575
96924 99136
89100 21104
88955 50934
00553 80834
02357 10505
77040 57477
60887 75519
84743 01015
06429 05536
69796 66734
24278 18117
81050 56280
15198 88955
57156 41767
07878 39384
08493 89554
79994 97472
38560 14780
52713 63457
75868 40935
44600 77923
35853 38560
04695 42860
58943 47413
59018 41468
18682 57156
73907 39384
02357 81398
46992 51197
25308 48739
68988 72805
89100 86016
13315 53690
53189 58649
60887 79897
00104 15538
00104 33657
78523 39384
39109 30337
36460 06207
17613 36851
37577 23406
38560 61758
59860 54209
56280 41000
54520 72834
14764 36460
23491 80916
68988 41468
77808 77808
92924 63457
84743 95367
21553 79327
25638 52688
59018 63000
64499 52391
93896 00104
26576 91236
99136 24278
72834 59860
75519 38560
61758 44600
99225 52729
90691 14474
09630 42860
15678 98289
92298 09515
12848 14780
15538 59018
73635 80916
99225 39194
41767 37757
59860 19198
53690 22036
21843 52713
46992 18466
06886 03261
67308 17205
54615 63734
92924 05129
25308 91547
81398 72002
79897 93896
42437 42437
60759 81398
65706 82558
92480 23292
60887 34039
82577 89982
47413 63734
30337 39194
93896 23292
57477 58713
45340 17613
66595 46711
69414 92924
63000 89554
52391 97472
92480 15488
57156 07878
59779 92480
77040 53189
60759 54551
59860 78375
83298 08698
94165 93896
63349 80916
94011 99720
87378 90964
13315 23406
67308 24278
14474 75519
91547 68988
26724 59991
25308 33425
73763 99136
63457 97245
06886 59860
15488 58649
42860 53690
98424 13315
12963 65831
07878 97472
73635 98994
63000 73907
35853 79994
42529 52713
75519 69414
52713 21843
25638 53690
92164 15538
17855 39109
72805 63457
91547 34039
40420 59348
06207 85939
60887 97472
52729 22706
92164 15845
22706 22706
15845 12580
16680 18308
03261 23292
42529 00093
82577 39109
12462 83391
75519 88955
53690 83213
17613 23406
54209 85939
09630 00944
37358 00104
00553 52729
21843 54520
58288 13315
80837 15488
22133 06429
78353 44766
09630 52729
63457 98424
14780 12848
42529 84743
15540 97472
94165 59348
88955 80834
92924 26724
52713 59779
31749 40935
88955 69796
86016 23491
54520 22764
31749 10505
00093 23292
98289 78297
93896 59348
40420 40420
09537 26724
93405 18466
61725 52729
Thinking
start 37757 src 37757
37757 05388 src 37757
37757 41691 src 37757
37757 77040 src 37757
37757 00104 src 37757
37757 78523 src 37757
37757 38959 src 37757
37757 26724 src 37757
05388 03559 src 37757
05388 06132 src 37757
77040 33425 src 37757
00104 09515 src 37757
00104 95229 src 37757
00104 37358 src 37757
00104 52729 src 37757
00104 52688 src 37757
00104 71816 src 37757
78523 21104 src 37757
78523 35853 src 37757
38959 77923 src 37757
38959 05129 src 37757
38959 45023 src 37757
26724 63734 src 37757
26724 18203 src 37757
26724 39194 src 37757
26724 22036 src 37757
26724 98053 src 37757
03559 98994 src 37757
03559 70649 src 37757
06132 12848 src 37757
33425 38570 src 37757
33425 94399 src 37757
33425 25638 src 37757
09515 63349 src 37757
09515 61725 src 37757
09515 33657 src 37757
09515 83298 src 37757
95229 92924 src 37757
95229 18131 src 37757
95229 23491 src 37757
95229 12462 src 37757
95229 89100 src 37757
52729 90271 src 37757
52729 54570 src 37757
52729 90813 src 37757
71816 03660 src 37757
71816 58943 src 37757
71816 37601 src 37757
21104 80837 src 37757
35853 78297 src 37757
77923 57477 src 37757
05129 00553 src 37757
63734 86016 src 37757
18203 25477 src 37757
22036 05536 src 37757
98053 99573 src 37757
98053 08660 src 37757
98994 60759 src 37757
70649 17205 src 37757
70649 17855 src 37757
12848 06207 src 37757
94399 83391 src 37757
94399 92079 src 37757
25638 04695 src 37757
61725 54551 src 37757
61725 99225 src 37757
33657 43569 src 37757
92924 54615 src 37757
89100 65904 src 37757
54570 69796 src 37757
90813 23292 src 37757
03660 09537 src 37757
03660 68015 src 37757
80837 92298 src 37757
25477 45340 src 37757
92079 59991 src 37757
23292 33773 src 37757
start 14780 src 14780
14780 67766 src 14780
14780 91236 src 14780
14780 82577 src 14780
14780 14764 src 14780
14780 95367 src 14780
14780 52068 src 14780
14780 40935 src 14780
67766 46711 src 14780
67766 88955 src 14780
67766 24047 src 14780
67766 61758 src 14780
67766 06886 src 14780
91236 04023 src 14780
91236 12269 src 14780
82577 77808 src 14780
82577 46992 src 14780
82577 72834 src 14780
14764 13315 src 14780
14764 92164 src 14780
14764 65706 src 14780
14764 15845 src 14780
14764 71507 src 14780
14764 57156 src 14780
14764 12580 src 14780
95367 81050 src 14780
95367 00944 src 14780
95367 66595 src 14780
52068 52391 src 14780
52068 64499 src 14780
52068 58288 src 14780
52068 73763 src 14780
46711 51197 src 14780
46711 56577 src 14780
24047 01683 src 14780
61758 12502 src 14780
06886 66734 src 14780
06886 48739 src 14780
04023 17240 src 14780
04023 36851 src 14780
04023 78692 src 14780
04023 87378 src 14780
04023 40420 src 14780
77808 50934 src 14780
46992 91547 src 14780
72834 15198 src 14780
72834 60321 src 14780
13315 00004 src 14780
13315 22133 src 14780
92164 80762 src 14780
92164 94165 src 14780
92164 72002 src 14780
92164 59018 src 14780
65706 83213 src 14780
15845 65831 src 14780
71507 18466 src 14780
81050 93405 src 14780
00944 38560 src 14780
73763 80834 src 14780
73763 12963 src 14780
12502 06429 src 14780
48739 25308 src 14780
17240 59348 src 14780
87378 49184 src 14780
50934 36460 src 14780
59018 84743 src 14780
93405 34039 src 14780
start 15816 src 15816
15816 44600 src 15816
15816 03101 src 15816
15816 39378 src 15816
15816 42437 src 15816
15816 03527 src 15816
15816 18682 src 15816
15816 85939 src 15816
44600 97245 src 15816
44600 31749 src 15816
44600 37577 src 15816
44600 94011 src 15816
03101 01015 src 15816
03101 02357 src 15816
03101 37321 src 15816
03101 82148 src 15816
03101 67308 src 15816
39378 89554 src 15816
39378 19198 src 15816
39378 73907 src 15816
39378 15538 src 15816
42437 54695 src 15816
42437 44361 src 15816
42437 58649 src 15816
85939 09630 src 15816
85939 34500 src 15816
97245 16680 src 15816
31749 98289 src 15816
31749 79994 src 15816
37577 89982 src 15816
37577 66426 src 15816
37577 03261 src 15816
37577 39384 src 15816
37577 99136 src 15816
94011 08865 src 15816
01015 85110 src 15816
01015 18308 src 15816
01015 15488 src 15816
01015 72805 src 15816
01015 15540 src 15816
02357 24347 src 15816
37321 64973 src 15816
82148 24278 src 15816
67308 58713 src 15816
67308 76100 src 15816
19198 08375 src 15816
73907 26576 src 15816
73907 59860 src 15816
15538 41767 src 15816
54695 15678 src 15816
54695 28465 src 15816
09630 64575 src 15816
09630 41468 src 15816
09630 99503 src 15816
34500 72568 src 15816
34500 22017 src 15816
34500 24227 src 15816
98289 28075 src 15816
79994 71730 src 15816
39384 68988 src 15816
85110 54209 src 15816
18308 76073 src 15816
18308 67986 src 15816
26576 10505 src 15816
26576 73635 src 15816
41767 90964 src 15816
99503 25750 src 15816
28075 22764 src 15816
67986 99720 src 15816
10505 42860 src 15816
start 41000 src 41000
41000 97472 src 41000
41000 77318 src 41000
41000 42529 src 41000
41000 80916 src 41000
41000 78375 src 41000
41000 98424 src 41000
41000 79327 src 41000
41000 04205 src 41000
97472 63000 src 41000
97472 90691 src 41000
97472 14474 src 41000
77318 21553 src 41000
77318 08698 src 41000
42529 22706 src 41000
42529 00093 src 41000
80916 54520 src 41000
80916 59779 src 41000
78375 75519 src 41000
78375 47413 src 41000
78375 23406 src 41000
78375 78353 src 41000
78375 53690 src 41000
98424 07878 src 41000
98424 52713 src 41000
79327 46162 src 41000
79327 08493 src 41000
79327 30337 src 41000
79327 17613 src 41000
04205 18117 src 41000
04205 39109 src 41000
04205 63457 src 41000
63000 69414 src 41000
90691 44766 src 41000
14474 66873 src 41000
21553 21843 src 41000
21553 75868 src 41000
08698 03018 src 41000
22706 92480 src 41000
59779 56280 src 41000
59779 96910 src 41000
75519 93896 src 41000
53690 96924 src 41000
52713 79897 src 41000
08493 60887 src 41000
39109 82558 src 41000
63457 53189 src 41000
75868 90846 src 41000
60887 81398 src 41000
Output
63734 78375 no
46162 47413 yes
63000 47413 yes
92164 21104 no
35853 05388 yes
92298 06207 yes
02357 97245 yes
78523 00104 yes
28075 92924 no
71816 46711 no
12462 71816 yes
22017 66734 no
72834 41468 no
66734 15198 yes
60759 52068 no
21843 79897 yes
15488 24047 no
65831 37358 no
64973 96910 no
15540 77318 no
59779 66734 no
88955 65831 yes
76100 72805 yes
52729 17855 yes
09537 93405 no
26576 85939 yes
90813 92924 yes
57156 14764 yes
59348 87378 yes
12580 59860 no
26724 18131 yes
44766 80762 no
15488 68988 yes
46992 59348 yes
72805 15538 yes
96924 25477 no
06429 53189 no
85110 52713 no
73763 57477 no
12269 52713 no
17240 12963 yes
44766 18117 yes
54570 17205 yes
92298 17855 yes
90846 36460 no
93405 06886 yes
09515 54615 yes
26576 08865 yes
95229 71730 no
72805 71730 yes
90691 14764 no
22017 59860 yes
83298 15198 no
59860 66595 no
03101 54695 yes
77923 22706 no
97245 06207 no
72568 68988 yes
67766 25308 yes
52391 40420 yes
79897 67986 no
09630 50934 no
41468 53690 no
68015 54615 yes
90964 98289 yes
01015 79897 no
78692 93896 no
78692 84743 yes
24278 77318 no
57477 91547 no
04023 22133 yes
82558 75868 yes
94011 18682 yes
90271 75519 no
53189 23406 yes
35853 72002 no
03018 93896 yes
21104 42437 no
77808 47413 no
77318 90691 yes
18117 68988 no
28075 63457 no
22764 88955 no
77923 54551 yes
46162 63000 yes
38959 23491 yes
97472 71816 no
54570 00004 no
97472 14474 yes
83391 95367 no
33657 90813 yes
60887 79327 yes
23292 86016 yes
03527 15488 yes
15540 28465 yes
99225 18203 yes
21843 89100 no
79897 72834 no
24227 73635 yes
76100 94011 yes
22017 75519 no
28075 37321 yes
24227 54615 no
08698 98424 yes
01683 48739 yes
28465 53189 no
81050 64575 no
96924 99136 no
89100 21104 yes
88955 50934 yes
00553 80834 no
02357 10505 yes
77040 57477 yes
60887 75519 yes
84743 01015 no
06429 05536 no
69796 66734 no
24278 18117 no
81050 56280 no
15198 88955 yes
57156 41767 no
07878 39384 no
08493 89554 no
79994 97472 no
38560 14780 yes
52713 63457 yes
75868 40935 no
44600 77923 no
35853 38560 no
04695 42860 no
58943 47413 no
59018 41468 no
18682 57156 no
73907 39384 yes
02357 81398 no
46992 51197 yes
25308 48739 yes
68988 72805 yes
89100 86016 yes
13315 53690 no
53189 58649 no
60887 79897 yes
00104 15538 no
00104 33657 yes
78523 39384 no
39109 30337 yes
36460 06207 no
17613 36851 no
37577 23406 no
38560 61758 yes
59860 54209 yes
56280 41000 yes
54520 72834 no
14764 36460 yes
23491 80916 no
68988 41468 yes
77808 77808 yes
92924 63457 no
84743 95367 yes
21553 79327 yes
25638 52688 yes
59018 63000 no
64499 52391 yes
93896 00104 no
26576 91236 no
99136 24278 yes
72834 59860 no
75519 38560 no
61758 44600 no
99225 52729 yes
90691 14474 yes
09630 42860 yes
15678 98289 yes
92298 09515 yes
12848 14780 no
15538 59018 no
73635 80916 no
99225 39194 yes
41767 37757 no
59860 19198 yes
53690 22036 no
21843 52713 yes
46992 18466 yes
06886 03261 no
67308 17205 no
54615 63734 yes
92924 05129 yes
25308 91547 yes
81398 72002 no
79897 93896 yes
42437 42437 yes
60759 81398 no
65706 82558 no
92480 23292 no
60887 34039 no
82577 89982 no
47413 63734 no
30337 39194 no
93896 23292 no
57477 58713 no
45340 17613 no
66595 46711 yes
69414 92924 no
63000 89554 no
52391 97472 no
92480 15488 no
57156 07878 no
59779 92480 yes
77040 53189 no
60759 54551 yes
59860 78375 no
83298 08698 no
94165 93896 no
63349 80916 no
94011 99720 yes
87378 90964 no
13315 23406 no
67308 24278 yes
14474 75519 yes
91547 68988 no
26724 59991 yes
25308 33425 no
73763 99136 no
63457 97245 no
06886 59860 no
15488 58649 yes
42860 53690 no
98424 13315 no
12963 65831 yes
07878 97472 yes
73635 98994 no
63000 73907 no
35853 79994 no
42529 52713 yes
75519 69414 yes
52713 21843 yes
25638 53690 no
92164 15538 no
17855 39109 no
72805 63457 no
91547 34039 yes
40420 59348 yes
06207 85939 no
60887 97472 yes
52729 22706 no
92164 15845 yes
22706 22706 yes
15845 12580 yes
16680 18308 yes
03261 23292 no
42529 00093 yes
82577 39109 no
12462 83391 yes
75519 88955 no
53690 83213 no
17613 23406 yes
54209 85939 yes
09630 00944 no
37358 00104 yes
00553 52729 yes
21843 54520 yes
58288 13315 yes
80837 15488 no
22133 06429 yes
78353 44766 yes
09630 52729 no
63457 98424 yes
14780 12848 no
42529 84743 no
15540 97472 no
94165 59348 yes
88955 80834 yes
92924 26724 yes
52713 59779 yes
31749 40935 no
88955 69796 no
86016 23491 yes
54520 22764 no
31749 10505 yes
00093 23292 no
98289 78297 no
93896 59348 no
40420 40420 yes
09537 26724 yes
93405 18466 yes
61725 52729 yes
End
