Graph
7773 4390
1257 6904
3099 4882
6120 1792
6435 0703
7228 1810
4390 4882
4544 3071
6594 2054
6070 6070
6752 6904
3049 6904
0262 7228
3049 6904
3099 4153
2848 1463
3099 2790
1333 5096
1333 7228
2848 9734
3099 3071
4328 8363
3606 4544
6892 3049
6120 1810
1810 8201
4095 9734
6435 0703
3071 4153
1257 8053
9734 1886
4882 6594
3049 6904
0703 6435
6752 6892
1333 1792
6403 2054
6752 3049
3099 4390
1792 5096
2848 4976
6435 9212
1792 0131
6403 2054
1886 1463
8201 8201
3071 4390
6120 1333
8716 8892
3071 6403
1886 1561
1333 1333
0703 8363
7228 5096
2054 4882
2054 4390
7773 6403
2848 4095
0341 2790
3049 6752
3606 4544
0703 9212
4095 6070
2054 2054
2054 3606
6070 2848
9212 4328
1561 8716
7228 1792
6904 8053
0131 6120
1792 7228
6070 2848
4976 4095
2054 6594
0341 4153
Queries
6435 8053
6752 3049
8892 4976
8716 4976
8201 8363
0262 1333
8363 3049
4153 6904
0703 0703
6403 3099
1463 5096
0341 2054
4976 1463
9734 1561
3606 6904
8363 1886
6435 4544
8363 1792
7773 8716
1810 1561
0703 6752
8363 4328
1810 1257
4882 3099
0703 9212
0703 8363
4153 7773
0131 6403
9734 0703
3049 3049
9212 3049
5096 1333
0703 1463
9212 1561
6892 3049
4095 0131
7228 7228
8053 0131
6435 6892
6403 9734
4544 3606
1257 6752
6070 7773
5096 4390
1886 3099
1463 1463
3071 0703
6070 5096
1333 1792
6070 1257
5096 4976
6403 3606
4544 6594
6435 4328
3606 2054
6904 8892
8053 1792
2054 7773
8892 2848
6904 3049
4544 6435
8892 0703
6435 4328
7228 1333
8716 3606
0262 8363
1561 3606
8201 1257
9212 0703
3606 7773
2790 7773
6892 1257
8716 4976
7773 4153
1463 4095
4328 1257
3071 6070
4095 4976
9734 8716
6892 4328
1463 6403
8363 8363
8201 1333
9212 8053
Thinking
start 6904 src 6904
6904 1257 src 6904
6904 6752 src 6904
6904 3049 src 6904
6904 8053 src 6904
6752 6892 src 6904
start 3099 src 3099
3099 4882 src 3099
3099 4153 src 3099
3099 2790 src 3099
3099 3071 src 3099
3099 4390 src 3099
4882 6594 src 3099
4882 2054 src 3099
4153 0341 src 3099
3071 4544 src 3099
3071 6403 src 3099
4390 7773 src 3099
2054 3606 src 3099
start 7228 src 7228
7228 1810 src 7228
7228 0262 src 7228
7228 1333 src 7228
7228 5096 src 7228
7228 1792 src 7228
1810 6120 src 7228
1810 8201 src 7228
1792 0131 src 7228
start 0703 src 0703
0703 6435 src 0703
0703 8363 src 0703
0703 9212 src 0703
8363 4328 src 0703
start 9734 src 9734
9734 2848 src 9734
9734 4095 src 9734
9734 1886 src 9734
2848 1463 src 9734
2848 4976 src 9734
2848 6070 src 9734
1886 1561 src 9734
1561 8716 src 9734
8716 8892 src 9734
Output
6435 8053 no
6752 3049 yes
8892 4976 yes
8716 4976 yes
8201 8363 no
0262 1333 yes
8363 3049 no
4153 6904 no
0703 0703 yes
6403 3099 yes
1463 5096 no
0341 2054 yes
4976 1463 yes
9734 1561 yes
3606 6904 no
8363 1886 no
6435 4544 no
8363 1792 no
7773 8716 no
1810 1561 no
0703 6752 no
8363 4328 yes
1810 1257 no
4882 3099 yes
0703 9212 yes
0703 8363 yes
4153 7773 yes
0131 6403 no
9734 0703 no
3049 3049 yes
9212 3049 no
5096 1333 yes
0703 1463 no
9212 1561 no
6892 3049 yes
4095 0131 no
7228 7228 yes
8053 0131 no
6435 6892 no
6403 9734 no
4544 3606 yes
1257 6752 yes
6070 7773 no
5096 4390 no
1886 3099 no
1463 1463 yes
3071 0703 no
6070 5096 no
1333 1792 yes
6070 1257 no
5096 4976 no
6403 3606 yes
4544 6594 yes
6435 4328 yes
3606 2054 yes
6904 8892 no
8053 1792 no
2054 7773 yes
8892 2848 yes
6904 3049 yes
4544 6435 no
8892 0703 no
6435 4328 yes
7228 1333 yes
8716 3606 no
0262 8363 no
1561 3606 no
8201 1257 no
9212 0703 yes
3606 7773 yes
2790 7773 yes
6892 1257 yes
8716 4976 yes
7773 4153 yes
1463 4095 yes
4328 1257 no
3071 6070 no
4095 4976 yes
9734 8716 yes
6892 4328 no
1463 6403 no
8363 8363 yes
8201 1333 yes
9212 8053 no
End
