Graph
77611 24951
32751 65697
77144 68539
97016 15181
66811 64537
06666 57622
25591 68708
75049 69392
42464 18194
17824 92489
40519 08737
79333 92486
02711 13854
66366 40178
74516 65159
05343 92476
59428 31633
50268 34323
07343 57622
87708 87708
26568 21264
70286 33792
51732 04142
67136 80165
17336 39668
18194 85623
14879 97912
42912 63465
23720 66366
57882 79700
28339 12106
98095 69392
33792 02297
43931 42525
94111 63970
76722 61294
21834 55767
97794 27754
24884 52226
45498 97016
00052 25591
59180 68383
87485 04142
79700 41946
23627 86713
12593 08294
63135 75417
10892 87830
97964 29761
75417 47185
78758 63465
56436 29181
57705 79955
94907 41946
19055 76435
68539 55116
48100 68015
11928 25591
68383 27902
85628 19055
52808 77144
76163 55506
67712 01076
14658 65159
98660 00028
33792 10329
70286 94329
27754 27117
87408 23438
01660 77611
63952 25591
41224 08294
32262 23438
93088 29181
87133 55725
62953 29761
83998 45520
49490 57882
41062 97968
08949 30045
73450 14107
18355 42485
18786 59262
82630 83998
58181 65843
85623 33671
94393 63465
68539 50268
74517 04785
08294 79700
40166 32262
66503 48100
87830 74516
20425 91824
95810 97188
57622 89372
25591 89165
55506 00531
27117 97493
85628 87232
74770 75417
41572 07343
08949 66289
82630 68539
72785 82266
57705 20983
97912 64586
66125 56116
48100 14658
82071 31617
60113 58181
24884 68708
55116 90022
98081 49490
02297 01076
51056 94393
67560 17701
97912 37103
24840 97968
33671 67816
60033 00052
96498 79955
84061 68426
02297 59079
86757 98613
25487 84303
70244 45498
42388 54777
73204 10723
76435 30045
27754 54605
51015 66148
59079 96733
84285 55559
38877 97968
29896 92476
79700 63970
28769 47185
14867 73941
10329 00531
42541 10488
83998 92486
24840 44917
57622 54179
48298 77144
44458 70286
77762 08737
27117 68950
17701 70286
24035 28769
71905 84102
66900 98613
50989 60113
94907 94907
68462 57532
12294 92734
44458 89372
98081 08663
43931 96501
33746 77955
90564 29647
72266 31617
51113 61662
75022 97045
55559 45214
59997 98095
50268 12593
25591 87408
11131 42912
26234 08737
42464 58058
08250 89329
66466 07343
71127 59079
48298 18355
43635 17984
11131 29647
38877 54769
58433 66466
41946 77762
64127 74770
57367 32751
84102 27754
69392 89731
68383 52808
66503 00306
82266 89393
74516 87485
79630 28501
50268 30395
76722 99820
89393 37103
84761 25487
85628 84327
13188 95810
41424 32061
06392 66503
14867 08294
49358 57705
72785 18355
37335 91824
19136 08250
84285 84761
27237 46931
57622 66289
82136 30250
28441 49100
32262 63214
53499 67816
08922 66289
07099 96161
13854 07099
54777 66289
90922 82266
43635 53499
98820 27960
95513 08250
85983 25540
08922 79955
74516 66289
78491 28441
09875 56116
57882 68426
08663 87133
29761 50268
08922 73450
16091 02297
84761 53499
61662 26234
09875 40166
10892 98660
52808 08435
17984 68074
69392 84285
39334 73139
24951 13854
97964 82762
11928 28769
06012 45911
75574 32751
67136 29896
57882 65575
63135 37335
36191 66289
01660 54657
59997 63214
25951 85125
98613 89372
47185 12294
77848 66289
10723 44309
51113 52808
02297 96501
25591 47185
33792 98613
67714 94111
57622 46008
73941 39894
25591 64127
01490 23627
28769 06012
17336 24840
57532 81270
96733 75985
64127 61294
16492 02778
66148 13188
97188 02778
35943 29647
06012 33746
96501 02297
00531 33792
70286 67560
00052 40178
97794 51113
65843 73204
18786 26568
07557 33792
71728 23248
82630 35134
70286 42912
21834 42510
53788 50268
41224 59758
34323 89329
02297 27960
97968 92476
33671 25591
62953 97045
49490 08737
89393 55116
24884 69177
74377 91095
97794 64586
97045 24951
85577 49358
51056 59079
97794 26402
98081 73941
23627 35943
82266 30420
85416 92486
24840 25591
64537 68074
68015 57705
51056 57622
27960 91095
41062 68708
53499 02778
59079 33792
41224 56287
76257 89329
29761 67714
87326 21834
81270 98095
06666 02297
76163 71601
04785 65575
59428 82776
87232 03280
82071 96747
01660 08663
89731 44917
32262 23248
79630 12593
85577 01076
60113 51015
02711 50951
58325 73364
11752 49490
45508 17701
18703 66789
35789 42094
63465 51056
97493 35789
08663 48535
20983 86713
33671 92476
68539 51244
25487 77588
02297 27960
92489 14867
68708 98095
64127 83457
80165 25591
90922 49100
59758 26402
74377 27237
97188 55577
29761 54872
28339 66148
16091 96172
63970 61662
61864 77762
87326 60776
08663 25540
48535 87326
65697 23248
86574 20983
20425 09875
16492 65697
74517 24951
49411 78491
00028 16091
42377 65575
94754 49358
81270 45214
63952 57658
59997 44309
85125 57882
79700 01847
74377 07557
14107 54179
68512 78214
97912 55767
66503 07343
16492 12106
28769 73364
97016 53499
10892 16091
14107 13837
01847 87133
82266 58920
01076 45508
55506 16091
73364 84303
67816 17336
03280 59079
30420 74517
29896 51015
42510 26402
85628 23627
59079 46931
93088 45214
50268 25951
41424 27960
03280 98820
54872 58920
32061 07557
01076 59079
55577 87708
58920 55725
45243 58181
30618 42852
55725 82266
97912 12593
26402 96161
17703 79341
79333 08294
50951 73941
14879 77144
18786 59079
74586 33746
55462 27754
71127 04142
44376 06012
94754 63465
55767 77762
54872 77762
28339 60113
30395 10488
74516 58035
19055 66289
73139 08922
08979 92476
82071 20667
17137 75417
09710 71863
23627 06392
73364 60113
82776 51244
92486 82266
73204 50989
73364 70654
07343 71601
49423 54057
12593 68950
18194 44309
98081 82266
65697 76722
66366 43635
01059 58325
79333 98081
79955 45620
89731 77588
97188 63952
27237 08949
08949 00028
87708 67816
42852 50989
24884 74586
45620 67560
18355 27754
85628 73450
14658 17701
00052 78214
80165 20667
71127 03280
63249 54179
77762 76257
33671 09710
97968 56436
13188 78635
08250 94907
68383 97045
74586 75049
63952 05343
28441 84061
73364 81270
96498 41572
06787 55725
01660 18703
89393 08435
69177 25487
68512 40178
90564 45508
98081 29761
09875 64127
94799 75985
97188 64537
85416 50268
78758 87830
63970 14867
32751 73364
37335 99820
89731 69177
54769 68708
87326 17703
60113 66811
08663 68950
00306 45620
40178 69177
09875 09710
54057 70654
27754 08663
42464 60033
85125 68539
25540 27902
66148 44002
65843 56116
54057 55577
31617 68074
32061 54777
82071 28339
02778 14801
73450 75985
20983 14658
08250 82266
29181 68512
64127 68512
46931 74516
58171 94393
07003 25540
85416 42094
61662 82136
66125 52226
78214 17137
64537 58181
26402 65570
49358 00306
Queries
67560 29896
86713 89372
66900 32751
55462 43931
19136 08294
14879 26234
65575 79341
29647 36191
44309 85416
00052 84285
45508 00531
51244 68539
08922 59262
05343 17336
76722 68950
14879 55506
68512 67712
27754 14801
42912 85416
82762 87830
17336 40166
87232 87485
57532 14801
84761 95810
57622 41424
74586 02297
42094 54605
13837 08294
30395 50268
56436 45520
56287 59997
66366 85623
12294 01076
96498 00306
85623 06012
13837 61662
67816 38877
46931 07557
51732 82776
68539 57882
14867 32751
39334 01076
39894 20667
13837 03280
75417 00028
01660 84102
72785 75417
41424 35943
09875 66503
73139 17336
17137 16492
34323 57622
68426 55462
66900 89372
58920 56116
42912 76435
67712 06392
66125 98095
68512 84285
78635 58181
10723 85983
68708 66900
80165 77611
86574 00052
54179 16091
08663 40519
54769 04785
12593 82776
57882 68950
36191 59079
77144 59180
84285 14867
11752 77144
04142 49358
20983 96733
42912 55462
89393 35134
25540 51113
23627 70244
42912 94393
52808 01076
28769 63952
77144 62953
51113 23720
98660 39894
24951 74517
91095 65159
49100 71905
54769 58920
58325 90564
33792 71905
55577 25591
56287 14801
57658 89731
86713 58035
52226 97016
63970 18703
78758 13837
56436 66811
00531 81270
98613 45508
40519 79630
70654 42541
01847 48535
42464 37103
95513 56287
57622 48100
75985 45620
71601 75985
01076 57367
96747 86757
56287 14658
07343 46931
39334 78758
31633 57705
61864 11752
64537 59262
00306 11131
87232 03280
54657 70654
95513 97968
71905 16091
37103 51732
45620 73139
59428 06787
08663 64127
54057 49490
78214 19055
79700 87708
17984 72266
08294 08250
55767 87708
71863 23627
01076 35134
94111 59428
17701 67816
57658 09875
01076 35789
08979 84102
59180 68950
58433 66148
51113 55725
41062 70286
98820 30420
94393 47185
76257 57367
10329 63465
71601 59428
72785 55577
59758 98081
71863 52226
27237 66503
45214 98081
95513 30045
27960 60033
68015 98660
66148 01847
00052 30045
57658 39894
97188 48298
97188 58920
27117 07343
32751 60776
85628 58171
51732 63249
02297 08250
86757 50268
74517 30045
30250 28441
07003 98095
41946 58035
24951 97912
86574 91824
13188 56116
29896 97493
17701 01660
95810 08922
07099 49100
44917 87708
98660 21264
79333 62953
Thinking
start 11928 src 11928
11928 25591 src 11928
11928 28769 src 11928
25591 68708 src 11928
25591 00052 src 11928
25591 63952 src 11928
25591 89165 src 11928
25591 87408 src 11928
25591 47185 src 11928
25591 64127 src 11928
25591 33671 src 11928
25591 24840 src 11928
25591 80165 src 11928
28769 24035 src 11928
28769 06012 src 11928
28769 73364 src 11928
68708 24884 src 11928
68708 41062 src 11928
68708 98095 src 11928
68708 54769 src 11928
00052 60033 src 11928
00052 40178 src 11928
00052 78214 src 11928
63952 57658 src 11928
63952 97188 src 11928
63952 05343 src 11928
87408 23438 src 11928
47185 75417 src 11928
47185 12294 src 11928
64127 74770 src 11928
64127 61294 src 11928
64127 83457 src 11928
64127 09875 src 11928
64127 68512 src 11928
33671 85623 src 11928
33671 67816 src 11928
33671 92476 src 11928
33671 09710 src 11928
24840 97968 src 11928
24840 44917 src 11928
24840 17336 src 11928
80165 67136 src 11928
80165 20667 src 11928
06012 45911 src 11928
06012 33746 src 11928
06012 44376 src 11928
73364 58325 src 11928
73364 84303 src 11928
73364 60113 src 11928
73364 70654 src 11928
73364 81270 src 11928
73364 32751 src 11928
24884 52226 src 11928
24884 69177 src 11928
24884 74586 src 11928
98095 69392 src 11928
98095 59997 src 11928
54769 38877 src 11928
60033 42464 src 11928
40178 66366 src 11928
78214 17137 src 11928
97188 95810 src 11928
97188 02778 src 11928
97188 55577 src 11928
97188 64537 src 11928
23438 32262 src 11928
75417 63135 src 11928
12294 92734 src 11928
61294 76722 src 11928
09875 56116 src 11928
09875 40166 src 11928
09875 20425 src 11928
68512 29181 src 11928
85623 18194 src 11928
67816 53499 src 11928
67816 87708 src 11928
92476 29896 src 11928
92476 08979 src 11928
09710 71863 src 11928
97968 56436 src 11928
44917 89731 src 11928
17336 39668 src 11928
20667 82071 src 11928
33746 77955 src 11928
58325 01059 src 11928
84303 25487 src 11928
60113 58181 src 11928
60113 50989 src 11928
60113 51015 src 11928
60113 28339 src 11928
60113 66811 src 11928
70654 54057 src 11928
81270 57532 src 11928
81270 45214 src 11928
32751 65697 src 11928
32751 57367 src 11928
32751 75574 src 11928
52226 66125 src 11928
74586 75049 src 11928
69392 84285 src 11928
59997 63214 src 11928
59997 44309 src 11928
42464 58058 src 11928
66366 23720 src 11928
66366 43635 src 11928
95810 13188 src 11928
02778 16492 src 11928
02778 14801 src 11928
64537 68074 src 11928
32262 23248 src 11928
63135 37335 src 11928
76722 99820 src 11928
56116 65843 src 11928
20425 91824 src 11928
29181 93088 src 11928
53499 84761 src 11928
53499 97016 src 11928
89731 77588 src 11928
82071 31617 src 11928
82071 96747 src 11928
58181 45243 src 11928
50989 73204 src 11928
50989 42852 src 11928
51015 66148 src 11928
28339 12106 src 11928
54057 49423 src 11928
57532 68462 src 11928
45214 55559 src 11928
44309 10723 src 11928
43635 17984 src 11928
13188 78635 src 11928
23248 71728 src 11928
97016 15181 src 11928
97016 45498 src 11928
31617 72266 src 11928
42852 30618 src 11928
66148 44002 src 11928
45498 70244 src 11928
start 59079 src 59079
59079 02297 src 59079
59079 96733 src 59079
59079 71127 src 59079
59079 51056 src 59079
59079 33792 src 59079
59079 03280 src 59079
59079 46931 src 59079
59079 01076 src 59079
59079 18786 src 59079
02297 16091 src 59079
02297 96501 src 59079
02297 27960 src 59079
02297 06666 src 59079
96733 75985 src 59079
71127 04142 src 59079
51056 94393 src 59079
51056 57622 src 59079
51056 63465 src 59079
33792 70286 src 59079
33792 10329 src 59079
33792 98613 src 59079
33792 00531 src 59079
33792 07557 src 59079
03280 87232 src 59079
03280 98820 src 59079
46931 27237 src 59079
46931 74516 src 59079
01076 67712 src 59079
01076 85577 src 59079
01076 45508 src 59079
18786 59262 src 59079
18786 26568 src 59079
16091 96172 src 59079
16091 00028 src 59079
16091 10892 src 59079
16091 55506 src 59079
96501 43931 src 59079
27960 91095 src 59079
27960 41424 src 59079
75985 94799 src 59079
75985 73450 src 59079
04142 51732 src 59079
04142 87485 src 59079
94393 58171 src 59079
57622 07343 src 59079
57622 89372 src 59079
57622 54179 src 59079
57622 66289 src 59079
57622 46008 src 59079
63465 42912 src 59079
63465 78758 src 59079
63465 94754 src 59079
70286 94329 src 59079
70286 44458 src 59079
70286 17701 src 59079
70286 67560 src 59079
98613 86757 src 59079
98613 66900 src 59079
07557 74377 src 59079
07557 32061 src 59079
87232 85628 src 59079
27237 08949 src 59079
74516 65159 src 59079
74516 87830 src 59079
74516 58035 src 59079
85577 49358 src 59079
45508 90564 src 59079
26568 21264 src 59079
00028 98660 src 59079
55506 76163 src 59079
43931 42525 src 59079
73450 14107 src 59079
73450 08922 src 59079
07343 41572 src 59079
07343 66466 src 59079
07343 66503 src 59079
07343 71601 src 59079
54179 63249 src 59079
66289 54777 src 59079
66289 36191 src 59079
66289 77848 src 59079
66289 19055 src 59079
42912 11131 src 59079
17701 14658 src 59079
67560 45620 src 59079
85628 84327 src 59079
85628 23627 src 59079
08949 30045 src 59079
49358 57705 src 59079
49358 00306 src 59079
90564 29647 src 59079
14107 13837 src 59079
08922 79955 src 59079
08922 73139 src 59079
41572 96498 src 59079
66466 58433 src 59079
66503 48100 src 59079
66503 06392 src 59079
54777 42388 src 59079
19055 76435 src 59079
14658 20983 src 59079
23627 86713 src 59079
23627 01490 src 59079
23627 35943 src 59079
57705 68015 src 59079
73139 39334 src 59079
20983 86574 src 59079
start 49490 src 49490
49490 57882 src 49490
49490 98081 src 49490
49490 08737 src 49490
49490 11752 src 49490
57882 79700 src 49490
57882 68426 src 49490
57882 65575 src 49490
57882 85125 src 49490
98081 08663 src 49490
98081 73941 src 49490
98081 82266 src 49490
98081 79333 src 49490
98081 29761 src 49490
08737 40519 src 49490
08737 77762 src 49490
08737 26234 src 49490
79700 41946 src 49490
79700 08294 src 49490
79700 63970 src 49490
79700 01847 src 49490
68426 84061 src 49490
65575 04785 src 49490
65575 42377 src 49490
85125 25951 src 49490
85125 68539 src 49490
08663 87133 src 49490
08663 01660 src 49490
08663 48535 src 49490
08663 25540 src 49490
08663 68950 src 49490
08663 27754 src 49490
73941 14867 src 49490
73941 39894 src 49490
73941 50951 src 49490
82266 72785 src 49490
82266 89393 src 49490
82266 90922 src 49490
82266 30420 src 49490
82266 58920 src 49490
82266 55725 src 49490
82266 92486 src 49490
82266 08250 src 49490
29761 97964 src 49490
29761 62953 src 49490
29761 50268 src 49490
29761 67714 src 49490
29761 54872 src 49490
77762 61864 src 49490
77762 55767 src 49490
77762 76257 src 49490
26234 61662 src 49490
41946 94907 src 49490
08294 12593 src 49490
08294 41224 src 49490
63970 94111 src 49490
84061 28441 src 49490
04785 74517 src 49490
68539 77144 src 49490
68539 55116 src 49490
68539 82630 src 49490
68539 51244 src 49490
01660 77611 src 49490
01660 54657 src 49490
01660 18703 src 49490
48535 87326 src 49490
25540 85983 src 49490
25540 27902 src 49490
25540 07003 src 49490
68950 27117 src 49490
27754 97794 src 49490
27754 54605 src 49490
27754 84102 src 49490
27754 55462 src 49490
27754 18355 src 49490
14867 92489 src 49490
50951 02711 src 49490
89393 37103 src 49490
89393 08435 src 49490
90922 49100 src 49490
55725 06787 src 49490
92486 83998 src 49490
92486 85416 src 49490
08250 89329 src 49490
08250 19136 src 49490
08250 95513 src 49490
97964 82762 src 49490
62953 97045 src 49490
50268 34323 src 49490
50268 30395 src 49490
50268 53788 src 49490
55767 21834 src 49490
55767 97912 src 49490
61662 51113 src 49490
61662 82136 src 49490
12593 79630 src 49490
41224 59758 src 49490
41224 56287 src 49490
28441 78491 src 49490
74517 24951 src 49490
77144 52808 src 49490
77144 48298 src 49490
77144 14879 src 49490
55116 90022 src 49490
82630 35134 src 49490
51244 82776 src 49490
18703 66789 src 49490
87326 60776 src 49490
87326 17703 src 49490
27902 68383 src 49490
27117 97493 src 49490
97794 64586 src 49490
97794 26402 src 49490
84102 71905 src 49490
18355 42485 src 49490
92489 17824 src 49490
02711 13854 src 49490
83998 45520 src 49490
85416 42094 src 49490
97045 75022 src 49490
30395 10488 src 49490
21834 42510 src 49490
82136 30250 src 49490
79630 28501 src 49490
78491 49411 src 49490
82776 59428 src 49490
17703 79341 src 49490
68383 59180 src 49490
97493 35789 src 49490
26402 96161 src 49490
26402 65570 src 49490
13854 07099 src 49490
10488 42541 src 49490
59428 31633 src 49490
Output
67560 29896 no
86713 89372 yes
66900 32751 no
55462 43931 no
19136 08294 yes
14879 26234 yes
65575 79341 yes
29647 36191 yes
44309 85416 no
00052 84285 yes
45508 00531 yes
51244 68539 yes
08922 59262 yes
05343 17336 yes
76722 68950 no
14879 55506 no
68512 67712 no
27754 14801 no
42912 85416 no
82762 87830 no
17336 40166 yes
87232 87485 yes
57532 14801 yes
84761 95810 yes
57622 41424 yes
74586 02297 no
42094 54605 yes
13837 08294 no
30395 50268 yes
56436 45520 no
56287 59997 no
66366 85623 yes
12294 01076 no
96498 00306 yes
85623 06012 yes
13837 61662 no
67816 38877 yes
46931 07557 yes
51732 82776 no
68539 57882 yes
14867 32751 no
39334 01076 yes
39894 20667 no
13837 03280 yes
75417 00028 no
01660 84102 yes
72785 75417 no
41424 35943 yes
09875 66503 no
73139 17336 no
17137 16492 yes
34323 57622 no
68426 55462 yes
66900 89372 yes
58920 56116 no
42912 76435 yes
67712 06392 yes
66125 98095 yes
68512 84285 yes
78635 58181 yes
10723 85983 no
68708 66900 no
80165 77611 no
86574 00052 no
54179 16091 yes
08663 40519 yes
54769 04785 no
12593 82776 yes
57882 68950 yes
36191 59079 yes
77144 59180 yes
84285 14867 no
11752 77144 yes
04142 49358 yes
20983 96733 yes
42912 55462 no
89393 35134 yes
25540 51113 yes
23627 70244 no
42912 94393 yes
52808 01076 no
28769 63952 yes
77144 62953 yes
51113 23720 no
98660 39894 no
24951 74517 yes
91095 65159 yes
49100 71905 yes
54769 58920 no
58325 90564 no
33792 71905 no
55577 25591 yes
56287 14801 no
57658 89731 yes
86713 58035 yes
52226 97016 yes
63970 18703 yes
78758 13837 yes
56436 66811 yes
00531 81270 no
98613 45508 yes
40519 79630 yes
70654 42541 no
01847 48535 yes
42464 37103 no
95513 56287 yes
57622 48100 yes
75985 45620 yes
71601 75985 yes
01076 57367 no
96747 86757 no
56287 14658 no
07343 46931 yes
39334 78758 yes
31633 57705 no
61864 11752 yes
64537 59262 no
00306 11131 yes
87232 03280 yes
54657 70654 no
95513 97968 no
71905 16091 no
37103 51732 no
45620 73139 yes
59428 06787 yes
08663 64127 no
54057 49490 no
78214 19055 no
79700 87708 no
17984 72266 yes
08294 08250 yes
55767 87708 no
71863 23627 no
01076 35134 no
94111 59428 yes
17701 67816 no
57658 09875 yes
01076 35789 no
08979 84102 no
59180 68950 yes
58433 66148 no
51113 55725 yes
41062 70286 no
98820 30420 no
94393 47185 no
76257 57367 no
10329 63465 yes
71601 59428 no
72785 55577 no
59758 98081 yes
71863 52226 yes
27237 66503 yes
45214 98081 no
95513 30045 no
27960 60033 no
68015 98660 yes
66148 01847 no
00052 30045 no
57658 39894 no
97188 48298 no
97188 58920 no
27117 07343 no
32751 60776 no
85628 58171 yes
51732 63249 yes
02297 08250 no
86757 50268 no
74517 30045 no
30250 28441 yes
07003 98095 no
41946 58035 no
24951 97912 yes
86574 91824 no
13188 56116 yes
29896 97493 no
17701 01660 no
95810 08922 no
07099 49100 yes
44917 87708 yes
98660 21264 yes
79333 62953 yes
End
