Graph
91319 60541
80234 72782
58686 41013
31726 34139
68806 51422
30106 85322
93658 99511
11143 83785
02019 27568
58026 32383
41770 27108
96862 38312
66516 84737
09285 55023
12182 99511
62164 11143
56762 64213
49923 13480
65418 44746
41072 19227
43389 71982
68835 23359
92361 09828
34472 25015
63133 97207
38751 23625
49127 55023
66472 62557
15105 26705
21612 13892
68835 27568
75535 30146
38751 97642
51666 95124
36030 69972
77645 44269
12887 09899
77053 54197
96109 75519
80053 14330
73327 91113
05842 89370
82651 99138
71301 90646
59338 80242
24550 18495
17898 55106
47500 34902
38357 74693
70766 36030
51321 16008
18672 96475
44269 13580
59391 31184
86398 92044
59764 13892
47787 65418
66806 28736
95938 53391
43925 34902
72782 31515
55725 21363
23731 71130
70709 95938
81643 94824
65418 38692
59764 18495
71301 53817
65692 66164
49390 26705
56756 21007
40096 65134
46114 11143
12142 23359
80146 89625
55379 24202
69547 93431
03458 91125
72782 59385
64194 70240
72544 18002
52303 06839
32853 83666
07913 52952
41154 93658
40453 85560
81495 30106
40266 31672
00161 16427
40096 57726
80146 70766
34424 66164
78808 44643
80844 05254
32603 56705
12216 46114
47787 09623
72782 96262
18495 59764
25015 10371
23617 85587
13580 62329
77598 73596
04158 28444
82651 99651
38751 04052
70261 83666
96109 67462
07461 96262
89498 80146
85322 80234
53457 19331
28192 46573
97326 89452
64213 13774
69268 45906
73327 99845
85582 84737
49923 28444
97029 75619
77597 43389
63626 65418
64194 89576
80844 75286
75931 77598
18002 83666
41039 44691
69628 80220
50130 62050
75519 31515
72780 82347
32603 62286
38695 63339
82357 26814
60512 64213
16705 34139
05688 62164
71982 09007
34479 63626
39629 24266
01879 32227
39629 53391
57284 63339
00161 09828
84783 76770
54197 98668
77053 04540
98668 53233
85582 07913
90018 23724
72782 69011
27143 74405
93800 24266
73596 45662
25015 32853
36173 80053
69032 74547
04158 94979
04329 57819
98668 03458
82195 04103
83060 43925
73709 94979
77597 34609
12142 91183
93800 09090
21007 13774
93774 66829
24746 34610
43806 34479
16705 95938
42169 64427
23731 34479
64194 33455
97965 16042
04844 38357
18815 71982
92354 83785
28934 21363
32084 70240
65597 94824
04760 04844
43389 92044
97207 34472
74547 77598
15692 53817
78808 59753
21813 47500
07668 69657
04844 95938
24424 74655
15692 97965
56756 02116
04760 41013
45352 15013
47560 54197
44269 44269
28192 72782
45352 20859
62329 82347
92044 67982
54453 18495
73074 96109
21813 13740
84737 74405
06660 70766
66164 55379
47787 23359
40688 56899
15013 41039
32603 38312
13774 55942
02361 18672
58316 41039
87199 81476
13892 42419
95124 02358
94255 47450
74547 95518
53959 64939
49329 38563
29193 93658
89823 19505
82357 70979
04052 21614
62164 49329
27417 93658
42419 31515
23359 04158
89498 72251
23724 77549
57568 41072
34610 54197
30068 82357
54453 16427
70905 19227
47450 75931
30106 31184
82357 89498
66516 86160
20200 19331
30106 01816
30060 04844
70014 72780
33941 05068
14330 44399
58316 89498
74405 75519
16255 87010
28192 81495
00962 41770
06839 80220
93431 24704
46780 41013
12142 93692
35123 10063
09899 75519
38357 11994
91113 58316
60512 89625
06788 99845
07645 44691
49923 91319
96862 44269
97029 89498
18737 92354
32254 30249
09828 73960
90553 53457
94979 60541
51666 77598
40688 71130
07913 44645
04844 99651
40281 24421
14985 53959
12641 51321
91271 45752
67994 12216
89734 54453
04052 65418
97965 71461
69032 62508
77597 55379
56644 47787
23731 85923
74911 30146
36173 01879
05254 74405
60541 51829
16902 55417
58686 65380
19045 32084
19031 87418
79258 96575
89712 04540
01816 75836
89576 28207
93658 32227
64194 66472
38312 70014
85582 36173
47787 49329
42169 04052
85825 12142
05688 71464
45399 99651
97207 38582
54197 15105
33807 11653
56644 23359
89452 45858
78639 86160
21363 74547
34610 52549
91125 13892
07461 59705
74897 33941
32383 07461
90553 84384
15692 04844
52826 57210
95518 73596
14985 41072
00161 32383
38563 50591
96717 63339
23625 27568
82172 67994
46780 19227
28736 15135
64194 36502
15135 96862
72780 71464
18815 02019
53560 69628
17898 31726
38695 56705
12887 81476
05068 69972
36234 67982
99490 40191
85191 66372
63339 33188
40096 09828
01035 69657
25001 45906
07645 40191
70709 03206
85560 20200
54197 85481
56899 41770
17698 99490
70905 93431
41252 55725
75931 11994
11653 40688
34902 85825
55417 06091
71130 83666
24550 00161
90646 13387
11905 77509
11994 33256
77145 10063
97207 50387
87418 70766
56079 09285
47781 47500
09285 00962
60512 13387
71982 36446
82651 32468
96717 89452
46573 44399
66164 72544
05842 12641
21614 33807
41252 60512
85560 63133
36234 65692
42169 83060
80248 18672
54051 91988
97965 91271
38582 00157
17142 99651
93800 45662
09007 36446
13480 38751
74911 55417
04329 64213
93865 25001
27417 65134
59385 16427
07668 60541
30060 71461
77509 75619
19505 83542
43806 55023
16705 99138
44645 74405
13580 69657
21614 15135
97326 11019
15105 59385
66806 25015
27417 51422
19045 13892
19031 17142
62286 91319
89734 67462
16042 82357
03458 13892
43272 91113
82887 21614
40096 69268
07913 20238
74405 53560
72302 13387
00161 53138
64427 65692
53138 24550
12182 85311
82347 97207
62508 30146
66516 06839
64093 58365
66829 36234
54051 44643
23625 32066
24404 09504
59385 72606
57568 16042
47787 68518
02222 13892
16427 52303
33256 44643
45662 51666
30106 54197
18002 12216
47560 44399
24202 09007
70014 28736
12182 81476
95735 43389
16902 76357
16705 41072
53817 16042
00161 72782
40096 89370
23724 04052
36064 34610
73709 01035
44645 93865
16427 91125
03206 70905
45662 82357
53703 09090
74693 02358
10371 86398
56079 93692
44399 54197
56079 83785
30146 75535
94513 99354
95124 99138
56644 69657
90610 16705
11019 82172
73327 74547
73596 24266
49329 92354
55417 72251
93658 66345
24560 79258
93774 96717
68806 75286
39629 06091
58316 11905
20238 76583
85560 99354
89734 20238
46114 38692
89498 90610
63133 92044
12885 81476
45399 40191
23359 09623
73709 38312
35402 53959
92361 96262
20859 57819
77598 04844
55908 85481
49390 72782
24704 74693
57210 89498
44746 10043
32468 39629
95735 12142
58240 17698
93800 73596
66829 23359
68806 81476
89823 53242
35123 89370
15105 15105
02361 50130
38312 34479
43925 65418
85825 70014
24704 02116
18002 94979
23625 24385
72544 38751
21778 59385
44643 72302
44645 15105
89823 28934
93774 84783
87199 27143
30060 74655
41154 79472
87317 69011
57284 66829
69032 91988
31672 83542
16008 89576
45352 72251
31515 51321
51829 63339
07668 82195
06091 45662
74547 78808
82195 47787
59338 28204
23359 44269
52549 89712
47781 27108
94979 72780
23625 44269
09518 44643
27568 45858
77598 41013
36064 38086
85560 23625
05068 80146
99354 74096
24404 58026
25787 23724
77145 96262
92354 92354
11019 11653
90818 25015
92354 44956
91113 55106
13740 82887
23359 96862
94453 60512
23751 68806
75619 41252
71461 41252
94255 69972
09828 15105
50130 53959
41013 23617
83542 33260
84783 38563
87010 59705
55942 53872
85191 70261
89370 53138
40453 34424
24560 96262
55417 91113
10063 89734
67462 01816
11143 20200
65380 35402
07913 37137
69972 13387
21813 60541
64093 82195
85311 07461
00161 16255
42169 99354
55379 90553
02358 95938
62807 65134
35123 74405
66345 70409
59630 58026
72780 77549
73327 70709
16902 23617
75519 73074
28207 55908
75286 42039
68806 96575
75535 30249
17698 82651
51321 80844
69547 18219
20774 38695
52952 42419
56899 11653
04052 58365
51829 83785
09504 91125
26814 55725
69628 34610
01816 14330
01816 62557
18672 70766
77597 07668
93774 32853
65418 07668
11994 77598
82651 58686
24746 92361
66372 97326
59753 83542
13774 73596
15105 89370
90610 93431
40191 02358
74655 28934
99511 80053
57284 86398
74897 33941
40688 10043
13652 17698
32066 63133
33188 11143
12641 26309
64093 24385
52826 41072
53391 91271
23359 82347
92354 71130
24704 74897
45752 45662
84021 79472
67462 06839
38563 66164
91271 26831
85560 36291
20457 05733
00582 84832
13387 60512
69657 65418
04844 94255
15135 63133
47450 07645
85617 93692
94513 40453
68806 01816
77053 73074
84832 55023
28444 85923
16902 46780
40688 83060
56756 65380
94255 11388
82172 77645
85587 71301
76357 78808
41252 93800
84783 97642
80242 73074
25787 71982
51829 24421
19505 04329
72544 05688
27108 11143
26831 28377
43925 11019
26309 80844
80053 51321
73596 34070
60512 20859
89736 87199
91709 73960
52826 77598
28444 21614
41154 04540
65597 31515
63339 89452
93658 66516
55908 12641
41252 52826
89370 69268
76770 10043
75619 71301
16042 30068
38357 16042
24806 36502
77145 49390
82195 28444
81476 37137
51422 87010
99511 38086
85311 14330
90273 23359
62329 32066
65692 34609
03785 71301
82347 63339
32254 45662
13580 44956
72302 45399
59630 32084
53817 41013
34479 20774
62329 27568
19836 47560
56644 33188
63626 85617
00161 74405
52303 35123
71130 34479
19836 57726
94824 31184
73596 95938
07913 59338
85322 49390
67982 10043
25001 89734
62286 71982
74405 28207
47560 27143
56079 04052
00582 36291
20774 44956
70409 91125
17142 99490
11143 56899
81643 66516
85582 68758
19836 44645
05733 96262
70240 44399
75286 62807
44691 53817
38086 05842
28192 16008
09828 89712
57210 17698
69547 44691
19331 11019
73960 67372
85582 13892
09828 98702
77598 97029
59705 74405
18672 74655
91709 87010
26814 36110
47560 05733
82172 44746
64427 14939
80234 44399
09504 16427
64194 64194
45662 30146
62164 73709
18762 32066
36291 18737
89452 33807
80146 72251
24421 12142
14939 65418
93431 90646
11994 70979
51321 84021
00161 70240
00157 56705
28204 89370
74096 90553
53817 56762
34479 41770
30106 15701
35123 93658
56762 70766
63626 21614
47560 36502
67982 13580
53817 89823
11653 73709
33941 30146
93774 45858
70766 45399
30068 73327
93865 36502
99651 20243
63133 04052
28444 49127
76583 36502
28192 74405
54453 62807
28444 11019
28192 09899
97326 40281
20859 82651
18815 00157
54051 64213
20457 89576
28444 70261
53817 53959
43272 02361
83666 34609
68806 09828
17698 53817
77549 85560
55725 59753
84021 23751
Queries
13740 92044
21614 19836
19227 90610
32084 36064
69972 04760
36291 14985
91183 34479
72544 30106
72780 76357
19836 56079
15135 47787
30106 95124
16902 91271
31184 64213
11653 69011
62508 06091
67462 33260
56762 15135
13740 70261
36291 24385
52826 69032
32084 16427
09007 56644
58365 62807
68835 57819
34070 99651
84384 42419
09504 85582
92354 13740
59385 16255
80220 69972
85587 16705
80844 46573
46780 44691
09899 00161
17898 31726
30106 90273
28377 26831
12142 67982
90273 01035
40453 00962
05733 53138
29193 11653
75519 27143
89370 32084
16255 27417
38312 56899
09504 69011
51829 24266
66806 00962
62329 02222
06839 06660
93774 77145
26309 24560
80248 54051
43806 58686
40191 49127
23724 05254
51829 56899
41154 69628
96575 32227
92354 55379
55417 95938
59764 45352
91709 86160
24202 09285
56756 07913
69657 92044
30249 74911
31726 69547
44269 63339
58026 05254
28192 10063
31672 73074
68806 05254
47560 26705
16427 02358
53457 28736
75535 76357
50130 16042
33941 80234
72782 71461
92044 56705
93692 34902
73960 77645
44645 62286
34902 05688
75519 16008
55725 55942
31726 39629
45752 24704
70014 02222
20243 35402
36291 97207
85825 96862
72251 76583
36291 13580
83060 71130
34424 76770
70709 28377
59753 16705
74547 44691
18219 70979
63133 76583
52549 06091
99354 18815
09623 44645
51666 72780
11653 69032
89734 23359
44956 49127
99651 34472
18762 32383
82357 85587
14330 59764
04760 09623
11905 56705
69268 94453
95938 90818
96862 31672
15013 93431
20243 09518
65597 38086
05688 26831
44645 53242
75535 57284
85923 36234
77598 18219
10063 19045
75286 65597
73596 40096
98668 81643
14985 44645
28192 23751
07645 69972
53391 26705
75535 66829
28377 84783
21813 00962
13480 21614
83060 29193
58026 75519
02116 53391
87418 55725
09504 18672
53242 46573
75619 58316
93431 69972
25015 09504
90818 09623
62286 50591
19505 47787
46573 96262
27417 19045
78808 04844
65418 85191
28377 32853
06660 24385
66829 77053
75619 70709
80220 20200
89734 09504
64939 91319
77597 11994
25001 56756
20774 50130
58240 84384
75519 86160
69972 05068
15013 80146
56899 70905
91709 71301
69032 11994
15013 09504
20457 70261
25001 30106
35123 14939
13580 43806
40096 31515
74693 74655
77645 54051
03458 15135
74655 13740
26814 43925
81495 19331
80242 76357
11994 09007
30249 38086
91113 85322
33941 75535
68758 50387
67982 32066
11994 60512
21813 41770
68835 97326
23625 50591
55908 99845
13580 98668
44691 02116
85582 14939
83666 55106
57568 53391
40096 99511
46114 24421
37137 96109
87317 19045
32227 28204
72544 92044
26814 53391
53242 70905
58026 89734
53391 16042
13652 85587
15013 36110
89625 06788
78639 03458
00962 98668
93692 20200
45752 70905
56644 07668
72606 80234
85825 64427
77053 25001
33807 90818
68758 62557
66372 40096
85825 21614
64427 57284
06839 79472
91125 89736
56756 38563
19045 14330
53703 09899
78808 45662
31184 44746
10043 45858
36173 98702
36173 15105
38357 65692
31515 66472
65692 57568
26705 63133
15013 21778
95938 93658
23731 89452
53560 36446
41013 92044
44746 86398
87010 55942
34424 02019
15701 96262
49390 14330
74096 03458
27568 80242
85481 00962
28934 59764
40191 65692
57726 29193
68518 09090
53959 04052
19836 43806
31672 52549
52952 87418
93774 04103
47560 17898
47500 77597
41770 44746
21007 90273
51422 99490
70766 30060
30068 73960
62807 80234
28377 99845
40191 07668
59764 72782
80146 47450
24202 21813
76583 77145
40281 64213
41154 91183
05688 67982
66345 07668
02361 57819
27143 68518
84021 98702
40096 66516
20774 13387
71301 38357
53703 02222
23617 07645
28192 21813
77145 87199
15105 76357
80234 23625
72782 42039
84021 99354
32468 20457
03785 85617
12641 89370
21007 30068
70261 21007
55023 28934
80234 09007
52952 38695
80234 07461
70766 86160
84384 69011
38357 52826
90818 09504
75519 58686
07645 44691
21813 56644
90273 02358
32468 21007
54051 80844
77645 64194
12885 14330
38357 04844
63133 21813
18002 85191
40266 53391
15013 18002
57726 66372
36502 09090
99354 23731
57726 26831
83542 52549
95938 58316
65692 16902
16255 58686
91125 24560
62164 36446
98702 20238
32084 12641
52303 32603
16008 47500
35402 99138
32066 32084
28934 62050
68758 43272
16042 24424
30249 56079
17142 58240
62164 57726
47560 73960
84384 46573
13892 45906
19045 14985
46780 25015
66372 89370
19331 89712
24806 71461
05254 05254
34609 12885
83666 44269
59630 01816
15105 75519
90273 92354
32254 38563
66516 51666
30068 54197
27568 21813
67994 51666
71130 05688
82172 33188
62286 24385
12142 87199
63133 32227
36173 55908
98702 02358
45858 84783
18762 54197
32853 83785
78639 72606
52549 65597
68518 62164
16427 89576
02222 85481
70766 26814
47787 43806
97642 41072
69032 80146
06839 11019
53560 58686
40096 84737
04760 09285
23724 18737
75535 24266
26831 54051
06839 59391
97642 59630
41154 90646
76770 41154
52952 59338
70905 99651
Thinking
start 23359 src 23359
23359 68835 src 23359
23359 12142 src 23359
23359 47787 src 23359
23359 04158 src 23359
23359 56644 src 23359
23359 09623 src 23359
23359 66829 src 23359
23359 44269 src 23359
23359 96862 src 23359
23359 82347 src 23359
23359 90273 src 23359
68835 27568 src 23359
12142 91183 src 23359
12142 93692 src 23359
12142 85825 src 23359
12142 95735 src 23359
12142 24421 src 23359
47787 65418 src 23359
47787 49329 src 23359
47787 68518 src 23359
47787 82195 src 23359
04158 28444 src 23359
04158 94979 src 23359
56644 69657 src 23359
56644 33188 src 23359
66829 93774 src 23359
66829 36234 src 23359
66829 57284 src 23359
44269 77645 src 23359
44269 13580 src 23359
44269 23625 src 23359
96862 38312 src 23359
96862 15135 src 23359
82347 72780 src 23359
82347 62329 src 23359
82347 97207 src 23359
82347 63339 src 23359
27568 02019 src 23359
27568 45858 src 23359
93692 56079 src 23359
93692 85617 src 23359
85825 34902 src 23359
85825 70014 src 23359
95735 43389 src 23359
24421 40281 src 23359
24421 51829 src 23359
65418 44746 src 23359
65418 38692 src 23359
65418 63626 src 23359
65418 04052 src 23359
65418 43925 src 23359
65418 07668 src 23359
65418 14939 src 23359
49329 38563 src 23359
49329 62164 src 23359
49329 92354 src 23359
82195 04103 src 23359
82195 64093 src 23359
28444 49923 src 23359
28444 85923 src 23359
28444 21614 src 23359
28444 49127 src 23359
28444 11019 src 23359
28444 70261 src 23359
94979 73709 src 23359
94979 60541 src 23359
94979 18002 src 23359
69657 01035 src 23359
33188 11143 src 23359
93774 96717 src 23359
93774 84783 src 23359
93774 32853 src 23359
36234 67982 src 23359
36234 65692 src 23359
57284 86398 src 23359
77645 82172 src 23359
13580 44956 src 23359
23625 38751 src 23359
23625 32066 src 23359
23625 24385 src 23359
23625 85560 src 23359
38312 32603 src 23359
38312 34479 src 23359
15135 28736 src 23359
15135 63133 src 23359
72780 71464 src 23359
72780 77549 src 23359
97207 34472 src 23359
97207 38582 src 23359
97207 50387 src 23359
63339 38695 src 23359
63339 89452 src 23359
02019 18815 src 23359
56079 09285 src 23359
56079 83785 src 23359
34902 47500 src 23359
43389 71982 src 23359
43389 77597 src 23359
43389 92044 src 23359
40281 97326 src 23359
44746 10043 src 23359
38692 46114 src 23359
04052 42169 src 23359
04052 23724 src 23359
04052 58365 src 23359
43925 83060 src 23359
14939 64427 src 23359
38563 50591 src 23359
38563 66164 src 23359
62164 05688 src 23359
92354 18737 src 23359
92354 71130 src 23359
49923 13480 src 23359
49923 91319 src 23359
85923 23731 src 23359
21614 33807 src 23359
21614 82887 src 23359
49127 55023 src 23359
11019 11653 src 23359
11019 19331 src 23359
70261 83666 src 23359
70261 85191 src 23359
60541 21813 src 23359
18002 72544 src 23359
18002 12216 src 23359
11143 20200 src 23359
11143 27108 src 23359
11143 56899 src 23359
84783 76770 src 23359
84783 97642 src 23359
32853 25015 src 23359
65692 34609 src 23359
86398 10371 src 23359
82172 67994 src 23359
44956 20774 src 23359
32066 18762 src 23359
85560 40453 src 23359
85560 99354 src 23359
85560 36291 src 23359
32603 56705 src 23359
32603 62286 src 23359
34479 43806 src 23359
34479 41770 src 23359
28736 66806 src 23359
38582 00157 src 23359
09285 00962 src 23359
47500 47781 src 23359
71982 09007 src 23359
71982 36446 src 23359
71982 25787 src 23359
77597 55379 src 23359
97326 66372 src 23359
10043 40688 src 23359
23724 90018 src 23359
66164 34424 src 23359
82887 13740 src 23359
55023 84832 src 23359
19331 53457 src 23359
25015 90818 src 23359
40453 94513 src 23359
99354 74096 src 23359
36291 00582 src 23359
09007 24202 src 23359
55379 90553 src 23359
90553 84384 src 23359
start 74405 src 74405
74405 27143 src 74405
74405 84737 src 74405
74405 75519 src 74405
74405 05254 src 74405
74405 44645 src 74405
74405 53560 src 74405
74405 35123 src 74405
74405 00161 src 74405
74405 28207 src 74405
74405 59705 src 74405
74405 28192 src 74405
27143 87199 src 74405
27143 47560 src 74405
84737 66516 src 74405
84737 85582 src 74405
75519 96109 src 74405
75519 31515 src 74405
75519 09899 src 74405
75519 73074 src 74405
05254 80844 src 74405
44645 07913 src 74405
44645 93865 src 74405
44645 15105 src 74405
44645 19836 src 74405
53560 69628 src 74405
35123 10063 src 74405
35123 89370 src 74405
35123 52303 src 74405
35123 93658 src 74405
00161 16427 src 74405
00161 09828 src 74405
00161 32383 src 74405
00161 24550 src 74405
00161 53138 src 74405
00161 72782 src 74405
00161 16255 src 74405
00161 70240 src 74405
28207 89576 src 74405
28207 55908 src 74405
59705 07461 src 74405
59705 87010 src 74405
28192 46573 src 74405
28192 81495 src 74405
28192 16008 src 74405
87199 81476 src 74405
87199 89736 src 74405
47560 54197 src 74405
47560 44399 src 74405
47560 05733 src 74405
47560 36502 src 74405
66516 86160 src 74405
66516 06839 src 74405
66516 81643 src 74405
85582 36173 src 74405
85582 68758 src 74405
85582 13892 src 74405
96109 67462 src 74405
31515 42419 src 74405
31515 51321 src 74405
31515 65597 src 74405
09899 12887 src 74405
73074 77053 src 74405
73074 80242 src 74405
80844 75286 src 74405
80844 26309 src 74405
07913 52952 src 74405
07913 20238 src 74405
07913 37137 src 74405
07913 59338 src 74405
93865 25001 src 74405
15105 26705 src 74405
15105 59385 src 74405
19836 57726 src 74405
69628 80220 src 74405
69628 34610 src 74405
10063 77145 src 74405
10063 89734 src 74405
89370 05842 src 74405
89370 40096 src 74405
89370 69268 src 74405
89370 28204 src 74405
93658 99511 src 74405
93658 41154 src 74405
93658 29193 src 74405
93658 27417 src 74405
93658 32227 src 74405
93658 66345 src 74405
16427 54453 src 74405
16427 91125 src 74405
16427 09504 src 74405
09828 92361 src 74405
09828 73960 src 74405
09828 89712 src 74405
09828 98702 src 74405
09828 68806 src 74405
32383 58026 src 74405
24550 18495 src 74405
72782 80234 src 74405
72782 96262 src 74405
72782 69011 src 74405
72782 49390 src 74405
70240 64194 src 74405
70240 32084 src 74405
89576 20457 src 74405
55908 85481 src 74405
55908 12641 src 74405
07461 85311 src 74405
87010 51422 src 74405
87010 91709 src 74405
81495 30106 src 74405
81476 12182 src 74405
81476 12885 src 74405
54197 98668 src 74405
44399 14330 src 74405
36502 24806 src 74405
36502 76583 src 74405
86160 78639 src 74405
81643 94824 src 74405
36173 80053 src 74405
36173 01879 src 74405
13892 21612 src 74405
13892 59764 src 74405
13892 19045 src 74405
13892 03458 src 74405
13892 02222 src 74405
67462 01816 src 74405
51321 84021 src 74405
77053 04540 src 74405
75286 42039 src 74405
75286 62807 src 74405
25001 45906 src 74405
59385 72606 src 74405
59385 21778 src 74405
34610 24746 src 74405
34610 52549 src 74405
34610 36064 src 74405
05842 38086 src 74405
40096 65134 src 74405
41154 79472 src 74405
66345 70409 src 74405
09504 24404 src 74405
73960 67372 src 74405
68806 23751 src 74405
68806 96575 src 74405
58026 59630 src 74405
80234 85322 src 74405
96262 24560 src 74405
69011 87317 src 74405
64194 33455 src 74405
64194 66472 src 74405
30106 31184 src 74405
30106 15701 src 74405
98668 53233 src 74405
01816 75836 src 74405
01816 62557 src 74405
96575 79258 src 74405
31184 59391 src 74405
start 41013 src 41013
41013 58686 src 41013
41013 04760 src 41013
41013 46780 src 41013
41013 77598 src 41013
41013 23617 src 41013
41013 53817 src 41013
58686 65380 src 41013
58686 82651 src 41013
04760 04844 src 41013
46780 19227 src 41013
46780 16902 src 41013
77598 73596 src 41013
77598 75931 src 41013
77598 74547 src 41013
77598 51666 src 41013
77598 11994 src 41013
77598 52826 src 41013
77598 97029 src 41013
23617 85587 src 41013
53817 71301 src 41013
53817 15692 src 41013
53817 16042 src 41013
53817 44691 src 41013
53817 56762 src 41013
53817 89823 src 41013
53817 53959 src 41013
53817 17698 src 41013
65380 35402 src 41013
65380 56756 src 41013
82651 99138 src 41013
82651 99651 src 41013
82651 32468 src 41013
82651 20859 src 41013
04844 38357 src 41013
04844 95938 src 41013
04844 30060 src 41013
04844 94255 src 41013
19227 41072 src 41013
19227 70905 src 41013
16902 55417 src 41013
16902 76357 src 41013
73596 45662 src 41013
73596 95518 src 41013
73596 24266 src 41013
73596 93800 src 41013
73596 13774 src 41013
73596 34070 src 41013
75931 47450 src 41013
74547 69032 src 41013
74547 21363 src 41013
74547 73327 src 41013
74547 78808 src 41013
51666 95124 src 41013
11994 33256 src 41013
11994 70979 src 41013
52826 57210 src 41013
52826 41252 src 41013
97029 75619 src 41013
97029 89498 src 41013
71301 90646 src 41013
71301 03785 src 41013
15692 97965 src 41013
16042 82357 src 41013
16042 57568 src 41013
16042 30068 src 41013
44691 41039 src 41013
44691 07645 src 41013
44691 69547 src 41013
56762 64213 src 41013
56762 70766 src 41013
89823 19505 src 41013
89823 53242 src 41013
89823 28934 src 41013
53959 64939 src 41013
53959 14985 src 41013
53959 50130 src 41013
17698 99490 src 41013
17698 58240 src 41013
17698 13652 src 41013
56756 21007 src 41013
56756 02116 src 41013
99138 16705 src 41013
99651 45399 src 41013
99651 17142 src 41013
99651 20243 src 41013
32468 39629 src 41013
20859 45352 src 41013
20859 57819 src 41013
20859 60512 src 41013
38357 74693 src 41013
95938 53391 src 41013
95938 70709 src 41013
95938 02358 src 41013
30060 71461 src 41013
30060 74655 src 41013
94255 69972 src 41013
94255 11388 src 41013
70905 93431 src 41013
70905 03206 src 41013
55417 06091 src 41013
55417 74911 src 41013
55417 72251 src 41013
55417 91113 src 41013
45662 45752 src 41013
45662 32254 src 41013
45662 30146 src 41013
93800 09090 src 41013
13774 55942 src 41013
69032 62508 src 41013
69032 91988 src 41013
21363 55725 src 41013
73327 99845 src 41013
78808 44643 src 41013
78808 59753 src 41013
75619 77509 src 41013
89498 80146 src 41013
89498 58316 src 41013
89498 90610 src 41013
90646 13387 src 41013
97965 91271 src 41013
82357 26814 src 41013
41039 15013 src 41013
07645 40191 src 41013
69547 18219 src 41013
64213 04329 src 41013
64213 54051 src 41013
70766 36030 src 41013
70766 06660 src 41013
70766 87418 src 41013
70766 18672 src 41013
19505 83542 src 41013
50130 62050 src 41013
50130 02361 src 41013
02116 24704 src 41013
16705 34139 src 41013
45399 72302 src 41013
17142 19031 src 41013
60512 89625 src 41013
60512 94453 src 41013
74655 24424 src 41013
69972 05068 src 41013
91113 43272 src 41013
91113 55106 src 41013
32254 30249 src 41013
30146 75535 src 41013
30146 33941 src 41013
09090 53703 src 41013
55942 53872 src 41013
99845 06788 src 41013
44643 09518 src 41013
77509 11905 src 41013
91271 26831 src 41013
26814 36110 src 41013
18672 96475 src 41013
18672 80248 src 41013
83542 31672 src 41013
83542 33260 src 41013
24704 74897 src 41013
34139 31726 src 41013
55106 17898 src 41013
26831 28377 src 41013
31672 40266 src 41013
Output
13740 92044 yes
21614 19836 no
19227 90610 yes
32084 36064 yes
69972 04760 yes
36291 14985 no
91183 34479 yes
72544 30106 no
72780 76357 no
19836 56079 no
15135 47787 yes
30106 95124 no
16902 91271 yes
31184 64213 no
11653 69011 no
62508 06091 yes
67462 33260 no
56762 15135 no
13740 70261 yes
36291 24385 yes
52826 69032 yes
32084 16427 yes
09007 56644 yes
58365 62807 no
68835 57819 no
34070 99651 yes
84384 42419 no
09504 85582 yes
92354 13740 yes
59385 16255 yes
80220 69972 no
85587 16705 yes
80844 46573 yes
46780 44691 yes
09899 00161 yes
17898 31726 yes
30106 90273 no
28377 26831 yes
12142 67982 yes
90273 01035 yes
40453 00962 yes
05733 53138 yes
29193 11653 no
75519 27143 yes
89370 32084 yes
16255 27417 yes
38312 56899 yes
09504 69011 yes
51829 24266 no
66806 00962 yes
62329 02222 no
06839 06660 no
93774 77145 no
26309 24560 yes
80248 54051 yes
43806 58686 no
40191 49127 no
23724 05254 no
51829 56899 yes
41154 69628 yes
96575 32227 yes
92354 55379 yes
55417 95938 yes
59764 45352 no
91709 86160 yes
24202 09285 yes
56756 07913 no
69657 92044 yes
30249 74911 yes
31726 69547 yes
44269 63339 yes
58026 05254 yes
28192 10063 yes
31672 73074 no
68806 05254 yes
47560 26705 yes
16427 02358 no
53457 28736 yes
75535 76357 yes
50130 16042 yes
33941 80234 no
72782 71461 no
92044 56705 yes
93692 34902 yes
73960 77645 no
44645 62286 no
34902 05688 yes
75519 16008 yes
55725 55942 yes
31726 39629 yes
45752 24704 yes
70014 02222 no
20243 35402 yes
36291 97207 yes
85825 96862 yes
72251 76583 no
36291 13580 yes
83060 71130 yes
34424 76770 yes
70709 28377 yes
59753 16705 yes
74547 44691 yes
18219 70979 yes
63133 76583 no
52549 06091 no
99354 18815 yes
09623 44645 no
51666 72780 no
11653 69032 no
89734 23359 no
44956 49127 yes
99651 34472 no
18762 32383 no
82357 85587 yes
14330 59764 yes
04760 09623 no
11905 56705 no
69268 94453 no
95938 90818 no
96862 31672 no
15013 93431 yes
20243 09518 yes
65597 38086 yes
05688 26831 no
44645 53242 no
75535 57284 no
85923 36234 yes
77598 18219 yes
10063 19045 yes
75286 65597 yes
73596 40096 no
98668 81643 yes
14985 44645 no
28192 23751 yes
07645 69972 yes
53391 26705 no
75535 66829 no
28377 84783 no
21813 00962 yes
13480 21614 yes
83060 29193 no
58026 75519 yes
02116 53391 yes
87418 55725 yes
09504 18672 no
53242 46573 no
75619 58316 yes
93431 69972 yes
25015 09504 no
90818 09623 yes
62286 50591 yes
19505 47787 no
46573 96262 yes
27417 19045 yes
78808 04844 yes
65418 85191 yes
28377 32853 no
06660 24385 no
66829 77053 no
75619 70709 yes
80220 20200 no
89734 09504 yes
64939 91319 no
77597 11994 no
25001 56756 no
20774 50130 no
58240 84384 no
75519 86160 yes
69972 05068 yes
15013 80146 yes
56899 70905 no
91709 71301 no
69032 11994 yes
15013 09504 no
20457 70261 no
25001 30106 yes
35123 14939 no
13580 43806 yes
40096 31515 yes
74693 74655 yes
77645 54051 no
03458 15135 no
74655 13740 no
26814 43925 no
81495 19331 no
80242 76357 no
11994 09007 no
30249 38086 no
91113 85322 no
33941 75535 yes
68758 50387 no
67982 32066 yes
11994 60512 yes
21813 41770 yes
68835 97326 yes
23625 50591 yes
55908 99845 no
13580 98668 no
44691 02116 yes
85582 14939 no
83666 55106 no
57568 53391 yes
40096 99511 yes
46114 24421 yes
37137 96109 yes
87317 19045 yes
32227 28204 yes
72544 92044 yes
26814 53391 yes
53242 70905 yes
58026 89734 yes
53391 16042 yes
13652 85587 yes
15013 36110 yes
89625 06788 yes
78639 03458 yes
00962 98668 no
93692 20200 yes
45752 70905 yes
56644 07668 yes
72606 80234 yes
85825 64427 yes
77053 25001 yes
33807 90818 yes
68758 62557 yes
66372 40096 no
85825 21614 yes
64427 57284 yes
06839 79472 yes
91125 89736 yes
56756 38563 no
19045 14330 yes
53703 09899 no
78808 45662 yes
31184 44746 no
10043 45858 yes
36173 98702 yes
36173 15105 yes
38357 65692 no
31515 66472 yes
65692 57568 no
26705 63133 no
15013 21778 no
95938 93658 no
23731 89452 yes
53560 36446 no
41013 92044 no
44746 86398 yes
87010 55942 no
34424 02019 yes
15701 96262 yes
49390 14330 yes
74096 03458 no
27568 80242 no
85481 00962 no
28934 59764 no
40191 65692 no
57726 29193 yes
68518 09090 no
53959 04052 no
19836 43806 no
31672 52549 no
52952 87418 no
93774 04103 yes
47560 17898 no
47500 77597 yes
41770 44746 yes
21007 90273 no
51422 99490 no
70766 30060 yes
30068 73960 no
62807 80234 yes
28377 99845 yes
40191 07668 no
59764 72782 yes
80146 47450 yes
24202 21813 yes
76583 77145 yes
40281 64213 no
41154 91183 no
05688 67982 yes
66345 07668 no
02361 57819 yes
27143 68518 no
84021 98702 yes
40096 66516 yes
20774 13387 no
71301 38357 yes
53703 02222 no
23617 07645 yes
28192 21813 no
77145 87199 yes
15105 76357 no
80234 23625 no
72782 42039 yes
84021 99354 no
32468 20457 no
03785 85617 no
12641 89370 yes
21007 30068 yes
70261 21007 no
55023 28934 no
80234 09007 no
52952 38695 no
80234 07461 yes
70766 86160 no
84384 69011 no
38357 52826 yes
90818 09504 no
75519 58686 no
07645 44691 yes
21813 56644 yes
90273 02358 no
32468 21007 yes
54051 80844 no
77645 64194 no
12885 14330 yes
38357 04844 yes
63133 21813 yes
18002 85191 yes
40266 53391 yes
15013 18002 no
57726 66372 no
36502 09090 no
99354 23731 yes
57726 26831 no
83542 52549 no
95938 58316 yes
65692 16902 no
16255 58686 no
91125 24560 yes
62164 36446 yes
98702 20238 yes
32084 12641 yes
52303 32603 no
16008 47500 no
35402 99138 yes
32066 32084 no
28934 62050 yes
68758 43272 no
16042 24424 yes
30249 56079 no
17142 58240 yes
62164 57726 no
47560 73960 yes
84384 46573 no
13892 45906 yes
19045 14985 no
46780 25015 no
66372 89370 no
19331 89712 no
24806 71461 no
05254 05254 yes
34609 12885 no
83666 44269 yes
59630 01816 yes
15105 75519 yes
90273 92354 yes
32254 38563 no
66516 51666 no
30068 54197 no
27568 21813 yes
67994 51666 no
71130 05688 yes
82172 33188 yes
62286 24385 yes
12142 87199 no
63133 32227 no
36173 55908 yes
98702 02358 no
45858 84783 yes
18762 54197 no
32853 83785 yes
78639 72606 yes
52549 65597 yes
68518 62164 yes
16427 89576 yes
02222 85481 yes
70766 26814 yes
47787 43806 yes
97642 41072 no
69032 80146 yes
06839 11019 no
53560 58686 no
40096 84737 yes
04760 09285 no
23724 18737 yes
75535 24266 yes
26831 54051 yes
06839 59391 yes
97642 59630 no
41154 90646 no
76770 41154 no
52952 59338 yes
70905 99651 yes
End
