Graph
64406 20636
31660 82123
97571 95973
63657 24920
20812 24920
20636 68545
75846 92026
06913 90648
17333 05546
09213 83064
11188 18058
93965 99277
80663 51286
10123 35683
72992 49196
52241 31903
19756 68261
10477 18882
65316 39231
76244 26355
79182 37493
17442 80663
46864 29829
18050 24920
42081 94312
04467 33853
38883 97571
37607 82703
78088 82123
82063 06558
34974 45105
52241 56202
05546 76613
83064 17592
83273 58770
90499 51286
39193 39193
67297 35277
37890 93699
51573 40011
42100 68812
35277 93502
84713 90648
84161 26780
51078 39193
26780 40011
81743 18351
06093 18058
42343 18351
74013 74013
63657 09213
95973 81743
04465 50842
76746 97052
63585 77520
18207 93826
40588 34974
84161 14232
68261 79350
59579 20812
04467 63230
63230 21781
10376 70457
63657 05124
83306 24090
58354 96998
82123 63964
51587 58354
11188 97711
95973 64701
83565 34630
10376 16059
55658 05546
18050 67818
51286 00986
97711 81025
42292 11168
52697 33853
71961 85315
52241 79119
93699 92026
57134 84752
96137 03950
36547 72992
10123 71961
43079 37890
06412 83495
92458 02293
81025 26086
41021 87512
25762 27719
30644 18058
50842 59154
39021 77165
18462 61504
58770 91195
07647 58354
07287 08827
49876 51431
47172 34289
01869 71961
58320 39193
32987 63585
19756 03950
47172 50842
02244 57364
47630 49369
20812 47060
91823 18058
05546 47630
79608 89883
50494 72393
19383 35879
66205 70457
78088 78353
26355 57935
40811 85315
29094 50842
83064 49369
49525 07920
64023 65222
01936 35683
32725 09358
79058 58320
00791 89883
56414 02244
79350 96137
91195 76767
95973 57364
80986 87085
94241 90636
49967 49327
97571 42292
63657 09213
18882 35888
66733 11744
29094 89786
35879 84195
50948 89786
68545 40917
30347 67840
15268 21787
75846 48501
78088 49267
26675 83214
47193 57935
92458 88040
10123 34974
43079 17416
21781 51573
84713 86573
74587 67406
81025 17592
37890 07920
39021 87512
86573 49999
04467 86573
79350 42100
26780 81872
97571 24090
74693 24090
25762 02552
79182 41541
20636 94308
04310 63647
97052 06913
86753 47172
65222 03725
75929 21787
94312 76767
76899 38883
95973 88040
94664 09358
17398 78353
26355 80663
29829 18882
58354 52697
47529 35210
42343 77165
89883 73844
51120 35210
17416 79350
87085 08829
29733 51078
49525 18058
91195 51286
49999 24386
65611 07287
18462 47193
84713 29094
90648 06913
24729 42081
76746 05805
88628 52759
49876 89786
04467 93826
68545 66733
61382 35879
42378 48546
51764 77165
57392 21769
72992 64023
86753 51976
40011 01869
17416 78088
47529 70457
52759 68545
43665 80908
92161 92161
96358 18207
74000 22763
22763 89883
02112 30644
47193 67297
79058 84752
17333 72393
02244 42292
82063 97052
91195 18462
29733 93502
52759 61504
91737 59351
43530 08829
71961 29094
72992 97711
86025 07440
74000 42292
10376 57392
35683 29094
49967 90499
32989 65611
00556 79058
32725 89408
92458 73844
79058 52759
83214 21781
43665 42343
75846 37890
86877 47193
15268 63647
35056 94241
51078 10833
24729 90499
91195 58770
40917 91737
51120 21189
73537 06521
07287 38883
35683 67406
82123 68261
42100 42100
69077 63124
73537 57136
92910 43079
61504 91737
35277 16056
47630 78088
56414 74000
06558 86753
78088 47630
22763 83565
63230 84195
95973 08827
93502 99578
81008 45957
74013 57364
66795 02560
06521 93699
33853 40588
21787 20636
84713 48546
37316 37493
66733 64406
31660 92910
24386 61382
37316 67297
52759 25842
86877 81008
59351 10833
71961 45105
42100 47630
16056 80663
39021 51764
63644 40151
74693 06195
59508 67406
43866 85315
26780 15514
43530 82703
79058 10610
90217 42978
73307 72393
77520 06195
06093 05721
75929 04310
10477 51976
07920 76613
01869 34974
86573 49876
86877 51286
02244 21769
63647 11744
02552 00986
75846 93077
80663 91737
74693 66424
55658 05546
73844 02244
82657 09109
35683 82063
51573 35888
79058 67297
10376 83565
09109 17333
29094 15514
06558 07647
35210 20426
91195 84752
75846 36547
66733 56202
21787 81008
20812 90636
30644 17416
43530 17989
71244 90499
66795 47172
91823 79350
38883 76899
39021 43530
77165 47529
74000 10376
92161 74587
40151 90217
61504 94308
77520 02244
82703 91706
16059 51764
63964 26086
17398 26086
06412 34630
56414 47529
10833 71244
05546 30644
49525 18058
32725 56202
33853 63836
51431 40151
64701 21189
42995 88628
16059 47529
31903 67297
81872 72479
92401 64023
74587 96998
84195 90648
00791 32987
88040 77638
04407 01102
08829 70457
37316 32725
88628 16056
42081 57134
93826 24386
73307 57136
67478 74000
70457 89883
76899 63585
47630 69310
97711 35056
89408 79119
66795 89786
16059 93320
10376 76899
63964 69310
76613 11188
63964 75846
10123 39231
38871 24090
76613 49525
35879 01869
56414 88120
43530 37607
49967 20636
06412 39547
80469 87512
83064 63657
90217 01936
18058 90636
93826 18882
66549 32989
94664 57935
47529 74000
32989 02293
15514 29829
64406 57134
66795 51587
24090 38871
96998 39231
90648 18882
09358 37316
14232 89786
99277 14232
05805 34974
84651 91195
18207 29829
04465 63644
94241 91823
52241 01032
73844 18351
47060 49196
18050 49369
83296 83565
51431 35879
01936 38689
63384 86753
18050 68261
78353 91823
04465 02560
94312 49967
51286 21787
87085 17989
55658 36547
51431 10477
32989 22763
81872 74587
37316 76767
81025 93699
18058 72992
38871 42292
57681 57681
17416 47630
72479 50842
18207 72479
37493 57935
80908 51764
88040 32989
20349 95973
26780 15514
81008 57681
83498 86573
65222 17333
75846 05124
10376 82703
83498 29094
86025 27719
08829 06412
57134 81008
47172 01102
11744 02552
39231 48546
83253 96137
20812 05721
07287 95973
85315 18207
18058 90636
90636 75846
05805 84713
64406 94308
86573 45105
02244 24090
10477 67840
61504 40917
20426 78470
82063 24386
63647 81008
73537 72992
96358 06913
79058 58770
20349 43530
90636 82123
74587 85315
58354 35888
68812 02112
57392 64701
79199 63657
63964 82657
78088 68261
90636 07920
71244 37316
17442 80865
05805 52697
92910 78088
40151 97052
27916 72739
93699 82123
75929 84752
17398 27916
64023 92910
88628 57134
75846 20812
78088 02112
97711 72393
35879 40588
80865 52759
82657 97711
07287 81743
41541 11744
37316 00986
07440 58587
35683 71961
43866 19383
89883 57392
75929 25762
83306 35210
49327 65041
63230 83214
17398 92026
35683 07647
01869 81872
66733 00986
47172 82063
79199 05546
99277 14232
84161 40151
29829 24386
57935 25711
52759 76244
66795 63644
76746 40011
68545 17442
40811 86573
91195 84651
05546 35056
34974 72479
89883 39021
67478 73844
05721 94241
77165 92458
45105 35683
40011 84161
10376 32987
40917 67297
38689 45105
98048 05805
64023 68812
18351 20426
49267 64023
93077 11188
17398 69310
46864 26675
04407 43866
42995 84651
58770 47193
66424 81743
17398 82123
59154 26675
20812 81025
78088 55658
63836 05805
45533 57681
12328 10376
23582 70457
79608 20349
15514 42378
24920 11188
22763 25130
57892 20812
61504 88628
08827 78470
93502 94312
51976 43866
81872 96358
66424 51764
63384 58354
57364 83495
00556 78589
41541 44455
24386 84713
51587 63836
77520 66424
35683 21781
49876 04465
63124 52697
26086 47630
18462 37316
00556 20636
69077 89786
76899 21189
89883 80986
74587 93965
14232 84161
92401 68261
69310 93077
94312 27719
80469 39021
92910 76613
03950 17416
40588 49876
06195 22763
65316 38689
62736 94308
57892 18050
81743 97571
79350 57892
76244 81008
05721 92401
50494 83253
24386 04465
87512 10376
34289 10123
83296 66205
38689 61382
42292 08829
14232 26675
91737 37316
81008 17442
31660 11188
47630 17416
05124 67818
80663 32725
10376 37607
67406 71961
66424 73844
78470 12328
89408 20636
63644 46864
29829 83214
99578 31903
06195 82703
29829 04467
49967 99578
06412 38883
18351 97571
93320 74000
72393 50494
59351 57935
87085 79608
82703 08829
19383 61382
50948 40588
63647 59351
48501 90636
79608 60889
59579 83253
73307 93699
97571 06412
04407 49999
67406 96358
94664 02552
42081 83273
96171 42292
88628 51286
78353 76613
08827 47529
26086 83253
89408 49967
73844 70457
76746 15514
41021 21769
80908 60889
29094 51573
04407 34974
10833 07440
99578 04310
96137 36547
10123 35879
90217 35888
25842 58587
81025 47060
68261 65222
11168 38871
69310 97711
79350 64023
42343 07287
05805 45105
88120 21769
80865 78589
24090 32987
48546 61382
87085 92458
44455 83273
35210 83306
74693 51120
09358 94308
47060 72393
44455 83273
35277 26355
57681 91737
62736 21787
71244 65041
76613 37890
80908 63585
77520 64701
87512 95973
38689 35683
83296 80986
35056 68812
58320 62736
63264 94664
03725 69310
79119 24729
91823 48501
29733 49967
50948 34974
82703 66549
51078 10610
83296 67478
45533 68545
63124 93826
37607 70457
57136 35056
63647 52241
20812 49369
93965 10477
93826 01869
19756 79199
72393 81025
09213 92910
34630 35210
90217 97052
07287 10376
93965 29094
64406 80663
10477 93965
57136 47060
91195 68545
25762 25711
79199 83064
79119 83273
21769 42292
49369 03950
30347 58354
79350 48501
06412 25130
74013 96171
84161 59154
60889 35210
90499 58770
79199 63964
40011 99277
56414 00791
27719 21787
42081 63647
90636 63657
25711 45533
64701 57364
35056 79199
07287 66549
56414 83495
02244 12328
20349 20426
17333 05546
41021 93320
73307 73307
83064 24920
80986 39547
93965 33853
43665 77638
39021 32989
69178 10477
79350 72393
17592 06521
58320 67297
58354 59508
22763 57392
76767 62736
82657 49369
49327 37316
06558 85315
18351 43530
25711 45957
76746 96990
11188 06521
65041 63264
80865 56202
88628 84651
40588 49876
34289 63124
56414 38883
92910 83253
02560 59154
96990 76746
92401 17416
31903 15268
66549 81743
84161 63124
20426 83306
75846 92910
75929 78589
17592 26086
07920 02112
23582 63585
00556 75929
65041 11744
05721 11188
40811 82063
83273 25762
18462 49327
86025 18462
43079 02112
94312 58770
35210 06195
75846 72992
93502 76244
14232 07647
35056 83064
93699 92910
57892 83064
30347 06558
92026 73537
84713 93965
35879 74741
91823 91823
57134 62736
84651 62736
37890 73537
83565 78470
74741 84161
64023 17333
64023 49369
49196 65222
86573 30347
83253 03950
93699 17333
43665 21769
91737 21787
04310 49967
92161 04407
71244 58320
94664 09358
96137 57136
97052 10123
46864 86753
42292 22763
18207 86753
17592 17416
15268 27719
01032 57681
52759 66733
20349 21189
33853 30347
07287 83495
90217 34974
93077 63964
24920 91823
20636 45957
21769 38883
71961 40151
57136 68261
72393 97711
22763 80986
32989 88040
83064 17592
02112 91823
76746 50842
80986 91706
89408 91737
56202 84651
37493 56202
21769 08827
57134 45533
39021 16573
31660 49267
97571 11168
18207 93826
06195 43530
21769 34630
10610 62654
58320 89408
26355 99578
42995 58587
72739 49267
74587 63384
00556 63647
49196 03950
70457 21189
05721 03725
26355 67297
84195 93965
08827 77520
64406 57681
37890 82123
49196 17398
23582 64701
70457 74693
93965 04407
10376 15993
50842 06913
25711 51286
19383 40811
69310 49196
79119 49967
66795 38689
64701 35210
10610 35277
79350 79350
36547 72739
92458 64701
49267 42100
49369 78088
27719 02552
05721 17416
49196 92910
63657 26086
15993 02244
16056 52759
88628 29733
63264 76767
17398 81025
84752 94312
31660 93699
10610 52759
63657 06521
06195 10376
84752 04310
69077 84713
68812 09109
84752 58770
66424 83296
20636 52759
17416 64023
04407 86753
18462 68545
80865 83273
38689 18207
10123 93965
87512 67478
35888 69077
66424 70457
94308 51286
71244 81008
73307 03950
44455 35277
91195 39193
49525 81025
10833 37493
91706 70457
37890 92910
05721 96137
69310 11188
19383 40811
92910 73537
07287 78470
78470 51764
24920 69310
93077 63657
92458 22763
83064 19756
04310 67297
24386 06913
03725 49525
63264 26355
18351 11168
57364 66549
81872 84195
09109 20812
26355 58320
68545 42081
17989 06195
96358 14232
56414 66549
50842 40811
17592 57136
83495 87085
15993 76899
62736 64406
41021 25130
36547 64023
44455 09358
12328 34630
04465 52697
06093 82657
96358 69178
01869 65316
01032 37316
47630 19756
63657 17333
49196 18050
98048 93965
51764 88120
16056 20636
42100 78088
91706 21189
67406 42978
29733 20636
57136 64023
76899 77638
35683 15514
42292 38883
20812 24920
04467 29094
64701 77638
43665 83296
02112 49267
21769 08829
Queries
15993 66549
82123 78088
63836 82657
24090 77638
42978 76746
80469 49196
47060 52241
11188 17416
51764 79608
17333 72739
52241 49196
49327 51431
15514 66795
01032 51286
79608 68261
51764 51764
61504 40917
92401 41021
83064 57136
76613 59154
07920 03725
86025 84161
41021 87085
02552 91737
82657 92401
26675 29094
41021 18351
97711 96990
49369 98048
63657 24920
76899 81743
05805 23582
68261 03725
22763 02293
74693 07440
31660 20812
39193 68261
29733 80469
66795 93077
92458 90499
61504 42995
49327 68545
17442 45957
16573 20426
94241 50494
99277 64406
02112 64023
39193 11188
39021 18351
93077 78088
21769 78470
00791 84161
20426 59579
91737 40011
80986 24920
38883 47529
06521 83064
65222 08829
76746 56202
45533 68545
58354 06913
69310 39547
59579 11188
15268 86573
16573 37607
75929 17442
10123 96998
64701 60889
59579 49525
05546 24920
88120 57392
66795 77165
83064 20812
04407 82063
04310 49196
59508 82063
06521 42100
85315 26675
66424 17592
17989 43530
91823 63964
79058 25762
06195 73537
39021 60889
56202 96137
91823 93965
88040 06195
63657 40917
93965 21781
52697 45957
18462 79199
26086 62736
40151 12328
80865 59508
57892 79350
93077 86573
05546 87512
86877 29829
09109 35210
37890 71961
59508 71961
76767 93965
26086 65041
82703 78470
79119 24729
96358 41021
47172 34289
15993 16059
73307 92401
18058 05124
79350 02560
34630 43079
40917 78088
96358 09109
80908 97571
46864 14232
06412 09358
10610 61382
96990 35056
90499 24920
18882 58354
93320 64023
42378 01936
25130 65316
82703 74000
87085 20349
56202 58770
11744 47630
26675 17333
06558 35683
83273 37493
83273 44455
57681 49525
65611 94308
85315 82123
57681 78589
05805 83498
94308 51120
49525 18351
74741 42378
83214 90636
52697 51120
05124 31660
84161 52697
69077 18207
49999 57136
71244 58587
65316 83498
74000 82703
20349 06412
42100 92026
47529 63230
23582 17398
72479 63836
96358 24090
32989 88120
37493 81008
51587 00556
63264 92161
84713 33853
69178 66205
56202 15268
25762 81008
83064 81743
77165 66424
25762 52697
71244 61382
93699 92401
57681 40011
88040 01032
17333 25130
83214 78589
82703 47193
37607 06195
58770 47529
55658 65222
74587 18882
64701 35210
65222 47630
99277 09109
25711 83253
49196 38689
59351 81025
89883 96137
18207 58320
35056 75846
95973 34630
96990 78589
88040 03725
38871 92458
00986 82123
49196 92458
80908 61382
45957 64406
62736 51078
91195 90499
18462 39193
05721 27916
83565 49196
06521 42378
43665 18207
09213 01102
91706 45957
79182 76767
24920 21769
84161 86573
37607 74693
72479 47193
24920 35879
47193 92161
82657 42081
11188 64023
83253 67297
30644 09109
39021 77520
97052 04467
66549 71244
76746 65611
24090 35210
39021 96998
15514 16059
49267 26086
88628 94241
80663 50842
30347 43079
81025 97711
07647 10123
83296 66205
18207 26780
63836 50494
65041 57364
45957 57681
72393 24920
24920 27719
57935 49369
96998 81743
89408 41541
58354 96358
86877 81872
18882 40588
39231 24386
63644 83214
72739 09213
99277 90648
15514 40011
10376 80469
42292 37607
96998 01102
96990 01102
18050 02112
32987 06093
09358 90499
89883 77520
84651 80469
02293 76613
83214 51587
32987 50948
49876 18882
74000 83296
01936 68812
83253 18050
75929 15514
78470 22763
40917 75929
66795 07287
51587 55658
79119 40917
56414 70457
06412 00791
48546 35879
04467 63644
83064 83253
62654 42100
94308 50494
40011 31903
78470 21189
35277 18882
30644 62654
84651 41021
27719 80663
10376 39021
18882 49876
17592 72739
15268 42081
76244 35210
08827 06913
72739 20636
78589 41541
17442 24090
69310 15993
17398 93502
57136 26086
00791 81743
49196 02112
35056 63657
35056 05546
51078 25762
05124 67818
66205 37607
52241 44455
04465 69077
15993 39231
09109 93502
34289 48546
58587 90499
51431 58354
11188 32725
01102 79608
83498 35683
06521 56202
82657 58587
47193 21787
96990 18207
66795 26675
09109 18882
88040 02244
26086 79182
39021 25130
52697 05805
04407 89786
72393 03950
85315 97052
90636 93320
07287 91706
48501 94241
11744 58770
05805 97052
18882 66795
45105 05721
66549 57392
91195 16056
27916 62736
49525 59154
31660 73537
82063 58770
71244 94664
27719 35277
74000 93320
94664 60889
47060 34289
32987 16573
42995 66424
88120 40151
70457 27719
83064 57136
49967 66733
71244 74693
89786 92401
83296 88628
83495 08829
12328 25130
16059 72479
57364 73844
03725 03950
42100 79199
58354 67840
30644 35683
79119 81025
33853 68545
22763 21769
07920 20812
83495 02244
49327 37890
63644 37890
42100 73307
34974 27719
49267 27916
17442 07920
35888 42378
87512 38871
43530 37607
72393 39547
62736 37493
82063 18882
77638 77638
26675 84713
76613 17398
63657 79119
32987 80908
75846 93826
72992 39547
38883 50948
20636 50842
15514 96171
59508 16056
47172 74013
92458 18351
Thinking
start 92910 src 92910
92910 43079 src 92910
92910 31660 src 92910
92910 78088 src 92910
92910 64023 src 92910
92910 76613 src 92910
92910 09213 src 92910
92910 83253 src 92910
92910 75846 src 92910
92910 93699 src 92910
92910 49196 src 92910
92910 37890 src 92910
92910 73537 src 92910
43079 17416 src 92910
43079 02112 src 92910
31660 82123 src 92910
31660 11188 src 92910
31660 49267 src 92910
78088 78353 src 92910
78088 47630 src 92910
78088 68261 src 92910
78088 55658 src 92910
78088 49369 src 92910
78088 42100 src 92910
64023 65222 src 92910
64023 72992 src 92910
64023 92401 src 92910
64023 68812 src 92910
64023 79350 src 92910
64023 17333 src 92910
64023 36547 src 92910
64023 57136 src 92910
76613 05546 src 92910
76613 07920 src 92910
76613 49525 src 92910
09213 83064 src 92910
09213 63657 src 92910
83253 96137 src 92910
83253 50494 src 92910
83253 59579 src 92910
83253 26086 src 92910
83253 03950 src 92910
75846 92026 src 92910
75846 48501 src 92910
75846 93077 src 92910
75846 63964 src 92910
75846 05124 src 92910
75846 90636 src 92910
75846 20812 src 92910
93699 06521 src 92910
93699 81025 src 92910
93699 73307 src 92910
49196 47060 src 92910
49196 17398 src 92910
49196 69310 src 92910
49196 18050 src 92910
17416 30644 src 92910
17416 17592 src 92910
17416 05721 src 92910
02112 91823 src 92910
11188 18058 src 92910
11188 97711 src 92910
11188 24920 src 92910
49267 72739 src 92910
47630 19756 src 92910
49369 82657 src 92910
65222 03725 src 92910
68812 35056 src 92910
68812 09109 src 92910
79350 57892 src 92910
79350 72393 src 92910
05546 79199 src 92910
05124 67818 src 92910
90636 94241 src 92910
17398 27916 src 92910
05721 06093 src 92910
start 68545 src 68545
68545 20636 src 68545
68545 40917 src 68545
68545 66733 src 68545
68545 52759 src 68545
68545 17442 src 68545
68545 45533 src 68545
68545 91195 src 68545
68545 18462 src 68545
68545 42081 src 68545
20636 64406 src 68545
20636 94308 src 68545
20636 21787 src 68545
20636 49967 src 68545
20636 00556 src 68545
20636 89408 src 68545
20636 45957 src 68545
20636 16056 src 68545
20636 29733 src 68545
40917 91737 src 68545
40917 61504 src 68545
40917 67297 src 68545
66733 11744 src 68545
66733 56202 src 68545
66733 00986 src 68545
52759 88628 src 68545
52759 79058 src 68545
52759 25842 src 68545
52759 80865 src 68545
52759 76244 src 68545
52759 10610 src 68545
17442 80663 src 68545
17442 81008 src 68545
45533 57681 src 68545
45533 25711 src 68545
45533 57134 src 68545
91195 58770 src 68545
91195 76767 src 68545
91195 51286 src 68545
91195 84752 src 68545
91195 84651 src 68545
91195 39193 src 68545
18462 47193 src 68545
18462 37316 src 68545
18462 49327 src 68545
18462 86025 src 68545
42081 94312 src 68545
42081 24729 src 68545
42081 83273 src 68545
42081 63647 src 68545
64406 62736 src 68545
94308 09358 src 68545
21787 15268 src 68545
21787 75929 src 68545
21787 27719 src 68545
49967 90499 src 68545
49967 99578 src 68545
49967 04310 src 68545
49967 79119 src 68545
00556 78589 src 68545
89408 32725 src 68545
89408 58320 src 68545
16056 35277 src 68545
29733 51078 src 68545
29733 93502 src 68545
91737 59351 src 68545
67297 31903 src 68545
67297 26355 src 68545
11744 02552 src 68545
11744 41541 src 68545
11744 65041 src 68545
56202 52241 src 68545
56202 37493 src 68545
88628 42995 src 68545
25842 58587 src 68545
10610 62654 src 68545
81008 86877 src 68545
81008 71244 src 68545
57681 01032 src 68545
25711 57935 src 68545
25711 25762 src 68545
76767 63264 src 68545
86025 07440 src 68545
83273 44455 src 68545
09358 94664 src 68545
51078 10833 src 68545
41541 79182 src 68545
start 10477 src 10477
10477 18882 src 10477
10477 51976 src 10477
10477 51431 src 10477
10477 67840 src 10477
10477 93965 src 10477
10477 69178 src 10477
18882 35888 src 10477
18882 29829 src 10477
18882 93826 src 10477
18882 90648 src 10477
51976 86753 src 10477
51976 43866 src 10477
51431 49876 src 10477
51431 40151 src 10477
51431 35879 src 10477
67840 30347 src 10477
93965 99277 src 10477
93965 74587 src 10477
93965 29094 src 10477
93965 33853 src 10477
93965 84713 src 10477
93965 84195 src 10477
93965 04407 src 10477
93965 10123 src 10477
93965 98048 src 10477
69178 96358 src 10477
35888 51573 src 10477
35888 58354 src 10477
35888 90217 src 10477
35888 69077 src 10477
29829 46864 src 10477
29829 15514 src 10477
29829 18207 src 10477
29829 24386 src 10477
29829 83214 src 10477
29829 04467 src 10477
93826 63124 src 10477
93826 01869 src 10477
90648 06913 src 10477
86753 47172 src 10477
86753 06558 src 10477
86753 63384 src 10477
43866 85315 src 10477
43866 19383 src 10477
49876 89786 src 10477
49876 86573 src 10477
49876 04465 src 10477
49876 40588 src 10477
40151 63644 src 10477
40151 97052 src 10477
40151 84161 src 10477
40151 71961 src 10477
35879 61382 src 10477
35879 74741 src 10477
99277 14232 src 10477
99277 40011 src 10477
74587 67406 src 10477
74587 92161 src 10477
74587 96998 src 10477
74587 81872 src 10477
29094 50842 src 10477
29094 35683 src 10477
29094 83498 src 10477
33853 52697 src 10477
33853 63836 src 10477
84713 48546 src 10477
84713 05805 src 10477
84195 63230 src 10477
04407 01102 src 10477
04407 49999 src 10477
04407 34974 src 10477
10123 39231 src 10477
10123 34289 src 10477
51573 21781 src 10477
58354 51587 src 10477
58354 07647 src 10477
58354 59508 src 10477
90217 42978 src 10477
90217 01936 src 10477
46864 26675 src 10477
15514 26780 src 10477
15514 42378 src 10477
15514 76746 src 10477
18207 72479 src 10477
18207 38689 src 10477
24386 82063 src 10477
01869 65316 src 10477
47172 66795 src 10477
85315 40811 src 10477
89786 50948 src 10477
86573 45105 src 10477
04465 02560 src 10477
84161 59154 src 10477
76746 96990 src 10477
start 10376 src 10376
10376 70457 src 10376
10376 16059 src 10376
10376 57392 src 10376
10376 83565 src 10376
10376 74000 src 10376
10376 76899 src 10376
10376 82703 src 10376
10376 32987 src 10376
10376 12328 src 10376
10376 87512 src 10376
10376 37607 src 10376
10376 07287 src 10376
10376 15993 src 10376
10376 06195 src 10376
70457 66205 src 10376
70457 47529 src 10376
70457 08829 src 10376
70457 89883 src 10376
70457 23582 src 10376
70457 73844 src 10376
70457 21189 src 10376
70457 74693 src 10376
70457 66424 src 10376
70457 91706 src 10376
16059 51764 src 10376
16059 93320 src 10376
57392 21769 src 10376
57392 64701 src 10376
57392 22763 src 10376
83565 34630 src 10376
83565 83296 src 10376
83565 78470 src 10376
74000 42292 src 10376
74000 56414 src 10376
74000 67478 src 10376
76899 38883 src 10376
76899 63585 src 10376
76899 77638 src 10376
82703 43530 src 10376
82703 66549 src 10376
32987 00791 src 10376
32987 24090 src 10376
12328 02244 src 10376
87512 41021 src 10376
87512 39021 src 10376
87512 80469 src 10376
87512 95973 src 10376
07287 08827 src 10376
07287 65611 src 10376
07287 81743 src 10376
07287 42343 src 10376
07287 83495 src 10376
06195 77520 src 10376
06195 35210 src 10376
06195 17989 src 10376
47529 77165 src 10376
08829 87085 src 10376
08829 06412 src 10376
89883 79608 src 10376
89883 80986 src 10376
73844 92458 src 10376
73844 18351 src 10376
21189 51120 src 10376
21189 20349 src 10376
51764 80908 src 10376
51764 88120 src 10376
21769 43665 src 10376
64701 57364 src 10376
22763 32989 src 10376
22763 25130 src 10376
78470 20426 src 10376
42292 11168 src 10376
42292 97571 src 10376
42292 38871 src 10376
42292 96171 src 10376
77638 88040 src 10376
24090 83306 src 10376
39021 16573 src 10376
35210 60889 src 10376
06412 39547 src 10376
92458 02293 src 10376
57364 74013 src 10376
Output
15993 66549 yes
82123 78088 yes
63836 82657 no
24090 77638 yes
42978 76746 yes
80469 49196 no
47060 52241 no
11188 17416 yes
51764 79608 yes
17333 72739 yes
52241 49196 no
49327 51431 no
15514 66795 yes
01032 51286 yes
79608 68261 no
51764 51764 yes
61504 40917 yes
92401 41021 no
83064 57136 yes
76613 59154 no
07920 03725 yes
86025 84161 no
41021 87085 yes
02552 91737 yes
82657 92401 yes
26675 29094 yes
41021 18351 yes
97711 96990 no
49369 98048 no
63657 24920 yes
76899 81743 yes
05805 23582 no
68261 03725 yes
22763 02293 yes
74693 07440 no
31660 20812 yes
39193 68261 no
29733 80469 no
66795 93077 no
92458 90499 no
61504 42995 yes
49327 68545 yes
17442 45957 yes
16573 20426 yes
94241 50494 yes
99277 64406 no
02112 64023 yes
39193 11188 no
39021 18351 yes
93077 78088 yes
21769 78470 yes
00791 84161 no
20426 59579 no
91737 40011 no
80986 24920 no
38883 47529 yes
06521 83064 yes
65222 08829 no
76746 56202 no
45533 68545 yes
58354 06913 yes
69310 39547 no
59579 11188 yes
15268 86573 no
16573 37607 yes
75929 17442 yes
10123 96998 yes
64701 60889 yes
59579 49525 yes
05546 24920 yes
88120 57392 yes
66795 77165 no
83064 20812 yes
04407 82063 yes
04310 49196 no
59508 82063 yes
06521 42100 yes
85315 26675 yes
66424 17592 no
17989 43530 yes
91823 63964 yes
79058 25762 yes
06195 73537 no
39021 60889 yes
56202 96137 no
91823 93965 no
88040 06195 yes
63657 40917 no
93965 21781 yes
52697 45957 no
18462 79199 no
26086 62736 no
40151 12328 no
80865 59508 no
57892 79350 yes
93077 86573 no
05546 87512 no
86877 29829 no
09109 35210 no
37890 71961 no
59508 71961 yes
76767 93965 no
26086 65041 no
82703 78470 yes
79119 24729 yes
96358 41021 no
47172 34289 yes
15993 16059 yes
73307 92401 yes
18058 05124 yes
79350 02560 no
34630 43079 no
40917 78088 no
96358 09109 no
80908 97571 yes
46864 14232 yes
06412 09358 no
10610 61382 no
96990 35056 no
90499 24920 no
18882 58354 yes
93320 64023 no
42378 01936 yes
25130 65316 no
82703 74000 yes
87085 20349 yes
56202 58770 yes
11744 47630 no
26675 17333 no
06558 35683 yes
83273 37493 yes
83273 44455 yes
57681 49525 no
65611 94308 no
85315 82123 no
57681 78589 yes
05805 83498 yes
94308 51120 no
49525 18351 no
74741 42378 yes
83214 90636 no
52697 51120 no
05124 31660 yes
84161 52697 yes
69077 18207 yes
49999 57136 no
71244 58587 yes
65316 83498 yes
74000 82703 yes
20349 06412 yes
42100 92026 yes
47529 63230 no
23582 17398 no
72479 63836 yes
96358 24090 no
32989 88120 yes
37493 81008 yes
51587 00556 no
63264 92161 no
84713 33853 yes
69178 66205 no
56202 15268 yes
25762 81008 yes
83064 81743 no
77165 66424 yes
25762 52697 no
71244 61382 no
93699 92401 yes
57681 40011 no
88040 01032 no
17333 25130 no
83214 78589 no
82703 47193 no
37607 06195 yes
58770 47529 no
55658 65222 yes
74587 18882 yes
64701 35210 yes
65222 47630 yes
99277 09109 no
25711 83253 no
49196 38689 no
59351 81025 no
89883 96137 no
18207 58320 no
35056 75846 yes
95973 34630 yes
96990 78589 no
88040 03725 no
38871 92458 yes
00986 82123 no
49196 92458 no
80908 61382 no
45957 64406 yes
62736 51078 yes
91195 90499 yes
18462 39193 yes
05721 27916 yes
83565 49196 no
06521 42378 no
43665 18207 no
09213 01102 no
91706 45957 no
79182 76767 yes
24920 21769 no
84161 86573 yes
37607 74693 yes
72479 47193 no
24920 35879 no
47193 92161 no
82657 42081 no
11188 64023 yes
83253 67297 no
30644 09109 yes
39021 77520 yes
97052 04467 yes
66549 71244 no
76746 65611 no
24090 35210 yes
39021 96998 no
15514 16059 no
49267 26086 yes
88628 94241 no
80663 50842 no
30347 43079 no
81025 97711 yes
07647 10123 yes
83296 66205 yes
18207 26780 yes
63836 50494 no
65041 57364 no
45957 57681 yes
72393 24920 yes
24920 27719 no
57935 49369 no
96998 81743 no
89408 41541 yes
58354 96358 yes
86877 81872 no
18882 40588 yes
39231 24386 yes
63644 83214 yes
72739 09213 yes
99277 90648 yes
15514 40011 yes
10376 80469 yes
42292 37607 yes
96998 01102 yes
96990 01102 yes
18050 02112 yes
32987 06093 no
09358 90499 yes
89883 77520 yes
84651 80469 no
02293 76613 no
83214 51587 yes
32987 50948 no
49876 18882 yes
74000 83296 yes
01936 68812 no
83253 18050 yes
75929 15514 no
78470 22763 yes
40917 75929 yes
66795 07287 no
51587 55658 no
79119 40917 yes
56414 70457 yes
06412 00791 yes
48546 35879 yes
04467 63644 yes
83064 83253 yes
62654 42100 no
94308 50494 no
40011 31903 no
78470 21189 yes
35277 18882 no
30644 62654 no
84651 41021 no
27719 80663 yes
10376 39021 yes
18882 49876 yes
17592 72739 yes
15268 42081 yes
76244 35210 no
08827 06913 no
72739 20636 no
78589 41541 yes
17442 24090 no
69310 15993 no
17398 93502 no
57136 26086 yes
00791 81743 yes
49196 02112 yes
35056 63657 yes
35056 05546 yes
51078 25762 yes
05124 67818 yes
66205 37607 yes
52241 44455 yes
04465 69077 yes
15993 39231 no
09109 93502 no
34289 48546 yes
58587 90499 yes
51431 58354 yes
11188 32725 no
01102 79608 no
83498 35683 yes
06521 56202 no
82657 58587 no
47193 21787 yes
96990 18207 yes
66795 26675 yes
09109 18882 no
88040 02244 yes
26086 79182 no
39021 25130 yes
52697 05805 yes
04407 89786 yes
72393 03950 yes
85315 97052 yes
90636 93320 no
07287 91706 yes
48501 94241 yes
11744 58770 yes
05805 97052 yes
18882 66795 yes
45105 05721 no
66549 57392 yes
91195 16056 yes
27916 62736 no
49525 59154 no
31660 73537 yes
82063 58770 no
71244 94664 yes
27719 35277 yes
74000 93320 yes
94664 60889 no
47060 34289 no
32987 16573 yes
42995 66424 no
88120 40151 no
70457 27719 no
83064 57136 yes
49967 66733 yes
71244 74693 no
89786 92401 no
83296 88628 no
83495 08829 yes
12328 25130 yes
16059 72479 no
57364 73844 yes
03725 03950 yes
42100 79199 yes
58354 67840 yes
30644 35683 no
79119 81025 no
33853 68545 no
22763 21769 yes
07920 20812 yes
83495 02244 yes
49327 37890 no
63644 37890 no
42100 73307 yes
34974 27719 no
49267 27916 yes
17442 07920 no
35888 42378 yes
87512 38871 yes
43530 37607 yes
72393 39547 no
62736 37493 yes
82063 18882 yes
77638 77638 yes
26675 84713 yes
76613 17398 yes
63657 79119 no
32987 80908 yes
75846 93826 no
72992 39547 no
38883 50948 no
20636 50842 no
15514 96171 no
59508 16056 no
47172 74013 no
92458 18351 yes
End
