Graph
30346 05063
24763 28395
87390 74745
05073 43120
57635 90912
10818 09771
18107 77399
94388 16467
74676 31094
60562 75120
53437 32803
90912 34490
23774 67867
42143 64650
99802 37490
20310 96855
81087 01827
08088 43058
20456 70983
52447 03367
90080 17981
47097 28992
47999 49553
01095 25473
91415 88758
06395 67468
62357 38359
94729 76948
87146 89820
51364 34490
17742 17818
70345 42682
83374 79169
07111 82360
09771 23774
96855 27332
02577 16467
22522 57635
70345 93761
26088 10072
61767 94125
24849 52447
56657 54630
99622 22795
19828 91756
98391 37283
77016 05445
85818 83467
90080 55191
61443 42454
46375 83530
43611 39188
88458 20332
85818 70130
71942 02577
94125 48338
43186 63560
87953 18107
75456 17981
28670 56344
23571 35926
89625 83374
88758 43079
60178 27872
01827 49907
80268 75800
23571 74264
35926 63471
01036 62641
53437 54630
95768 06788
57286 23015
40480 11649
61767 29635
08088 61504
82047 51274
42454 30371
88440 07709
06788 62119
92116 57616
33361 81138
70983 20096
97757 07111
56352 99622
79332 74745
67034 42454
95768 21260
88440 10072
78793 68490
82836 89672
47739 76224
27872 37306
47296 09771
72408 38009
05446 40077
81149 33662
61823 22410
17818 27332
01538 14196
30371 88458
40518 42143
09028 57022
29662 01036
28377 68490
57022 91756
41378 78793
76948 28992
99115 64650
06407 23015
37400 62592
26088 52266
08394 70198
20456 69960
43611 77666
56056 91782
75120 28377
33662 61534
37306 88476
49553 57882
85014 07444
75006 40518
90912 33908
36576 67468
28377 83374
45312 36576
53501 40669
37640 01036
71942 57616
33908 93434
06395 45312
90912 13022
99802 35929
06158 98391
37306 43079
34490 91756
90135 77164
89714 04288
81598 57635
76948 70718
23911 38009
54630 96855
86315 89820
13576 10818
90135 87953
42064 43079
27836 05775
85192 47966
20096 51064
40146 51274
08015 16887
88183 47999
46375 87146
19828 37302
45979 51364
66174 01590
40669 81009
44051 55801
38264 24895
26949 38133
14775 94388
30016 37400
71116 60562
47919 73877
94337 90912
70983 81138
70345 59582
54630 12772
05073 97338
71116 87146
19828 36655
93507 25437
67468 81087
27872 25808
91415 22444
70718 57286
75905 08015
57586 28670
76224 47097
69960 52108
40480 85192
29635 38264
16887 36421
33361 20096
91314 47999
14196 63560
77770 85818
61911 80872
42454 27872
67283 33361
64914 10818
80925 42682
73877 17863
83374 08015
56352 40475
42784 61767
24763 61767
03016 98391
39244 09376
90912 63560
57840 52266
83530 40077
57635 92116
09028 68465
90080 61534
80925 12772
85192 39837
56352 87370
05445 41378
06407 59005
90135 56352
87146 49137
61443 13499
57840 16470
05729 95967
05144 55801
12772 30346
76224 56460
61443 29635
70722 99115
62119 45979
99480 41057
74676 31149
92116 06788
05073 31061
00452 64914
99622 28377
22410 02676
07111 52266
77666 76971
00048 48338
35527 23015
05729 62592
47739 23805
61767 27872
33908 01538
45578 99723
83467 80180
40764 21260
40480 23571
75006 49105
81009 02676
34224 50930
49553 05144
89714 57926
76224 55814
41378 05073
86569 26949
06395 93434
75006 71194
16887 22716
41057 32803
70983 13576
64943 36232
74745 22851
01827 05144
89672 05144
64943 02823
14775 36655
43611 68465
49105 16470
34224 93507
06407 56657
83844 30346
06395 01095
26790 22522
77399 77164
08088 38264
73792 02577
34490 16169
55801 08394
52447 91415
60287 22716
09376 62119
74676 99480
17818 41458
10836 27332
57272 75006
71194 13499
09771 67283
98391 61179
64650 78854
49105 12712
03016 64584
83844 76224
61767 28395
08394 42793
38264 22851
43186 45312
69960 60562
02473 13022
44051 97054
22957 17742
67283 67867
71281 01036
75809 67283
77770 89625
14538 39244
40518 22410
44011 01036
36421 79169
31061 75905
31061 35929
69383 18107
39244 35926
84046 98391
05144 57586
54630 37400
56956 55403
84046 37400
03384 70722
28109 40077
89714 05729
97366 61443
61911 80872
82994 67034
84046 95967
12712 62641
46375 28377
08088 01036
06158 23015
42784 01036
05446 65575
71422 13022
31094 70345
31115 77399
85192 90912
05729 55814
51064 00452
05063 41458
99622 32136
88434 16532
40518 24849
83374 75120
61504 20332
64914 75120
74258 77399
27600 83374
61534 57926
75120 72774
87370 67867
53437 42682
43137 53501
83467 05446
42784 30782
05144 25437
49105 87466
52266 57272
36421 52678
08088 29635
39244 06395
42793 39188
90912 01857
85014 91415
61861 26599
95768 33908
43186 20947
60287 83530
26088 36232
05073 83467
47097 06158
03367 88458
62592 81149
01134 37302
57586 49553
05721 88434
20096 16887
63471 89672
31094 62592
61993 36576
66578 94125
10478 29225
05775 83530
01857 09028
96038 66627
01095 74264
31061 38009
37400 47097
96855 75456
25693 37640
17742 96038
23326 35992
65575 27600
86230 43079
85818 85682
78793 41378
02577 40480
17863 25808
05775 79064
29662 61823
27872 26088
57272 49105
35527 47097
42793 85327
57286 95967
25808 24895
92116 34490
43137 35992
40103 36232
91415 37640
17981 66627
00048 40518
57635 62119
40518 81009
05775 68490
62592 17742
23571 08394
67034 56056
39188 93434
07709 97757
51064 25011
09376 90912
62357 56657
22716 65575
70198 47966
28377 82047
56056 71194
61861 70983
22716 77016
75800 57635
14775 81598
99115 20332
75456 96435
26088 03384
22444 70722
12772 17981
02473 88183
83374 80180
87365 28992
25473 06395
22795 70130
47919 77196
37302 16169
37306 17863
52266 75129
10478 61443
32803 33662
93761 80925
87851 31061
85860 62592
16887 79064
83844 86569
29635 07709
01590 13022
01857 25437
05073 20096
91314 94337
25693 42064
39527 34490
13576 56352
99723 71194
78854 81009
43186 73416
99195 52266
12905 30782
83467 31115
85433 23774
64312 28992
33396 37400
05721 00462
71422 80268
25011 52678
37640 23326
37400 31094
47966 63471
00452 28377
57882 95241
59005 66627
05446 16532
70983 87953
38359 57926
42454 27872
70983 67283
53437 10836
04288 76224
51364 23753
75456 22957
71116 35929
73877 57272
00452 05721
90912 01590
02823 02823
47966 95241
50930 02641
40518 64650
02577 36655
26949 27332
11649 94337
75809 69960
60178 57844
81138 89820
87365 85860
46375 72408
88434 60287
70718 30346
05721 72774
43137 79332
34225 76224
30782 97757
35992 57844
64312 96038
06407 64312
13499 98666
47966 25437
26790 14775
40669 42064
18107 51064
74745 37306
48043 05073
62592 87512
35527 84046
80925 41057
29225 38601
30782 64943
17818 05063
52678 09771
38601 43137
72774 10818
17818 04288
38601 88758
30782 49105
16204 85818
75456 33396
20332 43058
09028 90912
57840 43079
66090 81315
73877 30782
51364 41464
61534 56460
06158 06158
01036 28395
94337 57882
77196 56056
38601 38264
93507 97054
70718 56657
74264 01827
15535 37306
23774 31115
60562 28377
25437 08394
92116 42793
37400 32803
30782 64650
55403 30371
73416 81315
60178 40669
22410 87390
68465 35926
88440 38264
91756 68465
13499 74745
41458 37400
56056 02823
16470 91782
97366 29225
76971 85192
61823 00048
38009 71116
88758 52447
24895 25693
23774 77164
94388 81087
60562 20096
61767 30782
80872 60562
81149 38359
38468 29662
53437 38133
17742 84046
81138 65575
05729 57286
45979 85327
27600 26599
10836 87512
17981 16098
91782 56956
70718 53437
26949 96038
71422 33908
20456 38009
88434 48043
37640 79782
10818 67867
64650 99115
50930 93507
60178 64943
14196 40764
26790 85192
12905 44011
Queries
36232 26949
94337 01538
40077 74676
70345 07111
49105 16467
28670 81598
47919 85682
70722 88458
30016 33396
57840 02676
66174 17818
27332 47966
44051 91314
61179 70718
87370 18107
56460 10818
20332 03367
95768 40103
09376 36655
66174 02641
17981 17818
33662 16098
05446 99723
25693 36421
77666 94337
75905 72774
06158 49105
82360 40103
59005 93761
37400 22795
69960 31115
62119 25808
52678 30346
99622 12712
87370 26599
00452 46375
57616 91314
07444 05073
87466 48043
16470 03384
57926 88434
70345 96855
71942 40480
89625 67867
64943 99195
55814 12772
22957 75456
57586 85433
62357 42682
86569 17742
43058 87512
81009 05775
20310 69960
49137 26599
80925 56657
55191 24895
79782 57840
76948 32136
96855 87512
31061 77016
38468 16098
13022 63471
26790 39837
23015 70130
20096 12905
55801 26949
80872 26949
97366 67034
76971 82836
73792 22716
85860 55191
74676 25437
05445 77399
70718 43079
50930 85860
39837 28992
31061 98666
72408 17742
31094 16204
30346 17981
94125 26088
85682 37490
96855 40103
03016 44051
85818 16887
16204 87146
09771 86315
77196 42143
75129 23753
62357 89714
94729 72774
05729 28670
05144 01827
12712 23326
82836 79169
57635 57586
81087 22795
90912 80268
34224 10818
03384 35992
23753 30782
22522 88183
59582 05445
98391 33662
67468 01857
88758 07111
62357 73792
23015 35992
47999 55814
70198 25473
08015 61504
96855 56956
90912 76971
43079 85860
81315 01036
03016 55191
70718 83844
81087 99622
Thinking
start 37400 src 37400
37400 62592 src 37400
37400 30016 src 37400
37400 54630 src 37400
37400 84046 src 37400
37400 47097 src 37400
37400 33396 src 37400
37400 31094 src 37400
37400 32803 src 37400
37400 41458 src 37400
62592 05729 src 37400
62592 81149 src 37400
62592 17742 src 37400
62592 85860 src 37400
62592 87512 src 37400
54630 56657 src 37400
54630 53437 src 37400
54630 96855 src 37400
54630 12772 src 37400
84046 98391 src 37400
84046 95967 src 37400
84046 35527 src 37400
47097 28992 src 37400
47097 76224 src 37400
47097 06158 src 37400
33396 75456 src 37400
31094 74676 src 37400
31094 70345 src 37400
32803 41057 src 37400
32803 33662 src 37400
41458 17818 src 37400
41458 05063 src 37400
05729 89714 src 37400
05729 55814 src 37400
05729 57286 src 37400
81149 38359 src 37400
17742 22957 src 37400
17742 96038 src 37400
85860 87365 src 37400
87512 10836 src 37400
56657 06407 src 37400
56657 62357 src 37400
56657 70718 src 37400
53437 42682 src 37400
53437 38133 src 37400
96855 20310 src 37400
96855 27332 src 37400
12772 80925 src 37400
12772 30346 src 37400
12772 17981 src 37400
98391 37283 src 37400
98391 03016 src 37400
98391 61179 src 37400
35527 23015 src 37400
28992 76948 src 37400
28992 64312 src 37400
76224 47739 src 37400
76224 56460 src 37400
76224 83844 src 37400
76224 04288 src 37400
76224 34225 src 37400
75456 96435 src 37400
74676 31149 src 37400
74676 99480 src 37400
70345 93761 src 37400
70345 59582 src 37400
33662 61534 src 37400
89714 57926 src 37400
96038 66627 src 37400
96038 26949 src 37400
06407 59005 src 37400
17981 90080 src 37400
17981 16098 src 37400
03016 64584 src 37400
76948 94729 src 37400
47739 23805 src 37400
83844 86569 src 37400
90080 55191 src 37400
start 27872 src 27872
27872 60178 src 27872
27872 37306 src 27872
27872 25808 src 27872
27872 42454 src 27872
27872 61767 src 27872
27872 26088 src 27872
60178 57844 src 27872
60178 40669 src 27872
60178 64943 src 27872
37306 88476 src 27872
37306 43079 src 27872
37306 17863 src 27872
37306 74745 src 27872
37306 15535 src 27872
25808 24895 src 27872
42454 61443 src 27872
42454 30371 src 27872
42454 67034 src 27872
61767 94125 src 27872
61767 29635 src 27872
61767 42784 src 27872
61767 24763 src 27872
61767 28395 src 27872
61767 30782 src 27872
26088 10072 src 27872
26088 52266 src 27872
26088 36232 src 27872
26088 03384 src 27872
57844 35992 src 27872
40669 53501 src 27872
40669 81009 src 27872
40669 42064 src 27872
64943 02823 src 27872
43079 88758 src 27872
43079 86230 src 27872
43079 57840 src 27872
17863 73877 src 27872
74745 87390 src 27872
74745 79332 src 27872
74745 22851 src 27872
74745 13499 src 27872
24895 38264 src 27872
24895 25693 src 27872
61443 97366 src 27872
61443 10478 src 27872
30371 88458 src 27872
30371 55403 src 27872
67034 82994 src 27872
67034 56056 src 27872
94125 48338 src 27872
94125 66578 src 27872
29635 08088 src 27872
29635 07709 src 27872
42784 01036 src 27872
30782 12905 src 27872
30782 97757 src 27872
30782 49105 src 27872
30782 64650 src 27872
10072 88440 src 27872
52266 07111 src 27872
52266 57272 src 27872
52266 75129 src 27872
52266 99195 src 27872
36232 40103 src 27872
03384 70722 src 27872
35992 23326 src 27872
35992 43137 src 27872
81009 02676 src 27872
81009 40518 src 27872
81009 78854 src 27872
88758 91415 src 27872
88758 38601 src 27872
88758 52447 src 27872
57840 16470 src 27872
73877 47919 src 27872
87390 22410 src 27872
13499 71194 src 27872
13499 98666 src 27872
25693 37640 src 27872
97366 29225 src 27872
88458 20332 src 27872
88458 03367 src 27872
55403 56956 src 27872
56056 91782 src 27872
56056 77196 src 27872
48338 00048 src 27872
08088 43058 src 27872
08088 61504 src 27872
01036 62641 src 27872
01036 29662 src 27872
01036 71281 src 27872
01036 44011 src 27872
49105 75006 src 27872
49105 12712 src 27872
49105 87466 src 27872
64650 42143 src 27872
64650 99115 src 27872
07111 82360 src 27872
70722 22444 src 27872
40518 24849 src 27872
91415 85014 src 27872
22410 61823 src 27872
71194 99723 src 27872
37640 79782 src 27872
29662 38468 src 27872
85014 07444 src 27872
99723 45578 src 27872
start 34490 src 34490
34490 90912 src 34490
34490 51364 src 34490
34490 91756 src 34490
34490 16169 src 34490
34490 92116 src 34490
34490 39527 src 34490
90912 57635 src 34490
90912 33908 src 34490
90912 13022 src 34490
90912 94337 src 34490
90912 63560 src 34490
90912 85192 src 34490
90912 01857 src 34490
90912 09376 src 34490
90912 01590 src 34490
90912 09028 src 34490
51364 45979 src 34490
51364 23753 src 34490
51364 41464 src 34490
91756 19828 src 34490
91756 57022 src 34490
91756 68465 src 34490
16169 37302 src 34490
92116 57616 src 34490
92116 06788 src 34490
92116 42793 src 34490
57635 22522 src 34490
57635 81598 src 34490
57635 62119 src 34490
57635 75800 src 34490
33908 93434 src 34490
33908 01538 src 34490
33908 95768 src 34490
33908 71422 src 34490
13022 02473 src 34490
94337 91314 src 34490
94337 11649 src 34490
94337 57882 src 34490
63560 43186 src 34490
63560 14196 src 34490
85192 47966 src 34490
85192 40480 src 34490
85192 39837 src 34490
85192 76971 src 34490
85192 26790 src 34490
01857 25437 src 34490
09376 39244 src 34490
01590 66174 src 34490
45979 85327 src 34490
19828 36655 src 34490
68465 43611 src 34490
68465 35926 src 34490
37302 01134 src 34490
57616 71942 src 34490
42793 08394 src 34490
42793 39188 src 34490
81598 14775 src 34490
75800 80268 src 34490
93434 06395 src 34490
95768 21260 src 34490
02473 88183 src 34490
91314 47999 src 34490
57882 49553 src 34490
57882 95241 src 34490
43186 45312 src 34490
43186 20947 src 34490
43186 73416 src 34490
14196 40764 src 34490
47966 70198 src 34490
47966 63471 src 34490
40480 23571 src 34490
40480 02577 src 34490
76971 77666 src 34490
25437 93507 src 34490
25437 05144 src 34490
39244 14538 src 34490
08394 55801 src 34490
14775 94388 src 34490
06395 67468 src 34490
06395 01095 src 34490
06395 25473 src 34490
49553 57586 src 34490
45312 36576 src 34490
73416 81315 src 34490
63471 89672 src 34490
23571 74264 src 34490
02577 16467 src 34490
02577 73792 src 34490
93507 34224 src 34490
93507 97054 src 34490
93507 50930 src 34490
05144 01827 src 34490
55801 44051 src 34490
94388 81087 src 34490
57586 28670 src 34490
36576 61993 src 34490
81315 66090 src 34490
89672 82836 src 34490
50930 02641 src 34490
01827 49907 src 34490
28670 56344 src 34490
start 05073 src 05073
05073 43120 src 05073
05073 97338 src 05073
05073 31061 src 05073
05073 41378 src 05073
05073 83467 src 05073
05073 20096 src 05073
05073 48043 src 05073
31061 75905 src 05073
31061 35929 src 05073
31061 38009 src 05073
31061 87851 src 05073
41378 78793 src 05073
41378 05445 src 05073
83467 85818 src 05073
83467 80180 src 05073
83467 05446 src 05073
83467 31115 src 05073
20096 70983 src 05073
20096 51064 src 05073
20096 33361 src 05073
20096 16887 src 05073
20096 60562 src 05073
48043 88434 src 05073
75905 08015 src 05073
35929 99802 src 05073
35929 71116 src 05073
38009 72408 src 05073
38009 23911 src 05073
38009 20456 src 05073
78793 68490 src 05073
05445 77016 src 05073
85818 70130 src 05073
85818 77770 src 05073
85818 85682 src 05073
85818 16204 src 05073
80180 83374 src 05073
05446 40077 src 05073
05446 65575 src 05073
05446 16532 src 05073
31115 77399 src 05073
31115 23774 src 05073
70983 81138 src 05073
70983 13576 src 05073
70983 61861 src 05073
70983 87953 src 05073
70983 67283 src 05073
51064 00452 src 05073
51064 25011 src 05073
51064 18107 src 05073
16887 36421 src 05073
16887 22716 src 05073
16887 79064 src 05073
60562 75120 src 05073
60562 69960 src 05073
60562 28377 src 05073
60562 80872 src 05073
88434 05721 src 05073
88434 60287 src 05073
99802 37490 src 05073
71116 87146 src 05073
72408 46375 src 05073
68490 05775 src 05073
70130 22795 src 05073
77770 89625 src 05073
83374 79169 src 05073
83374 27600 src 05073
40077 83530 src 05073
40077 28109 src 05073
77399 77164 src 05073
77399 74258 src 05073
23774 67867 src 05073
23774 09771 src 05073
23774 85433 src 05073
81138 89820 src 05073
13576 10818 src 05073
13576 56352 src 05073
61861 26599 src 05073
87953 90135 src 05073
67283 75809 src 05073
00452 64914 src 05073
25011 52678 src 05073
18107 69383 src 05073
75120 72774 src 05073
69960 52108 src 05073
28377 99622 src 05073
28377 82047 src 05073
80872 61911 src 05073
05721 00462 src 05073
87146 49137 src 05073
05775 27836 src 05073
67867 87370 src 05073
09771 47296 src 05073
89820 86315 src 05073
56352 40475 src 05073
99622 32136 src 05073
82047 51274 src 05073
51274 40146 src 05073
Output
36232 26949 no
94337 01538 yes
40077 74676 no
70345 07111 no
49105 16467 no
28670 81598 yes
47919 85682 no
70722 88458 yes
30016 33396 yes
57840 02676 yes
66174 17818 no
27332 47966 no
44051 91314 yes
61179 70718 yes
87370 18107 yes
56460 10818 no
20332 03367 yes
95768 40103 no
09376 36655 yes
66174 02641 yes
17981 17818 yes
33662 16098 yes
05446 99723 no
25693 36421 no
77666 94337 yes
75905 72774 yes
06158 49105 no
82360 40103 yes
59005 93761 yes
37400 22795 no
69960 31115 yes
62119 25808 no
52678 30346 no
99622 12712 no
87370 26599 yes
00452 46375 yes
57616 91314 yes
07444 05073 no
87466 48043 no
16470 03384 yes
57926 88434 no
70345 96855 yes
71942 40480 yes
89625 67867 yes
64943 99195 yes
55814 12772 yes
22957 75456 yes
57586 85433 no
62357 42682 yes
86569 17742 yes
43058 87512 no
81009 05775 no
20310 69960 no
49137 26599 yes
80925 56657 yes
55191 24895 no
79782 57840 yes
76948 32136 no
96855 87512 yes
31061 77016 yes
38468 16098 no
13022 63471 yes
26790 39837 yes
23015 70130 no
20096 12905 no
55801 26949 no
80872 26949 no
97366 67034 yes
76971 82836 yes
73792 22716 no
85860 55191 yes
74676 25437 no
05445 77399 yes
70718 43079 no
50930 85860 no
39837 28992 no
31061 98666 no
72408 17742 no
31094 16204 no
30346 17981 yes
94125 26088 yes
85682 37490 yes
96855 40103 no
03016 44051 no
85818 16887 yes
16204 87146 yes
09771 86315 yes
77196 42143 yes
75129 23753 no
62357 89714 yes
94729 72774 no
05729 28670 no
05144 01827 yes
12712 23326 yes
82836 79169 no
57635 57586 yes
81087 22795 no
90912 80268 yes
34224 10818 no
03384 35992 yes
23753 30782 no
22522 88183 yes
59582 05445 no
98391 33662 yes
67468 01857 yes
88758 07111 yes
62357 73792 no
23015 35992 no
47999 55814 no
70198 25473 yes
08015 61504 no
96855 56956 no
90912 76971 yes
43079 85860 no
81315 01036 no
03016 55191 yes
70718 83844 yes
81087 99622 no
End
