Graph
05132 26533
07583 53796
49999 56177
35886 09844
71797 48043
46289 99256
51221 33241
86639 62325
22374 97252
73345 33569
69764 46874
40293 86538
99327 72326
07583 09848
97125 87445
28327 90097
97894 68144
43841 29921
26446 55585
11129 93432
47618 68923
99327 09985
69142 06127
90501 47755
97894 71977
75396 49981
62021 61590
11129 87445
00008 18603
34651 51744
87167 72114
04337 51866
69054 81061
60768 90790
74243 03535
88009 86223
44455 10297
71110 02586
19898 82554
18757 49546
90501 78843
76770 26533
20960 51221
49007 21076
00463 47234
49613 39565
74073 94704
31211 31211
29921 59759
50975 92778
73996 28327
65824 58400
87171 53632
43841 73764
04337 86252
64804 63257
99527 48291
59480 73996
40736 24869
03067 44455
69815 04395
68144 58991
81410 62402
51225 51119
05350 82885
92793 63104
44455 70165
56749 13872
87167 72114
14351 63042
77878 89225
97883 93624
95901 03863
60768 46501
78843 67942
00296 39599
11377 14150
33241 36210
48291 19771
97628 85818
77162 20945
74547 55047
55436 18234
58400 77878
70397 21631
32207 02586
00354 87171
51866 18654
10793 20735
40736 97374
49613 94704
24116 71562
37920 47618
51225 20960
25525 39284
16862 02586
54088 04517
28554 66112
96123 43056
66112 60940
46501 05132
43561 34054
88337 82554
54494 69815
59759 14537
48037 57676
55585 09985
51866 54176
38941 64042
12823 04395
49641 94040
74073 35074
64804 99007
95422 93432
38608 39599
28682 82097
33369 69142
78775 95420
30158 09798
70183 31781
39047 75649
04337 50027
51119 72326
11666 94786
54290 13872
73996 67942
69382 88337
51521 44483
25701 95422
01385 50027
01255 97628
14150 36788
73345 49613
28471 54290
09844 05832
94040 90501
70854 01385
08090 14150
38644 58400
49641 82554
03751 58976
51268 74547
46814 92429
19393 12244
58400 21884
71797 57092
59501 88571
19771 20960
35074 20503
89456 49103
19392 30728
06127 04536
08458 71797
73345 69764
64184 49307
90769 03067
27998 46814
33369 72114
48043 69142
60148 85687
14351 60168
98895 28682
89456 70397
56614 89456
55585 28257
63042 25627
42904 60768
81691 09206
73650 39565
72231 49641
14437 58998
44705 94443
69142 42929
62402 04536
59759 34748
30728 67056
09985 08538
94040 40293
95422 93432
71562 14437
00452 49546
69815 93432
12466 37920
74294 12466
95420 12823
42929 03535
42695 14351
63104 37435
59759 03751
54290 43599
03863 03863
90790 56749
81380 73345
13589 51521
64804 54176
08458 69700
19554 16862
19898 94040
02442 49103
08458 63757
13872 72231
34001 99085
96216 64042
71403 14351
50785 47234
19393 17016
51866 28682
45842 03863
03067 73996
28553 78181
37920 19393
20628 97374
35807 12823
28029 08090
18186 49613
14351 49386
69382 92177
24305 37435
75396 28554
48291 50975
71797 33369
43841 49613
24419 92177
07770 77878
94311 18603
33569 54454
20960 50975
46501 64042
70397 89225
45641 48043
64042 04517
19174 63042
97125 65824
94311 58400
84341 03067
18186 54944
87159 20340
26533 70165
09985 04337
96022 47284
11431 46900
95178 87461
69382 69815
85687 87851
25324 95385
40144 56177
17451 57676
12466 09206
11521 08090
71977 38269
75649 68894
12771 51744
93432 22004
20945 42929
28327 49641
03535 34492
34054 35886
04761 70183
24291 57676
00463 48037
54290 37589
73345 08538
85818 13872
38269 33369
93855 70183
25525 74300
64804 14437
62021 95901
71451 78775
17533 71403
46900 73650
99527 76018
51627 56749
50242 95422
79655 26446
38941 05132
28554 74300
79655 26446
13375 70183
51581 86415
62328 73764
22004 09133
51789 47435
06127 19554
64804 22604
26300 14537
78775 09133
40224 72921
80551 81609
84932 07770
28029 99256
95901 49999
18603 38644
33968 58400
64483 94752
25324 95622
71451 69382
13872 77537
44455 70165
74547 09133
30728 94786
42865 79655
06393 50242
73764 51119
59759 47618
27998 46289
80551 29958
19554 13589
52304 43841
33369 39930
26446 73345
47437 26944
95420 09848
24419 95622
13375 32207
34748 37435
95420 25701
46289 42695
38608 59501
74243 12771
50975 94786
44455 55080
21631 76770
60729 81061
29958 93432
00112 06393
76770 94311
49613 74073
90580 92429
13872 39284
22374 82097
19771 04337
11521 72921
50975 28553
49981 39047
22004 24419
10107 30728
39047 90769
51521 12771
35438 54290
94752 86415
44483 99256
49375 48037
87461 48415
40736 57092
70397 55047
77537 53796
72326 12466
71110 75261
87167 26944
35886 07583
87851 62867
99327 68488
96123 84473
42929 56177
69764 24305
78576 56614
47755 84473
34001 69054
64467 48037
78529 95420
92177 35807
26533 37589
29958 94311
87445 84473
99909 78181
78843 28471
26446 29921
60729 54454
75261 93855
33968 05132
70165 39047
39599 47262
21884 95420
28029 08910
95622 09844
02442 59480
58998 34748
57092 03863
20960 74294
04517 13872
55080 05832
74162 81691
95803 10793
97883 18234
18603 59480
73764 32832
51866 28553
28554 69815
57676 45641
34748 13407
94040 46501
62402 08458
12823 80551
06751 77878
31349 25324
42865 14537
85687 20945
52304 09798
15484 22004
31349 72226
86252 68923
13375 85687
60168 61590
37435 74073
64042 01255
81691 58976
69382 92177
38608 62402
94704 11431
62328 14437
20340 58468
59759 19393
00112 74300
28327 90769
52304 58998
92429 74243
25627 57092
77162 65132
74547 25701
54944 86415
14150 72183
60729 69054
87171 89171
31395 04218
24291 20340
09396 49307
97628 13872
81174 19898
55080 64310
89225 06751
99527 73764
87159 48043
09206 04218
81380 64804
77878 21631
73996 87445
67942 47755
33569 30158
22604 11431
43599 26533
36210 73345
75773 48291
64483 22604
39930 34492
33369 19174
67942 05832
22604 34748
95803 21076
02442 90097
64310 22004
42929 04761
64804 75773
63257 22553
20960 60729
02442 72732
47437 62867
99256 40736
09133 44455
37435 26446
48043 97225
13872 67942
09206 04218
37435 51225
19393 88009
46501 47046
13407 37435
68488 03751
14150 56177
43561 28554
51521 20340
25627 97883
24419 66112
40736 01191
31781 93624
68488 99527
65075 04337
95422 39047
90769 72231
97883 27998
53632 66321
52081 24305
60168 97883
31939 69764
78181 30158
28327 81174
72806 86639
49641 23764
03535 10793
04337 35074
09798 31939
92429 49375
12244 86252
77911 08910
49981 06751
28029 87171
47234 56177
05132 90769
54494 85818
70854 55585
26300 48291
25324 64042
56177 19554
82097 30728
54088 09133
69764 73764
81410 26944
39284 54494
14537 44208
48291 26300
08436 65132
33569 14537
86415 60729
43056 26533
84932 91764
44001 01191
72226 54290
75649 13872
22208 49386
25324 60940
54412 19554
28682 02391
78181 73345
64310 09133
94786 78181
21076 93855
41724 17330
46289 58468
08436 97374
48291 38564
95385 47284
58400 22004
10793 13589
78529 91764
09985 62328
72183 49007
51225 72806
37628 38644
64483 49613
70854 63104
04395 09133
13872 51789
87159 97894
18603 11129
11422 11422
96216 47755
95385 24419
54178 28682
52994 05132
72326 68923
40736 62867
45641 88571
87445 94040
36788 71403
17533 63042
72183 03535
54494 43599
94443 68144
94389 52304
46698 34748
48037 53632
71403 13375
54088 00112
74073 12466
35886 51627
58468 17533
02391 54454
64483 94704
11666 99007
86415 04337
19393 64483
94443 54412
94311 94311
44001 16862
70442 86223
24116 99909
45842 64467
94389 99909
70183 87851
19554 04761
60768 75649
38644 69382
43056 26533
22553 28257
03067 77537
89464 46814
93432 21631
31211 31349
52994 34054
08436 65132
99527 63104
35074 39565
06127 97225
92177 84932
34001 30158
71110 71403
95178 56614
70165 55406
73764 63104
94786 19872
28327 92177
75261 17159
33369 93855
18234 11422
68488 58998
22208 72183
32832 31939
84770 54454
32207 24291
80551 68894
77911 20945
82097 38564
01385 46698
03863 71403
69054 72806
20960 78181
47435 40293
18757 00296
88571 49999
17330 53632
85818 71451
48043 90580
97125 72226
49546 77911
67056 43841
73650 97252
08538 64483
37589 49641
54494 94311
09133 28471
14537 22374
55585 79655
72921 97225
14537 13407
00008 94040
55632 60768
99327 50027
90501 90501
97252 51225
93624 38608
09985 30158
63757 08090
34651 18757
44705 10793
58991 44483
58400 05132
13589 39930
63042 19554
58400 90790
51581 50027
12466 99085
76770 72732
70183 36788
60768 56749
75396 24419
31349 64042
90097 59480
37628 94311
54412 36788
12244 02391
35860 51789
46501 84341
09848 51789
97628 25324
44455 65824
17533 03535
51521 53632
33989 34001
25627 11422
48291 79655
20735 12771
95422 87445
64483 29921
64804 14537
37435 88009
38564 38564
42929 00452
44001 20945
66321 82885
62325 28257
81380 81061
47437 99256
42929 38269
33369 81410
68488 94752
73996 55047
35074 81691
17330 92429
44208 73345
56749 55406
43599 37628
71403 49375
73345 64804
11666 35074
77345 28554
11666 52304
37589 46940
54178 22604
06393 84473
88009 55585
06575 93855
86252 52304
00452 40224
28029 44705
12466 82097
73764 36469
08090 99938
66319 40293
17451 62867
22374 39565
85687 49375
59501 20735
47435 47755
51581 64804
32832 78181
55436 20628
95458 93624
92429 02586
66319 09848
99327 46698
08538 24305
92429 03863
20340 08910
64467 18234
18654 10107
36788 71797
08436 11422
57676 97225
12771 17451
47262 24869
02442 96022
19771 19392
18654 70442
20628 81410
58976 92778
94752 94389
94040 43599
57676 88571
44705 87171
99527 09985
34651 65132
64184 47234
71403 56740
40144 70183
12771 62867
34748 99085
44455 15484
74243 87171
88337 54290
63257 60729
75396 75396
75261 70183
08090 01191
46940 01255
46874 38564
43561 60768
03863 20340
51744 88571
89464 81410
58468 45641
22374 94704
36210 99007
24869 19554
22004 60768
19771 72806
47284 47046
87171 00354
73345 97252
47437 57092
33989 04218
09798 86415
11377 57676
24116 51221
77162 71797
05132 35886
25525 55632
97374 40144
92429 61590
28327 96123
14150 39599
12466 26446
21631 31211
19554 97374
94389 92778
12244 72806
34651 89171
71562 01385
03535 11521
04337 14537
16862 27998
39047 84473
46814 92429
76770 64310
94040 75649
70854 25303
74294 97252
75261 21076
76770 56614
47435 66319
40144 82885
60768 94311
40224 64467
26446 51221
39930 44483
90097 95422
49103 89456
44705 77911
05350 31781
85818 28554
62402 48043
64483 13407
24291 71403
85818 51268
13872 94311
64042 13872
71977 92429
38269 38608
14351 21076
94389 30728
01385 49613
13589 08436
46940 93432
40144 82885
95458 71797
09848 09133
72226 84932
50027 30158
76018 99327
37435 86252
60168 11422
47618 82097
00463 45842
48415 37628
25303 48291
43056 85818
82885 72183
10793 70183
94752 31939
18186 79655
65132 63042
35807 28327
47755 84932
73345 64466
44705 33369
30158 86415
64310 43056
56177 71403
36788 14351
40224 97374
48043 10793
78775 55406
05832 03067
01385 54176
55436 34492
31349 81174
54178 62325
20503 86223
09985 60729
97883 42929
36469 81437
36788 27998
39599 17451
99256 06575
77345 42904
66321 34651
09133 52994
04395 47046
87167 57092
64804 52666
52081 99527
04218 24305
27998 00296
62021 95458
38564 64466
11377 95901
90580 00452
06393 21631
31395 36210
17159 49386
20503 20960
20945 36788
74162 58976
64184 87167
68144 45641
74162 73345
72806 46698
67769 08458
33369 03863
51581 49613
89456 86538
04337 79655
16024 48291
72921 31781
11422 62867
72226 49641
73650 18654
81174 95622
67942 34054
75261 08090
94040 05988
34001 11431
43599 69382
38608 71977
96123 77345
35074 25303
35807 87445
66319 84473
69142 01191
43841 19392
63042 50785
86223 68488
09133 35438
95420 80551
54176 35074
38564 09798
49375 09396
28553 99007
50242 42904
90501 51268
55436 89171
04761 90580
05988 58400
51521 01191
95385 56749
05832 56614
69700 18234
81174 55632
31349 87461
64184 69142
48043 14351
22004 87461
28682 78181
26944 93855
85687 55436
09844 13872
00452 08458
90501 72231
05132 78576
36469 01385
70183 03863
32207 62867
12771 45641
00008 05832
47435 81174
87167 69142
64483 70854
49386 97374
28257 33989
81380 58976
75396 81174
44483 58468
29958 84932
04395 15447
36788 63042
32207 41724
31211 28554
75773 39565
00452 20340
50242 69815
51521 31781
01255 22004
22553 51866
81174 47755
09798 74294
00354 20340
31395 73764
78843 09848
54412 95458
28554 59480
03863 56740
69700 06575
35438 10297
53796 95385
28553 32832
93624 46814
44208 54176
77911 89171
73650 58998
35074 84770
18603 06751
87167 44001
19554 48043
70183 22208
81410 48043
97225 54412
95422 89456
51744 22208
Queries
63257 34492
37589 70165
01191 05832
51119 57092
95458 99938
92429 55406
94389 33241
42695 32207
28553 64184
90501 78843
90769 49375
91764 44208
40144 51221
51521 62325
40144 39047
65075 30728
38644 20628
06575 11422
35807 98895
46814 50785
64804 49103
11521 47046
50975 50975
99085 12466
95422 31395
44705 34001
35886 75649
57092 40224
14537 90097
69764 97225
81691 09985
18234 39047
86252 10107
06751 35807
88337 55080
04761 69700
81410 54412
50785 99007
56177 78576
97252 49546
49641 09133
64310 70165
97374 63042
33369 92778
04218 68488
25324 12244
31349 21884
59501 16862
51521 47262
89456 73996
05350 68144
06751 64184
26300 14150
95422 95458
11129 04536
03751 25525
13407 24116
94311 08910
00296 42695
86223 04337
45641 89464
18186 64804
95422 44483
07770 64483
62328 44001
00452 76018
78181 24305
21076 99938
64466 95803
95458 56614
35807 04337
40293 77345
97628 60729
72114 38269
76770 77878
66319 48415
67056 20503
47262 06575
09985 79655
65132 35074
64310 43841
78775 90769
05350 39565
52081 23764
46874 46900
78775 67056
71403 65132
43561 73650
93432 19393
00463 94040
06393 00296
90097 70165
24305 60729
27998 86252
72732 88337
51221 33241
60148 17533
81410 36788
76018 70854
04761 51866
46874 14437
72806 00008
13407 57092
52304 94040
36210 49641
70183 71977
66321 69700
10793 08436
04395 40736
56177 18757
40224 51225
33569 86223
97894 37628
62325 78181
78529 77878
58468 95901
51119 19392
12466 51221
19898 64467
53632 54178
09985 93432
69764 75649
21076 92177
01385 44483
28471 94040
11521 00452
82885 69054
04337 63257
67942 84341
62328 99938
14537 30728
50027 64467
28682 45842
47262 97252
97125 67056
14150 88009
19898 96123
76018 64310
51119 94704
49307 44208
06575 49007
92778 61590
22004 70397
71451 34492
94443 77162
55632 55406
43561 99085
58976 97374
86252 89171
66112 77878
66112 86538
91764 38941
82097 90580
41724 38941
58991 90580
10297 00452
07770 65132
30158 11666
18234 65132
66321 52994
04536 25324
88337 43599
89225 02442
54088 94311
26300 54412
66319 33569
38564 40736
20503 11422
18603 69700
00354 92778
47284 47755
60768 95422
89464 58991
81437 43841
18234 18603
64466 48291
14150 71797
86639 63257
47046 15447
68488 32832
64483 37435
47262 11377
56740 54088
21884 26533
78576 59480
74073 60168
70442 52081
36469 36210
60729 35074
82554 52994
49546 61590
66319 31349
39599 72921
31781 34748
74243 11422
63104 53796
85687 19898
85687 19174
11666 78181
44455 47755
51221 49007
67769 17451
94443 53632
53796 42904
11129 28257
99909 04218
02586 06751
74294 62402
72921 56614
38644 40293
15484 46874
66319 12244
78181 33989
17451 08090
68144 51521
72806 70854
14437 89171
25627 24291
63757 62021
22004 74300
46501 43056
03535 17451
44208 24305
28257 63104
09396 36210
89456 56749
56177 68894
03535 51866
74073 74073
14437 84770
55406 12244
49999 68144
04536 28682
49641 40293
90501 28471
35860 68488
82097 81437
54178 81174
51581 74073
71797 03067
33241 46874
62867 39599
12244 51581
86639 17533
33989 47755
39599 39565
29921 88009
64310 50975
00112 93432
65132 19174
54088 84932
68144 28553
63257 51627
12823 26446
09133 96216
14351 17159
34001 99327
90580 02391
42865 74243
39047 95385
35438 70165
95803 04337
09848 90501
34054 11129
26446 36469
97628 43599
33569 11431
35074 14537
63104 33569
57092 92778
38269 02586
67769 99527
64804 31395
25627 99909
79655 11377
95901 64310
39565 94786
91764 19554
54176 78843
71797 92778
11377 10793
31395 26944
48415 95385
75396 35807
19554 04218
67942 10107
21076 58991
35807 28257
33989 46940
72114 69700
78181 69764
61590 72326
33968 49546
61590 09133
68923 78181
09206 51221
38564 28327
73345 30158
46814 45641
95420 08436
74547 94040
16862 66321
76018 08538
28471 54412
43599 42904
70854 00112
54412 94752
79655 10107
42865 47755
08436 48415
10297 11129
09844 44455
72326 51744
51221 64483
13407 51221
86639 90580
75773 47618
90769 60768
87171 28029
95803 08910
19554 53632
48291 14351
96123 38941
90769 73996
49386 05350
18186 54176
76018 26446
14537 59759
02442 95385
24419 09396
25525 34054
00354 42695
10793 77878
69815 44483
61590 10793
12823 95458
88337 31395
18234 38608
46814 36469
40736 51225
73996 63757
05350 31211
51225 81410
15484 97628
56740 31939
70183 70442
92793 11666
71110 64467
24419 51789
37589 56614
19393 72326
00463 75396
89456 74294
72921 00296
73764 77345
95385 70165
51789 95422
51268 31211
81174 46814
04337 08538
11129 87171
19392 39565
93855 77162
51268 44705
43056 38941
06751 33369
28682 04337
58400 50785
16024 39565
10107 87159
08436 16862
01385 20960
57676 05832
65824 55632
49546 11377
31349 58468
31211 73345
94786 17016
82554 20503
33369 79655
10107 88337
25303 82097
84932 64466
25303 84473
31395 71797
64466 97252
74073 99909
50242 94786
24116 51581
69054 22004
92778 88009
11377 64467
91764 55585
74243 08090
70165 60148
49375 82097
66112 05132
39599 41724
28257 49307
28327 03751
47437 13375
05350 46814
50027 58998
57092 12823
51581 62325
81691 72732
02391 31939
09798 94443
53796 34492
58400 11129
95803 11521
59501 49375
49103 19393
82097 08436
64467 48043
63257 38941
09133 92429
20735 54944
51744 04337
01385 82885
87159 31211
28554 22004
54494 99007
48415 96022
72114 11377
81380 26300
43841 54290
46814 11129
02391 19872
18234 99938
51744 64184
71110 93855
09985 92793
55047 55585
19392 46900
05832 92429
19393 65824
85818 69382
47234 49375
82885 58976
63257 20960
49103 21076
81691 39930
86252 51268
60168 72732
57092 28029
95422 01191
84341 48043
09133 43841
52666 74162
84932 93624
65132 18757
51744 08090
20945 54412
03535 78181
07770 02442
04395 66112
86538 43056
30728 07583
32207 51866
51225 49613
97125 51119
70165 25701
35807 10793
95458 32207
68144 77537
73764 35886
47435 42695
94786 31939
09985 20945
49641 95458
Thinking
start 26446 src 26446
26446 55585 src 26446
26446 79655 src 26446
26446 73345 src 26446
26446 29921 src 26446
26446 37435 src 26446
26446 12466 src 26446
26446 51221 src 26446
55585 09985 src 26446
55585 28257 src 26446
55585 70854 src 26446
55585 88009 src 26446
79655 42865 src 26446
79655 48291 src 26446
79655 18186 src 26446
79655 04337 src 26446
73345 33569 src 26446
73345 49613 src 26446
73345 69764 src 26446
73345 81380 src 26446
73345 08538 src 26446
73345 36210 src 26446
73345 78181 src 26446
73345 44208 src 26446
73345 64804 src 26446
73345 97252 src 26446
73345 64466 src 26446
73345 74162 src 26446
29921 43841 src 26446
29921 59759 src 26446
29921 64483 src 26446
37435 63104 src 26446
37435 24305 src 26446
37435 34748 src 26446
37435 74073 src 26446
37435 51225 src 26446
37435 13407 src 26446
37435 86252 src 26446
12466 37920 src 26446
12466 74294 src 26446
12466 09206 src 26446
12466 72326 src 26446
12466 99085 src 26446
12466 82097 src 26446
51221 33241 src 26446
51221 20960 src 26446
51221 24116 src 26446
09985 99327 src 26446
09985 62328 src 26446
09985 30158 src 26446
09985 99527 src 26446
09985 60729 src 26446
28257 22553 src 26446
28257 62325 src 26446
28257 33989 src 26446
70854 01385 src 26446
70854 25303 src 26446
88009 86223 src 26446
88009 19393 src 26446
42865 14537 src 26446
48291 19771 src 26446
48291 50975 src 26446
48291 75773 src 26446
48291 26300 src 26446
48291 38564 src 26446
48291 16024 src 26446
18186 54944 src 26446
04337 51866 src 26446
04337 50027 src 26446
04337 65075 src 26446
04337 35074 src 26446
04337 86415 src 26446
33569 54454 src 26446
49613 39565 src 26446
49613 94704 src 26446
49613 51581 src 26446
69764 46874 src 26446
69764 31939 src 26446
69764 73764 src 26446
81380 81061 src 26446
81380 58976 src 26446
36210 99007 src 26446
36210 31395 src 26446
78181 28553 src 26446
78181 99909 src 26446
78181 94786 src 26446
78181 32832 src 26446
78181 28682 src 26446
44208 54176 src 26446
64804 63257 src 26446
64804 14437 src 26446
64804 22604 src 26446
64804 52666 src 26446
97252 22374 src 26446
97252 73650 src 26446
74162 81691 src 26446
43841 52304 src 26446
43841 67056 src 26446
43841 19392 src 26446
59759 03751 src 26446
59759 47618 src 26446
64483 94752 src 26446
63104 92793 src 26446
24305 52081 src 26446
24305 04218 src 26446
34748 58998 src 26446
34748 46698 src 26446
51225 51119 src 26446
51225 72806 src 26446
86252 68923 src 26446
86252 12244 src 26446
74294 09798 src 26446
99085 34001 src 26446
82097 30728 src 26446
20960 20503 src 26446
24116 71562 src 26446
99327 68488 src 26446
99327 76018 src 26446
60729 69054 src 26446
62325 86639 src 26446
62325 54178 src 26446
01385 36469 src 26446
86223 70442 src 26446
19393 17016 src 26446
50975 92778 src 26446
51866 18654 src 26446
35074 11666 src 26446
35074 84770 src 26446
54454 02391 src 26446
94704 11431 src 26446
99909 94389 src 26446
94786 19872 src 26446
28682 98895 src 26446
73650 46900 src 26446
30728 10107 src 26446
36469 81437 src 26446
start 08458 src 08458
08458 71797 src 08458
08458 69700 src 08458
08458 63757 src 08458
08458 62402 src 08458
08458 67769 src 08458
08458 00452 src 08458
71797 48043 src 08458
71797 57092 src 08458
71797 33369 src 08458
71797 36788 src 08458
71797 77162 src 08458
71797 95458 src 08458
69700 18234 src 08458
69700 06575 src 08458
63757 08090 src 08458
62402 81410 src 08458
62402 04536 src 08458
62402 38608 src 08458
00452 49546 src 08458
00452 42929 src 08458
00452 40224 src 08458
00452 90580 src 08458
00452 20340 src 08458
48043 69142 src 08458
48043 45641 src 08458
48043 87159 src 08458
48043 97225 src 08458
48043 10793 src 08458
48043 14351 src 08458
48043 19554 src 08458
57092 40736 src 08458
57092 03863 src 08458
57092 25627 src 08458
57092 47437 src 08458
57092 87167 src 08458
33369 72114 src 08458
33369 38269 src 08458
33369 39930 src 08458
33369 19174 src 08458
33369 93855 src 08458
33369 44705 src 08458
36788 14150 src 08458
36788 71403 src 08458
36788 70183 src 08458
36788 54412 src 08458
36788 27998 src 08458
36788 20945 src 08458
36788 63042 src 08458
77162 65132 src 08458
95458 93624 src 08458
95458 62021 src 08458
18234 55436 src 08458
18234 97883 src 08458
18234 11422 src 08458
18234 64467 src 08458
06575 99256 src 08458
08090 28029 src 08458
08090 11521 src 08458
08090 99938 src 08458
08090 01191 src 08458
08090 75261 src 08458
81410 26944 src 08458
81410 20628 src 08458
81410 89464 src 08458
04536 06127 src 08458
38608 39599 src 08458
38608 59501 src 08458
38608 71977 src 08458
49546 18757 src 08458
49546 77911 src 08458
42929 03535 src 08458
42929 56177 src 08458
42929 04761 src 08458
40224 72921 src 08458
40224 97374 src 08458
90580 92429 src 08458
20340 58468 src 08458
20340 24291 src 08458
20340 51521 src 08458
20340 08910 src 08458
20340 00354 src 08458
69142 64184 src 08458
45641 57676 src 08458
45641 88571 src 08458
45641 68144 src 08458
45641 12771 src 08458
87159 97894 src 08458
10793 20735 src 08458
10793 95803 src 08458
10793 13589 src 08458
14351 60168 src 08458
14351 42695 src 08458
14351 49386 src 08458
14351 21076 src 08458
19554 16862 src 08458
19554 24869 src 08458
40736 62867 src 08458
03863 95901 src 08458
03863 45842 src 08458
03863 56740 src 08458
87167 44001 src 08458
39930 34492 src 08458
39930 44483 src 08458
44705 94443 src 08458
44705 87171 src 08458
14150 11377 src 08458
14150 72183 src 08458
71403 17533 src 08458
71403 13375 src 08458
71403 71110 src 08458
71403 49375 src 08458
70183 31781 src 08458
70183 87851 src 08458
70183 40144 src 08458
70183 22208 src 08458
27998 46814 src 08458
27998 46289 src 08458
27998 00296 src 08458
20945 85687 src 08458
63042 50785 src 08458
65132 08436 src 08458
65132 34651 src 08458
62021 61590 src 08458
55436 89171 src 08458
64467 48037 src 08458
75261 17159 src 08458
39599 47262 src 08458
39599 17451 src 08458
03535 74243 src 08458
56177 49999 src 08458
56177 47234 src 08458
92429 17330 src 08458
92429 02586 src 08458
24291 32207 src 08458
51521 53632 src 08458
64184 49307 src 08458
88571 51744 src 08458
68144 58991 src 08458
21076 49007 src 08458
45842 00463 src 08458
72183 82885 src 08458
49375 09396 src 08458
31781 05350 src 08458
85687 60148 src 08458
34651 66321 src 08458
17330 41724 src 08458
start 60768 src 60768
60768 90790 src 60768
60768 46501 src 60768
60768 42904 src 60768
60768 75649 src 60768
60768 55632 src 60768
60768 56749 src 60768
60768 43561 src 60768
60768 22004 src 60768
60768 94311 src 60768
90790 58400 src 60768
46501 05132 src 60768
46501 64042 src 60768
46501 94040 src 60768
46501 47046 src 60768
46501 84341 src 60768
42904 77345 src 60768
42904 50242 src 60768
75649 39047 src 60768
75649 68894 src 60768
75649 13872 src 60768
55632 25525 src 60768
55632 81174 src 60768
56749 51627 src 60768
56749 55406 src 60768
56749 95385 src 60768
43561 34054 src 60768
43561 28554 src 60768
22004 93432 src 60768
22004 09133 src 60768
22004 24419 src 60768
22004 15484 src 60768
22004 64310 src 60768
22004 87461 src 60768
22004 01255 src 60768
94311 18603 src 60768
94311 76770 src 60768
94311 29958 src 60768
94311 54494 src 60768
94311 37628 src 60768
58400 65824 src 60768
58400 77878 src 60768
58400 38644 src 60768
58400 21884 src 60768
58400 33968 src 60768
58400 05988 src 60768
05132 26533 src 60768
05132 38941 src 60768
05132 90769 src 60768
05132 52994 src 60768
05132 35886 src 60768
05132 78576 src 60768
64042 96216 src 60768
64042 04517 src 60768
64042 25324 src 60768
64042 31349 src 60768
94040 49641 src 60768
94040 90501 src 60768
94040 40293 src 60768
94040 19898 src 60768
94040 87445 src 60768
94040 00008 src 60768
94040 43599 src 60768
47046 47284 src 60768
47046 04395 src 60768
84341 03067 src 60768
77345 96123 src 60768
50242 95422 src 60768
50242 06393 src 60768
50242 69815 src 60768
39047 49981 src 60768
39047 70165 src 60768
39047 84473 src 60768
68894 80551 src 60768
13872 54290 src 60768
13872 72231 src 60768
13872 85818 src 60768
13872 77537 src 60768
13872 39284 src 60768
13872 97628 src 60768
13872 67942 src 60768
13872 51789 src 60768
13872 09844 src 60768
25525 74300 src 60768
81174 28327 src 60768
81174 95622 src 60768
81174 47435 src 60768
81174 75396 src 60768
81174 47755 src 60768
55406 78775 src 60768
95385 53796 src 60768
28554 66112 src 60768
28554 31211 src 60768
28554 59480 src 60768
93432 11129 src 60768
93432 21631 src 60768
93432 46940 src 60768
09133 74547 src 60768
09133 44455 src 60768
09133 54088 src 60768
09133 28471 src 60768
09133 09848 src 60768
09133 35438 src 60768
24419 92177 src 60768
64310 55080 src 60768
64310 43056 src 60768
87461 95178 src 60768
87461 48415 src 60768
18603 06751 src 60768
76770 72732 src 60768
76770 56614 src 60768
29958 84932 src 60768
65824 97125 src 60768
77878 89225 src 60768
77878 07770 src 60768
38644 69382 src 60768
21884 95420 src 60768
26533 37589 src 60768
35886 07583 src 60768
25324 60940 src 60768
31349 72226 src 60768
49641 82554 src 60768
49641 23764 src 60768
90501 78843 src 60768
90501 51268 src 60768
40293 86538 src 60768
40293 66319 src 60768
87445 73996 src 60768
87445 35807 src 60768
00008 05832 src 60768
47284 96022 src 60768
04395 12823 src 60768
04395 15447 src 60768
95422 25701 src 60768
95422 90097 src 60768
95422 89456 src 60768
06393 00112 src 60768
80551 81609 src 60768
54290 88337 src 60768
85818 71451 src 60768
51789 35860 src 60768
59480 02442 src 60768
21631 70397 src 60768
74547 55047 src 60768
44455 10297 src 60768
84932 91764 src 60768
95420 78529 src 60768
89456 49103 src 60768
Output
63257 34492 no
37589 70165 yes
01191 05832 no
51119 57092 no
95458 99938 yes
92429 55406 no
94389 33241 yes
42695 32207 yes
28553 64184 no
90501 78843 yes
90769 49375 no
91764 44208 no
40144 51221 no
51521 62325 no
40144 39047 no
65075 30728 yes
38644 20628 no
06575 11422 yes
35807 98895 no
46814 50785 yes
64804 49103 no
11521 47046 no
50975 50975 yes
99085 12466 yes
95422 31395 no
44705 34001 no
35886 75649 yes
57092 40224 yes
14537 90097 no
69764 97225 no
81691 09985 yes
18234 39047 no
86252 10107 yes
06751 35807 yes
88337 55080 yes
04761 69700 yes
81410 54412 yes
50785 99007 no
56177 78576 no
97252 49546 no
49641 09133 yes
64310 70165 yes
97374 63042 yes
33369 92778 no
04218 68488 yes
25324 12244 no
31349 21884 yes
59501 16862 yes
51521 47262 yes
89456 73996 yes
05350 68144 yes
06751 64184 no
26300 14150 no
95422 95458 no
11129 04536 no
03751 25525 no
13407 24116 yes
94311 08910 no
00296 42695 yes
86223 04337 yes
45641 89464 yes
18186 64804 yes
95422 44483 no
07770 64483 no
62328 44001 no
00452 76018 no
78181 24305 yes
21076 99938 yes
64466 95803 no
95458 56614 no
35807 04337 no
40293 77345 yes
97628 60729 no
72114 38269 yes
76770 77878 yes
66319 48415 yes
67056 20503 yes
47262 06575 yes
09985 79655 yes
65132 35074 no
64310 43841 no
78775 90769 yes
05350 39565 no
52081 23764 no
46874 46900 yes
78775 67056 no
71403 65132 yes
43561 73650 no
93432 19393 no
00463 94040 no
06393 00296 no
90097 70165 yes
24305 60729 yes
27998 86252 no
72732 88337 yes
51221 33241 yes
60148 17533 yes
81410 36788 yes
76018 70854 yes
04761 51866 no
46874 14437 yes
72806 00008 no
13407 57092 no
52304 94040 no
36210 49641 no
70183 71977 yes
66321 69700 yes
10793 08436 yes
04395 40736 no
56177 18757 yes
40224 51225 no
33569 86223 yes
97894 37628 no
62325 78181 yes
78529 77878 yes
58468 95901 yes
51119 19392 yes
12466 51221 yes
19898 64467 no
53632 54178 no
09985 93432 no
69764 75649 no
21076 92177 no
01385 44483 no
28471 94040 yes
11521 00452 yes
82885 69054 no
04337 63257 yes
67942 84341 yes
62328 99938 no
14537 30728 yes
50027 64467 no
28682 45842 no
47262 97252 no
97125 67056 no
14150 88009 no
19898 96123 yes
76018 64310 no
51119 94704 yes
49307 44208 no
06575 49007 yes
92778 61590 no
22004 70397 yes
71451 34492 no
94443 77162 yes
55632 55406 yes
43561 99085 no
58976 97374 no
86252 89171 no
66112 77878 yes
66112 86538 yes
91764 38941 yes
82097 90580 no
41724 38941 no
58991 90580 yes
10297 00452 no
07770 65132 no
30158 11666 yes
18234 65132 yes
66321 52994 no
04536 25324 no
88337 43599 yes
89225 02442 yes
54088 94311 yes
26300 54412 no
66319 33569 no
38564 40736 no
20503 11422 no
18603 69700 no
00354 92778 no
47284 47755 yes
60768 95422 yes
89464 58991 yes
81437 43841 yes
18234 18603 no
64466 48291 yes
14150 71797 yes
86639 63257 yes
47046 15447 yes
68488 32832 yes
64483 37435 yes
47262 11377 yes
56740 54088 no
21884 26533 yes
78576 59480 yes
74073 60168 no
70442 52081 yes
36469 36210 yes
60729 35074 yes
82554 52994 yes
49546 61590 yes
66319 31349 yes
39599 72921 yes
31781 34748 no
74243 11422 yes
63104 53796 no
85687 19898 no
85687 19174 yes
11666 78181 yes
44455 47755 yes
51221 49007 no
67769 17451 yes
94443 53632 yes
53796 42904 yes
11129 28257 no
99909 04218 yes
02586 06751 no
74294 62402 no
72921 56614 no
38644 40293 yes
15484 46874 no
66319 12244 no
78181 33989 yes
17451 08090 yes
68144 51521 yes
72806 70854 yes
14437 89171 no
25627 24291 yes
63757 62021 yes
22004 74300 yes
46501 43056 yes
03535 17451 yes
44208 24305 yes
28257 63104 yes
09396 36210 no
89456 56749 yes
56177 68894 no
03535 51866 no
74073 74073 yes
14437 84770 yes
55406 12244 no
49999 68144 yes
04536 28682 no
49641 40293 yes
90501 28471 yes
35860 68488 no
82097 81437 yes
54178 81174 no
51581 74073 yes
71797 03067 no
33241 46874 yes
62867 39599 yes
12244 51581 yes
86639 17533 no
33989 47755 no
39599 39565 no
29921 88009 yes
64310 50975 no
00112 93432 yes
65132 19174 yes
54088 84932 yes
68144 28553 no
63257 51627 no
12823 26446 no
09133 96216 yes
14351 17159 yes
34001 99327 yes
90580 02391 no
42865 74243 no
39047 95385 yes
35438 70165 yes
95803 04337 no
09848 90501 yes
34054 11129 yes
26446 36469 yes
97628 43599 yes
33569 11431 yes
35074 14537 yes
63104 33569 yes
57092 92778 no
38269 02586 yes
67769 99527 no
64804 31395 yes
25627 99909 no
79655 11377 no
95901 64310 no
39565 94786 yes
91764 19554 no
54176 78843 no
71797 92778 no
11377 10793 yes
31395 26944 no
48415 95385 yes
75396 35807 yes
19554 04218 no
67942 10107 no
21076 58991 yes
35807 28257 no
33989 46940 no
72114 69700 yes
78181 69764 yes
61590 72326 no
33968 49546 no
61590 09133 no
68923 78181 yes
09206 51221 yes
38564 28327 no
73345 30158 yes
46814 45641 yes
95420 08436 no
74547 94040 yes
16862 66321 yes
76018 08538 yes
28471 54412 no
43599 42904 yes
70854 00112 no
54412 94752 no
79655 10107 yes
42865 47755 no
08436 48415 no
10297 11129 yes
09844 44455 yes
72326 51744 no
51221 64483 yes
13407 51221 yes
86639 90580 no
75773 47618 yes
90769 60768 yes
87171 28029 yes
95803 08910 yes
19554 53632 yes
48291 14351 no
96123 38941 yes
90769 73996 yes
49386 05350 yes
18186 54176 yes
76018 26446 yes
14537 59759 yes
02442 95385 yes
24419 09396 no
25525 34054 yes
00354 42695 yes
10793 77878 no
69815 44483 no
61590 10793 yes
12823 95458 no
88337 31395 no
18234 38608 yes
46814 36469 no
40736 51225 no
73996 63757 no
05350 31211 no
51225 81410 no
15484 97628 yes
56740 31939 no
70183 70442 no
92793 11666 yes
71110 64467 yes
24419 51789 yes
37589 56614 yes
19393 72326 yes
00463 75396 no
89456 74294 no
72921 00296 yes
73764 77345 no
95385 70165 yes
51789 95422 yes
51268 31211 yes
81174 46814 no
04337 08538 yes
11129 87171 no
19392 39565 yes
93855 77162 yes
51268 44705 no
43056 38941 yes
06751 33369 no
28682 04337 yes
58400 50785 no
16024 39565 yes
10107 87159 no
08436 16862 yes
01385 20960 yes
57676 05832 no
65824 55632 yes
49546 11377 yes
31349 58468 no
31211 73345 no
94786 17016 yes
82554 20503 no
33369 79655 no
10107 88337 no
25303 82097 yes
84932 64466 no
25303 84473 no
31395 71797 no
64466 97252 yes
74073 99909 yes
50242 94786 no
24116 51581 yes
69054 22004 no
92778 88009 yes
11377 64467 yes
91764 55585 no
74243 08090 yes
70165 60148 no
49375 82097 no
66112 05132 yes
39599 41724 yes
28257 49307 no
28327 03751 no
47437 13375 yes
05350 46814 yes
50027 58998 yes
57092 12823 no
51581 62325 yes
81691 72732 no
02391 31939 yes
09798 94443 no
53796 34492 no
58400 11129 yes
95803 11521 yes
59501 49375 yes
49103 19393 no
82097 08436 no
64467 48043 yes
63257 38941 no
09133 92429 no
20735 54944 no
51744 04337 no
01385 82885 no
87159 31211 no
28554 22004 yes
54494 99007 no
48415 96022 yes
72114 11377 yes
81380 26300 yes
43841 54290 no
46814 11129 no
02391 19872 yes
18234 99938 yes
51744 64184 yes
71110 93855 yes
09985 92793 yes
55047 55585 no
19392 46900 yes
05832 92429 no
19393 65824 no
85818 69382 yes
47234 49375 yes
82885 58976 no
63257 20960 yes
49103 21076 no
81691 39930 no
86252 51268 no
60168 72732 no
57092 28029 yes
95422 01191 no
84341 48043 no
09133 43841 no
52666 74162 yes
84932 93624 no
65132 18757 yes
51744 08090 yes
20945 54412 yes
03535 78181 no
07770 02442 yes
04395 66112 yes
86538 43056 yes
30728 07583 no
32207 51866 no
51225 49613 yes
97125 51119 no
70165 25701 yes
35807 10793 no
95458 32207 yes
68144 77537 no
73764 35886 no
47435 42695 no
94786 31939 yes
09985 20945 no
49641 95458 no
End
