Graph
82852 15574
25742 85122
43192 87973
55499 84893
72952 21827
69044 69651
97689 54834
55132 14138
84893 07553
84893 97301
73801 57147
54015 55499
97301 50640
12741 36896
95462 94933
46151 68009
46753 90999
44301 76797
47702 97301
85122 41597
14138 11514
37879 71734
58469 66424
41997 49929
87973 50640
14138 10059
71734 33504
91687 85730
16937 21044
84893 80097
97649 86267
46242 49926
49929 64668
32263 21827
76797 05593
98783 51173
77053 12741
22459 21827
07553 40531
68547 84624
34892 10059
04885 19137
49793 11600
80097 03295
42323 92477
29833 30310
15008 41597
61022 41881
62921 28389
46708 54834
68547 49926
22459 58469
10059 16851
94933 78652
03295 69044
44301 38091
61302 64373
67544 14138
66178 58469
64668 84624
58382 69312
66915 85730
07553 97689
22367 10059
44301 66915
78652 88636
27308 63984
46151 40531
71734 12788
10059 72117
62921 63984
71734 54015
46708 06327
37879 09192
04942 46259
09192 69651
79317 44301
99865 57147
31031 84624
11600 82852
61302 36561
14138 41881
81792 10059
67544 55132
51854 92477
11600 36896
18052 14138
69551 61302
74294 29833
39520 36896
04942 58469
97689 99732
79317 79903
99732 43192
36561 32263
84718 22689
41881 22689
64668 03470
51854 60766
95462 88636
77084 66915
88344 16851
66353 04942
66424 13816
03295 54015
57354 25742
84893 88636
17515 41997
73942 61589
04885 71734
99865 22459
73801 97649
46631 12788
58382 43655
97301 71231
22689 17515
73942 14210
10059 61022
15588 14210
43192 54015
57019 46753
94933 74294
16851 64668
18635 59306
58824 46708
99156 46259
84624 88344
63984 61302
72117 38091
11600 56865
87973 30310
76452 90999
14138 76299
01837 73942
68547 16851
73942 36561
07553 14922
64668 45592
39520 57147
21827 04942
45663 09518
51173 57354
88636 33504
57354 69312
39520 46259
52711 44301
98783 64373
66782 97689
56865 66353
15008 77053
15574 85122
22367 10731
75669 03470
69044 55499
98783 15588
22459 92477
59306 18635
39800 49926
59306 10059
21044 09192
22459 57147
88615 74294
25742 49793
43192 95462
19137 12788
55132 59306
22689 10731
22459 01837
92477 51854
44301 57019
49172 46242
88615 54834
84624 57019
88636 74294
06327 04885
97301 46708
39520 99156
51854 99156
12741 86144
56865 64373
88615 04885
58469 99865
58824 47702
43192 71231
10059 72117
64373 57147
86144 66178
49929 03364
66353 63984
71231 09192
98783 73801
76797 14138
39520 46259
77482 90999
55499 87973
46151 09192
14210 69551
58469 78998
41597 14210
64668 11514
68009 94933
86267 85122
46259 99156
58382 28389
13816 14068
72117 10731
13816 51854
95462 71734
04885 06327
88344 34892
10731 34892
84624 67544
88615 04885
46708 06327
12741 92477
57354 46659
64668 81792
14922 06327
68501 54834
54834 46151
88615 43192
44301 11514
58824 88615
98783 25742
21044 46151
76299 46753
36896 41597
58824 71734
46659 27308
39520 72952
14210 04942
73942 86144
45663 84893
62921 69551
15008 58382
79317 67544
67544 49172
46631 55499
99865 56865
14068 77053
41881 76797
49793 51173
22367 44301
39800 05593
72220 92477
16851 76452
76797 55132
66353 36896
84718 77084
28389 15574
43655 22459
71734 54834
60766 57354
79317 68547
78767 58469
14210 82852
11182 03470
97649 56865
15574 14068
64668 18696
43655 43655
81792 49172
43655 42323
73801 66178
30632 16851
69312 15588
68009 71734
92477 69551
12741 01837
64668 76797
41881 68547
15574 15588
46151 07046
09518 95462
49926 64668
46631 50086
97689 55499
54015 12788
71734 68501
22367 85730
50086 07553
77053 14068
80097 40531
04942 66178
89843 99865
17515 91687
12788 30310
99865 46259
58382 51854
15588 60766
81792 11182
10731 59306
27308 73942
49172 91687
18896 30632
09192 50086
35653 41997
12788 09192
51854 28389
95462 69044
11600 04942
64373 36896
36561 14210
14210 66424
97649 69551
29833 80097
58469 66178
85730 66915
49926 31031
Queries
30632 15008
58824 40531
94933 10059
51173 46259
46242 88344
85730 57019
77482 86267
69551 14922
39520 82852
46151 11182
94933 29833
46659 66353
22459 76797
49172 14922
87973 68009
36896 15588
79317 32263
91687 84718
57147 88615
49926 37879
61022 15574
82852 14210
39520 46708
11182 39520
15574 64668
38091 21044
45663 95462
69044 43655
15588 46753
46259 07046
58824 21044
34892 18052
32263 82852
75669 04885
68547 22367
54015 17515
54015 78652
76797 38091
39800 44301
06327 50086
77053 41881
76452 58382
97649 25742
55132 68547
58824 18896
46659 07553
37879 97301
88615 71734
66782 79903
75669 66424
03470 66424
09518 56865
37879 37879
51854 03364
61589 04885
25742 43655
88615 11600
80097 72952
28389 45663
88344 57019
15008 32263
15588 84893
03470 68547
50640 97689
73801 17515
69312 28389
76797 35653
03295 68501
84893 55132
51173 76452
07553 50640
76452 44301
71231 50640
76797 38091
39800 35653
74294 88636
55132 66782
18635 37879
33504 61022
77084 68501
57354 47702
04885 78652
11182 07553
18052 60766
85122 03364
16937 04885
99156 33504
14138 21827
16851 05593
21044 61022
45592 11514
58469 89843
78767 60766
54015 32263
92477 14210
14210 66178
69651 94933
25742 66178
60766 62921
78767 15574
39520 88344
03295 04885
84893 87973
37879 78767
35653 41997
21827 66353
36561 29833
90999 69044
64668 92477
34892 86267
05593 50640
07553 30310
34892 88636
86267 62921
09518 69651
46151 69651
22367 46708
28389 07553
92477 32263
58824 40531
50640 21044
11600 89843
19137 07046
97649 46753
72117 19137
57019 13816
39520 52711
45663 89843
46151 69044
63984 66353
57019 49172
58382 12788
46753 76452
35653 11182
78998 60766
97301 30632
41997 69651
10731 04885
85730 25742
03470 35653
68501 54015
71734 80097
17515 49793
63984 46659
61302 61589
46259 80097
16937 52711
11182 79317
52711 41881
40531 39800
88615 84624
49793 82852
62921 68501
27308 66782
14210 78998
85730 04885
19137 66424
88615 49929
27308 15008
98783 88636
05593 40531
82852 10059
66424 09518
51854 39520
86267 71734
45663 87973
04942 03470
22689 66353
18896 42323
14922 84893
69651 01837
59306 49926
76797 19137
46659 87973
86267 57147
13816 31031
81792 22367
16937 75669
30310 03364
91687 69651
72117 14068
13816 04885
84893 79317
66782 43192
54015 68009
75669 22689
79903 76299
72117 76797
54834 46659
49926 30632
19137 06327
15008 29833
86144 85730
69551 69651
69651 14138
04942 77084
88615 94933
86267 61022
69651 97649
06327 46151
61589 18696
49929 69551
99156 88344
12788 44301
46242 61022
56865 07046
49172 88344
46242 41881
14138 86144
51854 17515
87973 46631
46151 85122
45592 54834
36896 66424
09192 84718
14210 84893
21044 88636
46242 74294
11514 39800
77482 74294
54834 37879
90999 46242
16937 74294
22367 66782
52711 17515
72220 68009
19137 57147
73942 46259
18635 30632
40531 22689
77053 56865
86267 82852
46151 33504
39800 50086
32263 97649
60766 57354
03364 90999
45592 44301
61589 15588
10731 46151
85730 85730
05593 97689
81792 14068
66353 18896
72220 14068
07046 84893
21044 74294
69044 49926
49926 15008
39520 27308
81792 44301
66915 91687
11514 73942
57019 46708
12741 98783
50086 04885
72117 87973
36896 82852
99732 95462
76797 07046
66178 15588
14922 07553
10731 19137
85122 90999
41597 18635
58469 39520
46259 03295
18052 50640
58824 55132
89843 75669
74294 92477
18896 67544
97649 41881
92477 66353
54834 04942
50086 52711
18635 97649
76452 64668
82852 11600
54834 29833
94933 21044
46242 99865
85122 07553
45592 69651
46708 49172
69651 81792
69044 11600
77482 46151
44301 66178
74294 14922
68547 41881
17515 36561
30632 11514
21827 63984
89843 14922
22459 82852
36561 43655
19137 84718
79903 92477
04885 69651
49172 18696
79317 14068
39520 44301
88636 68547
88344 11600
68009 03295
14068 54015
69551 95462
50640 22689
88636 07046
50640 84624
30310 30632
86267 40531
57354 13816
33504 49793
68547 03295
94933 46753
03295 79903
41997 58469
75669 59306
92477 39520
69044 68501
97649 88636
10731 34892
14138 22689
62921 78767
88636 47702
86144 56865
49926 12741
17515 36561
46708 09518
14138 43655
49172 63984
61302 22459
50086 46151
46259 61302
18896 14138
18696 43192
74294 85730
16851 10059
60766 21827
30632 85730
63984 16851
50086 11514
36896 66178
79317 09192
79317 47702
97649 12741
99156 88615
61589 49926
99865 57019
49172 79903
32263 31031
98783 80097
36896 16937
77084 97301
77053 05593
51854 21827
18896 86267
14922 50086
30310 18696
51854 73942
16937 80097
31031 49172
78652 76299
18896 18635
90999 27308
63984 68009
36561 74294
14138 61022
50086 07553
79903 47702
71734 50640
54834 74294
30310 64373
90999 12788
49793 63984
55132 85122
86144 41597
59306 68547
66915 30310
33504 75669
99865 57147
66178 86267
89843 94933
60766 51854
19137 75669
37879 22367
57147 71734
69551 46708
51854 57354
60766 22459
79317 03364
75669 49929
82852 75669
58824 18052
49926 15588
61589 99732
80097 09192
13816 58469
25742 58382
06327 80097
72220 78998
68547 91687
99156 97301
73942 30310
79317 58382
82852 25742
79903 85730
79317 72117
56865 43655
82852 60766
46259 63984
46151 82852
69651 28389
85730 61022
34892 72952
46631 49793
41997 22689
58824 10731
10731 46753
15008 85122
39520 21044
14210 16851
66178 49172
99732 46259
84624 45592
17515 10059
49929 30310
34892 41597
85730 58469
49926 57147
25742 29833
03364 41997
94933 72952
86267 40531
97689 78652
35653 50086
39800 84624
97649 46659
72952 86267
69044 40531
71231 66782
09518 69651
04885 12788
62921 43192
45592 68547
50640 63984
44301 46631
79317 76797
15574 39800
45663 15008
14922 76797
22689 22689
58824 94933
43655 98783
30310 71734
22459 71734
72117 68547
15008 33504
03364 88344
77084 41997
69312 61022
79317 34892
46659 69551
05593 07553
73942 68547
19137 11182
55132 54015
64668 30632
51173 01837
21044 04942
66353 45663
77482 18635
57019 42323
Thinking
start 04942 src 04942
04942 46259 src 04942
04942 58469 src 04942
04942 66353 src 04942
04942 21827 src 04942
04942 14210 src 04942
04942 66178 src 04942
04942 11600 src 04942
46259 99156 src 04942
46259 39520 src 04942
46259 99865 src 04942
58469 66424 src 04942
58469 22459 src 04942
58469 78998 src 04942
58469 78767 src 04942
66353 56865 src 04942
66353 63984 src 04942
66353 36896 src 04942
21827 72952 src 04942
21827 32263 src 04942
14210 73942 src 04942
14210 15588 src 04942
14210 69551 src 04942
14210 41597 src 04942
14210 82852 src 04942
14210 36561 src 04942
66178 86144 src 04942
66178 73801 src 04942
11600 49793 src 04942
99156 51854 src 04942
39520 57147 src 04942
99865 89843 src 04942
66424 13816 src 04942
22459 92477 src 04942
22459 01837 src 04942
22459 43655 src 04942
56865 64373 src 04942
56865 97649 src 04942
63984 27308 src 04942
63984 62921 src 04942
63984 61302 src 04942
36896 12741 src 04942
73942 61589 src 04942
15588 98783 src 04942
15588 69312 src 04942
15588 15574 src 04942
15588 60766 src 04942
41597 85122 src 04942
41597 15008 src 04942
49793 25742 src 04942
49793 51173 src 04942
51854 58382 src 04942
51854 28389 src 04942
13816 14068 src 04942
92477 42323 src 04942
92477 72220 src 04942
97649 86267 src 04942
27308 46659 src 04942
12741 77053 src 04942
69312 57354 src 04942
start 10059 src 10059
10059 14138 src 10059
10059 34892 src 10059
10059 16851 src 10059
10059 22367 src 10059
10059 72117 src 10059
10059 81792 src 10059
10059 61022 src 10059
10059 59306 src 10059
14138 55132 src 10059
14138 11514 src 10059
14138 67544 src 10059
14138 41881 src 10059
14138 18052 src 10059
14138 76299 src 10059
14138 76797 src 10059
34892 88344 src 10059
34892 10731 src 10059
16851 64668 src 10059
16851 68547 src 10059
16851 76452 src 10059
16851 30632 src 10059
22367 44301 src 10059
22367 85730 src 10059
72117 38091 src 10059
81792 49172 src 10059
81792 11182 src 10059
59306 18635 src 10059
67544 84624 src 10059
67544 79317 src 10059
41881 22689 src 10059
76299 46753 src 10059
76797 05593 src 10059
64668 49929 src 10059
64668 03470 src 10059
64668 45592 src 10059
64668 18696 src 10059
64668 49926 src 10059
76452 90999 src 10059
30632 18896 src 10059
44301 66915 src 10059
44301 52711 src 10059
44301 57019 src 10059
85730 91687 src 10059
49172 46242 src 10059
84624 31031 src 10059
79317 79903 src 10059
22689 84718 src 10059
22689 17515 src 10059
05593 39800 src 10059
49929 41997 src 10059
49929 03364 src 10059
03470 75669 src 10059
90999 77482 src 10059
66915 77084 src 10059
41997 35653 src 10059
start 54834 src 54834
54834 97689 src 54834
54834 46708 src 54834
54834 88615 src 54834
54834 68501 src 54834
54834 46151 src 54834
54834 71734 src 54834
97689 07553 src 54834
97689 99732 src 54834
97689 66782 src 54834
97689 55499 src 54834
46708 06327 src 54834
46708 58824 src 54834
46708 97301 src 54834
88615 74294 src 54834
88615 04885 src 54834
88615 43192 src 54834
46151 68009 src 54834
46151 40531 src 54834
46151 09192 src 54834
46151 21044 src 54834
46151 07046 src 54834
71734 37879 src 54834
71734 33504 src 54834
71734 12788 src 54834
71734 54015 src 54834
71734 95462 src 54834
07553 84893 src 54834
07553 14922 src 54834
07553 50086 src 54834
55499 69044 src 54834
55499 87973 src 54834
55499 46631 src 54834
58824 47702 src 54834
97301 50640 src 54834
97301 71231 src 54834
74294 29833 src 54834
74294 94933 src 54834
74294 88636 src 54834
04885 19137 src 54834
40531 80097 src 54834
09192 69651 src 54834
21044 16937 src 54834
12788 30310 src 54834
54015 03295 src 54834
95462 09518 src 54834
84893 45663 src 54834
94933 78652 src 54834
Output
30632 15008 no
58824 40531 yes
94933 10059 no
51173 46259 yes
46242 88344 yes
85730 57019 yes
77482 86267 no
69551 14922 no
39520 82852 yes
46151 11182 no
94933 29833 yes
46659 66353 yes
22459 76797 no
49172 14922 no
87973 68009 yes
36896 15588 yes
79317 32263 no
91687 84718 yes
57147 88615 no
49926 37879 no
61022 15574 no
82852 14210 yes
39520 46708 no
11182 39520 no
15574 64668 no
38091 21044 no
45663 95462 yes
69044 43655 no
15588 46753 no
46259 07046 no
58824 21044 yes
34892 18052 yes
32263 82852 yes
75669 04885 no
68547 22367 yes
54015 17515 no
54015 78652 yes
76797 38091 yes
39800 44301 yes
06327 50086 yes
77053 41881 no
76452 58382 no
97649 25742 yes
55132 68547 yes
58824 18896 no
46659 07553 no
37879 97301 yes
88615 71734 yes
66782 79903 no
75669 66424 no
03470 66424 no
09518 56865 no
37879 37879 yes
51854 03364 no
61589 04885 no
25742 43655 yes
88615 11600 no
80097 72952 no
28389 45663 no
88344 57019 yes
15008 32263 yes
15588 84893 no
03470 68547 yes
50640 97689 yes
73801 17515 no
69312 28389 yes
76797 35653 yes
03295 68501 yes
84893 55132 no
51173 76452 no
07553 50640 yes
76452 44301 yes
71231 50640 yes
76797 38091 yes
39800 35653 yes
74294 88636 yes
55132 66782 no
18635 37879 no
33504 61022 no
77084 68501 no
57354 47702 no
04885 78652 yes
11182 07553 no
18052 60766 no
85122 03364 no
16937 04885 yes
99156 33504 no
14138 21827 no
16851 05593 yes
21044 61022 no
45592 11514 yes
58469 89843 yes
78767 60766 yes
54015 32263 no
92477 14210 yes
14210 66178 yes
69651 94933 yes
25742 66178 yes
60766 62921 yes
78767 15574 yes
39520 88344 no
03295 04885 yes
84893 87973 yes
37879 78767 no
35653 41997 yes
21827 66353 yes
36561 29833 no
90999 69044 no
64668 92477 no
34892 86267 no
05593 50640 no
07553 30310 yes
34892 88636 no
86267 62921 yes
09518 69651 yes
46151 69651 yes
22367 46708 no
28389 07553 no
92477 32263 yes
58824 40531 yes
50640 21044 yes
11600 89843 yes
19137 07046 yes
97649 46753 no
72117 19137 no
57019 13816 no
39520 52711 no
45663 89843 no
46151 69044 yes
63984 66353 yes
57019 49172 yes
58382 12788 no
46753 76452 yes
35653 11182 yes
78998 60766 yes
97301 30632 no
41997 69651 no
10731 04885 no
85730 25742 no
03470 35653 yes
68501 54015 yes
71734 80097 yes
17515 49793 no
63984 46659 yes
61302 61589 yes
46259 80097 no
16937 52711 no
11182 79317 yes
52711 41881 yes
40531 39800 no
88615 84624 no
49793 82852 yes
62921 68501 no
27308 66782 no
14210 78998 yes
85730 04885 no
19137 66424 no
88615 49929 no
27308 15008 yes
98783 88636 no
05593 40531 no
82852 10059 no
66424 09518 no
51854 39520 yes
86267 71734 no
45663 87973 yes
04942 03470 no
22689 66353 no
18896 42323 no
14922 84893 yes
69651 01837 no
59306 49926 yes
76797 19137 no
46659 87973 no
86267 57147 yes
13816 31031 no
81792 22367 yes
16937 75669 no
30310 03364 no
91687 69651 no
72117 14068 no
13816 04885 no
84893 79317 no
66782 43192 yes
54015 68009 yes
75669 22689 yes
79903 76299 yes
72117 76797 yes
54834 46659 no
49926 30632 yes
19137 06327 yes
15008 29833 no
86144 85730 no
69551 69651 no
69651 14138 no
04942 77084 no
88615 94933 yes
86267 61022 no
69651 97649 no
06327 46151 yes
61589 18696 no
49929 69551 no
99156 88344 no
12788 44301 no
46242 61022 yes
56865 07046 no
49172 88344 yes
46242 41881 yes
14138 86144 no
51854 17515 no
87973 46631 yes
46151 85122 no
45592 54834 no
36896 66424 yes
09192 84718 no
14210 84893 no
21044 88636 yes
46242 74294 no
11514 39800 yes
77482 74294 no
54834 37879 yes
90999 46242 yes
16937 74294 yes
22367 66782 no
52711 17515 yes
72220 68009 no
19137 57147 no
73942 46259 yes
18635 30632 yes
40531 22689 no
77053 56865 yes
86267 82852 yes
46151 33504 yes
39800 50086 no
32263 97649 yes
60766 57354 yes
03364 90999 yes
45592 44301 yes
61589 15588 yes
10731 46151 no
85730 85730 yes
05593 97689 no
81792 14068 no
66353 18896 no
72220 14068 yes
07046 84893 yes
21044 74294 yes
69044 49926 no
49926 15008 no
39520 27308 yes
81792 44301 yes
66915 91687 yes
11514 73942 no
57019 46708 no
12741 98783 yes
50086 04885 yes
72117 87973 no
36896 82852 yes
99732 95462 yes
76797 07046 no
66178 15588 yes
14922 07553 yes
10731 19137 no
85122 90999 no
41597 18635 no
58469 39520 yes
46259 03295 no
18052 50640 no
58824 55132 no
89843 75669 no
74294 92477 no
18896 67544 yes
97649 41881 no
92477 66353 yes
54834 04942 no
50086 52711 no
18635 97649 no
76452 64668 yes
82852 11600 yes
54834 29833 yes
94933 21044 yes
46242 99865 no
85122 07553 no
45592 69651 no
46708 49172 no
69651 81792 no
69044 11600 no
77482 46151 no
44301 66178 no
74294 14922 yes
68547 41881 yes
17515 36561 no
30632 11514 yes
21827 63984 yes
89843 14922 no
22459 82852 yes
36561 43655 yes
19137 84718 no
79903 92477 no
04885 69651 yes
49172 18696 yes
79317 14068 no
39520 44301 no
88636 68547 no
88344 11600 no
68009 03295 yes
14068 54015 no
69551 95462 no
50640 22689 no
88636 07046 yes
50640 84624 no
30310 30632 no
86267 40531 no
57354 13816 yes
33504 49793 no
68547 03295 no
94933 46753 no
03295 79903 no
41997 58469 no
75669 59306 yes
92477 39520 yes
69044 68501 yes
97649 88636 no
10731 34892 yes
14138 22689 yes
62921 78767 yes
88636 47702 yes
86144 56865 yes
49926 12741 no
17515 36561 no
46708 09518 yes
14138 43655 no
49172 63984 no
61302 22459 yes
50086 46151 yes
46259 61302 yes
18896 14138 yes
18696 43192 no
74294 85730 no
16851 10059 yes
60766 21827 yes
30632 85730 yes
63984 16851 no
50086 11514 no
36896 66178 yes
79317 09192 no
79317 47702 no
97649 12741 yes
99156 88615 no
61589 49926 no
99865 57019 no
49172 79903 yes
32263 31031 no
98783 80097 no
36896 16937 no
77084 97301 no
77053 05593 no
51854 21827 yes
18896 86267 no
14922 50086 yes
30310 18696 no
51854 73942 yes
16937 80097 yes
31031 49172 yes
78652 76299 no
18896 18635 yes
90999 27308 no
63984 68009 no
36561 74294 no
14138 61022 yes
50086 07553 yes
79903 47702 no
71734 50640 yes
54834 74294 yes
30310 64373 no
90999 12788 no
49793 63984 yes
55132 85122 no
86144 41597 yes
59306 68547 yes
66915 30310 no
33504 75669 no
99865 57147 yes
66178 86267 yes
89843 94933 no
60766 51854 yes
19137 75669 no
37879 22367 no
57147 71734 no
69551 46708 no
51854 57354 yes
60766 22459 yes
79317 03364 yes
75669 49929 yes
82852 75669 no
58824 18052 no
49926 15588 no
61589 99732 no
80097 09192 yes
13816 58469 yes
25742 58382 yes
06327 80097 yes
72220 78998 yes
68547 91687 yes
99156 97301 no
73942 30310 no
79317 58382 no
82852 25742 yes
79903 85730 yes
79317 72117 yes
56865 43655 yes
82852 60766 yes
46259 63984 yes
46151 82852 no
69651 28389 no
85730 61022 yes
34892 72952 no
46631 49793 no
41997 22689 yes
58824 10731 no
10731 46753 yes
15008 85122 yes
39520 21044 no
14210 16851 no
66178 49172 no
99732 46259 no
84624 45592 yes
17515 10059 yes
49929 30310 no
34892 41597 no
85730 58469 no
49926 57147 no
25742 29833 no
03364 41997 yes
94933 72952 no
86267 40531 no
97689 78652 yes
35653 50086 no
39800 84624 yes
97649 46659 yes
72952 86267 yes
69044 40531 yes
71231 66782 yes
09518 69651 yes
04885 12788 yes
62921 43192 no
45592 68547 yes
50640 63984 no
44301 46631 no
79317 76797 yes
15574 39800 no
45663 15008 no
14922 76797 no
22689 22689 yes
58824 94933 yes
43655 98783 yes
30310 71734 yes
22459 71734 no
72117 68547 yes
15008 33504 no
03364 88344 yes
77084 41997 yes
69312 61022 no
79317 34892 yes
46659 69551 yes
05593 07553 no
73942 68547 no
19137 11182 no
55132 54015 no
64668 30632 yes
51173 01837 yes
21044 04942 no
66353 45663 no
77482 18635 yes
57019 42323 no
End
