Graph
1324 7074
1371 4235
7564 4350
7564 7724
1437 9693
9823 4350
5543 6073
5543 1562
5543 5466
6073 8395
7564 6923
7564 6953
5543 2319
9823 7564
7909 7865
7623 7128
9823 2817
3241 5680
4102 7909
1437 0038
6818 1324
7074 2482
7564 6923
1437 0038
1364 1364
2319 8395
9693 3718
4350 7564
3915 5680
7724 2717
1364 3915
1977 4102
3915 3241
7170 7074
1371 0038
4102 1562
9823 9823
7724 7724
1371 5680
4235 0038
1770 7128
0988 5466
1562 0988
3718 4235
5543 1562
7170 2482
9823 2817
2717 7564
5330 0610
6818 7170
2864 1371
5330 7623
7623 6818
1437 0585
2159 2482
6073 7865
6818 5330
4350 9823
1324 9249
9249 3817
6818 1324
5680 9693
4235 4235
9823 6923
6953 4350
9693 3915
3915 1364
5466 5543
4102 2319
2788 3915
2817 7564
7724 6923
7909 1562
7909 8222
5543 1977
5680 3718
2319 1977
7909 6073
6818 7623
3241 2864
8395 1977
1371 2864
7623 9249
2817 6923
7909 5543
3817 5330
0585 3718
6073 7865
4102 8222
1770 7623
7074 1770
1977 4102
4350 7724
5466 6073
9693 1437
0610 7623
1437 3241
0038 1364
2788 4235
4350 6923
3241 1364
2717 2717
5543 1562
0585 4235
7074 7128
1770 2159
3915 2788
0585 1364
7909 8395
Queries
0988 1770
0038 2864
9823 7724
1371 7724
2159 1770
4235 1770
0038 7623
2717 4102
2717 9249
5543 1324
5466 6923
7074 7170
8395 4102
6953 2717
5543 8395
6923 4350
7564 6953
7623 6923
5680 3915
0585 4235
1437 4350
5330 7128
7564 3718
7865 7074
2717 6953
6923 0038
1437 2788
0988 9693
6923 0988
2864 2788
6923 1977
2159 3915
7170 2717
2788 0988
3817 7128
1770 0610
2788 3915
3718 2788
7128 2159
7724 6953
7909 7128
0585 7128
0585 9249
1437 3718
7564 9823
5543 0988
2717 7564
3915 1977
6953 9823
2864 1562
0038 7170
1437 0038
7564 6953
4350 7909
6953 3817
7564 2717
7623 1324
6953 9249
9823 9693
6923 1371
9823 3718
3241 2788
0585 3915
3718 2159
7128 5330
4350 2817
3718 4235
3915 8222
7074 8222
7564 1437
1371 3241
7623 5330
2864 9249
8222 2717
0988 1977
0038 5680
5680 7724
2817 1562
3817 9823
0038 6818
1364 9823
5543 7909
7865 5466
7074 0988
7865 4102
5543 5466
3241 7909
4350 7724
5330 7170
1364 3718
2817 7909
6923 2319
2717 4350
7724 9823
7128 7170
Thinking
start 2482 src 2482
2482 7074 src 2482
2482 7170 src 2482
2482 2159 src 2482
7074 1324 src 2482
7074 1770 src 2482
7074 7128 src 2482
7170 6818 src 2482
1324 9249 src 2482
1770 7623 src 2482
6818 5330 src 2482
9249 3817 src 2482
7623 0610 src 2482
start 4102 src 4102
4102 7909 src 4102
4102 1977 src 4102
4102 1562 src 4102
4102 2319 src 4102
4102 8222 src 4102
7909 7865 src 4102
7909 6073 src 4102
7909 5543 src 4102
7909 8395 src 4102
1562 0988 src 4102
6073 5466 src 4102
start 6923 src 6923
6923 7564 src 6923
6923 9823 src 6923
6923 7724 src 6923
6923 2817 src 6923
6923 4350 src 6923
7564 6953 src 6923
7564 2717 src 6923
start 1371 src 1371
1371 4235 src 1371
1371 0038 src 1371
1371 5680 src 1371
1371 2864 src 1371
4235 3718 src 1371
4235 2788 src 1371
4235 0585 src 1371
0038 1437 src 1371
0038 1364 src 1371
5680 3241 src 1371
5680 3915 src 1371
5680 9693 src 1371
Output
0988 1770 no
0038 2864 yes
9823 7724 yes
1371 7724 no
2159 1770 yes
4235 1770 no
0038 7623 no
2717 4102 no
2717 9249 no
5543 1324 no
5466 6923 no
7074 7170 yes
8395 4102 yes
6953 2717 yes
5543 8395 yes
6923 4350 yes
7564 6953 yes
7623 6923 no
5680 3915 yes
0585 4235 yes
1437 4350 no
5330 7128 yes
7564 3718 no
7865 7074 no
2717 6953 yes
6923 0038 no
1437 2788 yes
0988 9693 no
6923 0988 no
2864 2788 yes
6923 1977 no
2159 3915 no
7170 2717 no
2788 0988 no
3817 7128 yes
1770 0610 yes
2788 3915 yes
3718 2788 yes
7128 2159 yes
7724 6953 yes
7909 7128 no
0585 7128 no
0585 9249 no
1437 3718 yes
7564 9823 yes
5543 0988 yes
2717 7564 yes
3915 1977 no
6953 9823 yes
2864 1562 no
0038 7170 no
1437 0038 yes
7564 6953 yes
4350 7909 no
6953 3817 no
7564 2717 yes
7623 1324 yes
6953 9249 no
9823 9693 no
6923 1371 no
9823 3718 no
3241 2788 yes
0585 3915 yes
3718 2159 no
7128 5330 yes
4350 2817 yes
3718 4235 yes
3915 8222 no
7074 8222 no
7564 1437 no
1371 3241 yes
7623 5330 yes
2864 9249 no
8222 2717 no
0988 1977 yes
0038 5680 yes
5680 7724 no
2817 1562 no
3817 9823 no
0038 6818 no
1364 9823 no
5543 7909 yes
7865 5466 yes
7074 0988 no
7865 4102 yes
5543 5466 yes
3241 7909 no
4350 7724 yes
5330 7170 yes
1364 3718 yes
2817 7909 no
6923 2319 no
2717 4350 yes
7724 9823 yes
7128 7170 yes
End
