Graph
00768 37979
48789 59985
59004 21062
55124 28862
52866 80926
48827 37216
56906 19641
01071 36915
29546 39046
80558 48662
90627 68973
90627 81773
28862 03055
04327 35897
10821 40839
74533 32224
62388 64983
57337 86118
40983 73252
01071 95847
86241 12726
34618 18260
95483 47122
26856 97646
87785 58494
01352 00129
69262 76221
91963 86241
43315 36676
48569 46051
49240 51334
40839 62768
59000 49336
88613 64983
92576 04327
84039 39046
80558 99370
13944 46051
53505 39046
34011 12233
64818 08491
41107 76221
99847 52609
80581 67091
79562 74267
05230 44694
78260 19911
30423 52323
12726 71560
84498 00768
08569 73527
73252 14418
90988 18283
44061 92583
58494 03055
47611 25088
12726 36915
35099 36676
84950 26342
34011 65452
90988 26733
11906 48196
08807 13944
48894 51554
40839 68577
84362 53456
28862 58329
90627 31936
15792 52270
04327 44727
69262 66699
08210 05230
43050 82688
12233 00696
64983 44061
08491 33125
19798 78260
95068 94764
57337 55124
37988 82342
01696 07370
48662 13944
03253 41107
53505 53198
80581 03281
76221 08943
63473 07370
46051 43020
27940 92583
37256 87785
84498 53084
12233 01352
04327 01352
26880 48894
95348 36915
53456 01163
08569 70971
08491 27940
90627 80011
84498 70971
58969 61046
06412 95483
37242 73252
01451 40537
87709 14019
64975 50959
26342 14418
92975 32224
08807 37979
69407 14752
09179 55393
11130 24148
35242 74267
36378 20200
36676 39251
94966 84720
68577 63473
26880 52609
52323 10729
84039 66892
48894 47611
45113 45370
06412 01071
48894 40232
39046 00768
25088 78554
37242 35686
34074 59004
45113 53084
60698 34074
03281 04327
64818 73252
71068 59004
46495 81867
90627 99370
31322 74410
66455 79384
92975 85035
52164 08807
10823 36915
24148 55393
79070 80581
95601 44061
54670 46495
90988 40839
19911 28862
35671 41229
64818 67882
53402 09295
91963 05230
01451 40489
39046 79562
25792 88613
19641 47122
84720 95601
34618 48662
88613 86241
02293 53402
39620 54670
90627 60698
02896 00550
01696 39046
58494 28862
05555 35671
82688 08491
55388 97514
20523 08491
64983 45866
65727 22514
64608 69407
43050 90299
36312 11130
31396 90299
36626 33836
58494 65845
79384 10729
65759 86933
91509 67091
40232 74835
24148 19856
03281 01163
95348 05230
58494 48196
52164 39046
26733 01095
36626 05735
64608 18260
51554 43315
19856 03253
73527 37216
66699 98031
98538 92933
01232 95068
26733 33933
00696 02383
43315 17171
75324 66892
92975 82688
16272 34074
19641 79384
36798 66699
08807 53402
67882 90299
84039 48662
27551 33776
45370 01095
11130 30423
30374 08739
87785 65452
65727 48569
20175 12726
82341 86933
59985 03253
40232 09179
15792 14752
02209 79384
14752 16272
74267 34074
92933 17809
65845 71068
80558 31936
15387 80558
01232 53402
32224 01071
85035 93279
59243 94966
01095 72901
53505 80558
82342 39046
58969 19911
60698 98309
11906 68577
32224 44694
58494 35671
75324 59000
53505 40839
52609 43050
80747 80713
09179 36312
01071 17171
84950 59757
47308 11906
48662 35242
47122 65782
08943 43050
12233 70971
41229 20200
82342 70971
65452 43879
25792 19856
49941 34074
11130 10729
22489 78554
64975 92583
21062 92933
13365 37256
05230 40096
15535 35099
15792 18283
40983 88613
47611 36626
09179 47611
74533 20175
63666 52866
04327 74267
12233 82342
81867 05230
10821 10821
51334 53198
13944 36378
71560 82951
09295 55388
86241 32224
53402 41229
22489 84950
84498 66875
25792 26880
58494 01696
99771 44694
82688 32224
99370 43020
74533 74533
67882 95601
14029 00696
32224 82341
14857 05161
15792 01374
45866 39620
05555 92576
87518 43050
53402 72901
35686 27551
46495 40096
45999 15792
48827 53456
48196 68973
49941 13365
36312 25792
04141 73252
64983 88046
19641 02209
20200 36378
21220 26880
35521 43020
12233 80893
33933 87785
27551 27283
99370 43879
39652 88613
67091 02293
32224 74533
85035 36915
41107 31396
54670 74410
15792 37256
12233 00768
01071 27551
64975 24148
65283 43020
01071 98031
82341 33707
01352 61046
99771 40983
44061 12726
90627 80926
91963 94966
53505 14857
83549 99045
12233 35521
11626 01232
12233 36378
53505 68973
45999 66892
08210 65782
59243 87518
08569 63473
08739 09179
35290 68577
05735 10823
10823 83549
79496 25792
53084 65845
68577 08097
45370 73527
43050 08491
19798 01451
95579 28862
53084 49941
04327 48945
27283 04141
71068 00768
20523 47611
98031 99771
43050 99045
07014 43050
49240 45999
99045 08739
98926 99847
44061 43050
37216 53402
36915 86933
36798 87709
80747 33836
22489 88479
25088 92583
62768 94897
64818 54670
39251 74533
91963 10729
48945 35242
41229 37979
48569 71068
74410 36626
55124 13365
67111 08491
30374 08739
92583 43050
65845 04216
19641 20175
54670 36798
58329 48662
73527 35897
52323 59757
36798 77671
36676 95601
76778 58494
39620 06412
00129 53662
53198 34861
75324 58329
37256 00550
49358 25792
03055 43782
63473 48827
74533 78554
08569 35242
20175 36915
11130 64983
22489 77671
95483 76221
35290 58969
01451 18283
86241 74835
71068 33933
87518 03253
90627 79562
53456 65283
40489 48662
66455 69926
98926 03253
28862 60698
26880 27940
35099 26342
43764 68577
64975 59757
49336 09295
51554 81867
92576 90988
40839 75324
84362 37256
00696 67091
64983 31322
87518 73252
19837 34618
15792 52164
27940 17171
08210 67111
19856 08943
11626 63666
45866 12726
97646 83549
33776 02947
38305 27283
40839 63666
48827 96375
79496 27940
83549 95348
32224 93279
50959 59985
04141 64983
48196 43879
25792 86241
06412 19856
26733 05555
56836 03855
84039 55124
15535 06412
27940 65759
30423 05230
37256 00550
55393 44061
27551 55393
65452 37988
03055 08569
52609 43315
90627 19837
44061 82341
19911 95579
81867 40096
49941 49336
80893 58329
65759 55393
91509 16272
79496 85035
79070 68577
80893 90627
78260 68577
01095 63473
36676 33776
80713 67882
14418 90299
11626 80581
52323 76544
95068 48827
65782 22489
78260 19837
74410 77671
11626 68577
53505 34011
64608 63473
98031 35686
14019 05735
95483 41107
13365 45370
08097 53662
66875 69407
08807 94764
68577 75324
55393 98031
09295 52270
12233 35671
62768 84498
02947 14019
11626 05555
91963 95483
51334 98309
21215 52609
87518 76221
95348 88613
48569 35897
26342 40096
64983 17171
90299 67111
59757 99045
35099 66455
40232 44694
03855 37256
56906 73252
36798 11130
53505 94764
33776 88613
45866 38305
98031 08491
86933 01071
27940 07014
11906 21062
43879 40489
64975 24148
37256 37979
56906 95483
09295 48196
52866 65452
34861 01163
90627 36378
78383 07014
03401 52609
01374 95579
36378 53505
80558 19911
02383 35521
66699 05735
34861 81773
06412 64983
90299 94966
40489 00129
64608 37988
21220 87518
90299 44061
62388 39652
90299 21215
08943 30374
51334 43782
00768 48945
26880 22489
10823 93279
36312 92975
01451 21062
48894 31822
99370 18283
84039 36378
72901 10821
88479 35099
40537 43879
59004 10821
37256 05555
65452 37216
74410 81867
88613 52609
39251 10823
59757 74533
28862 45370
14019 40232
37256 28862
41229 02896
26733 00550
26880 91963
30374 22489
81331 08569
02209 88479
49240 87785
52609 66699
11626 04216
47611 38305
26733 73527
12233 19911
82341 52609
02947 36798
39046 31936
92933 43782
15387 80926
01352 43764
52270 22514
37979 45999
92583 99847
43782 92576
88613 71560
99045 30374
44061 69665
80713 36915
76544 30374
74533 78897
63473 07370
98538 80926
39046 73527
65727 79562
22514 44727
34074 15792
12233 53198
43879 48945
92576 95068
81773 58329
62388 84720
26880 30361
88046 79384
99771 26880
73252 48789
35242 05555
90627 81331
26733 11906
04141 76544
44694 08491
82951 21220
86241 52609
77671 67111
15387 05161
27283 64975
47611 21220
11626 66892
41107 78383
64983 35686
37256 03855
46495 26880
73252 46495
80747 87518
05735 99045
70971 96375
64608 08569
84039 58969
08739 46495
40489 90627
26880 52323
09295 11906
76778 21062
33707 35686
04327 26733
67091 58329
31822 52323
76221 19641
26342 94966
60698 35897
55393 59985
12233 40839
80558 80926
51554 84950
92933 37216
88046 90299
26733 53662
19798 91509
95348 31396
56836 80558
52323 19641
35897 45113
91509 53456
14857 42227
00696 01232
01163 53084
78383 94966
34011 80893
26856 33776
95068 05161
82341 39620
53456 58494
01232 81331
47308 28862
33836 95847
69926 73252
84039 58329
08210 88479
29546 43764
84498 37256
45113 66875
04141 46495
82951 99045
28862 09295
13365 79070
86241 33836
84039 98538
24148 25792
13365 37988
73252 39652
Queries
01232 03855
84039 67882
94966 48569
60698 33933
83549 05555
56906 25792
65727 19641
84362 91509
56906 33707
62388 74835
43050 21215
02293 15387
90627 30374
66455 19837
33707 66699
36798 90299
65727 80713
44727 99847
41229 91963
19911 94764
95483 47611
01071 81331
87785 81773
92576 56906
11626 93279
55393 97514
45999 37256
78260 84498
93279 66455
31822 34618
44061 51554
04141 79070
31396 07370
94764 79562
95483 79562
94764 62388
06412 67111
92583 45866
65845 11130
62388 15535
07370 95601
66699 40096
55124 55393
81331 65283
69665 80558
27940 73527
45113 98926
92576 02383
16272 33836
31322 03253
02209 08739
03281 82342
10821 27551
02947 12233
08210 92975
54670 53402
82951 13365
02209 04141
36915 05230
08807 31396
95483 69926
80926 03281
04141 49941
87785 02209
51334 99370
48662 03281
40537 00550
69407 47122
03253 11626
80581 36915
18260 43050
90627 84498
43879 25792
13365 43764
91963 94764
69926 34011
78260 97646
21062 00129
76778 15792
03401 35897
09179 64975
88479 34618
43764 47122
02209 08569
47611 10729
55388 14857
01163 74410
33125 65727
39620 02383
08569 09295
09179 42227
08097 94764
14857 97514
70971 21220
02947 15535
02383 33776
86933 13365
40096 74410
39046 82951
39652 66699
81331 41229
24148 74533
53198 04216
99045 34011
80926 98538
53505 81773
84498 01696
56836 19856
64818 38305
30361 33125
21215 47308
07370 67882
80558 46495
08210 48827
40096 33776
03281 53662
35290 17171
80893 93279
05735 40839
78383 64608
95847 84039
52270 27283
94966 35290
64975 47308
15387 02293
08097 43050
15535 13944
97514 80926
82951 02947
80926 57337
27551 45866
52609 67111
73527 52323
71068 80926
43879 36798
77671 59243
95068 31322
97514 59985
67111 05230
36312 49941
02293 48662
16272 95348
05161 37216
30423 62388
39652 33125
52270 19911
95348 66455
44694 36312
49336 94966
19641 80893
30361 67091
80581 34074
51334 68973
43020 67882
52609 64983
01071 45866
11130 95579
20175 74410
47122 52270
84498 65759
04327 15535
08097 14418
15387 06412
19837 00696
53198 80011
48196 40537
92975 37256
27551 97514
06412 74533
30374 59004
35897 56836
78897 02896
52323 88479
80011 25088
55393 47122
66892 48945
68973 40096
30361 44727
87518 45113
33125 71560
14418 52270
40232 30361
34074 66455
36676 84039
33707 56836
74267 27283
53402 16272
32224 85035
40489 72901
87709 02947
15792 78554
33933 96375
18283 03055
48945 80713
05735 93279
09179 82342
81773 48789
31936 33776
82342 18283
27551 35242
43020 94897
01232 98309
50959 46051
66892 64608
35290 17809
88046 53084
00768 64975
35290 52866
71560 82341
14418 32224
29546 30361
58494 80581
86118 71068
48894 04216
69926 08491
55388 35671
78260 52866
17171 13365
02896 32224
67091 99847
43879 75324
27283 48789
37242 53505
74835 53084
35671 99847
05161 95601
64818 39046
14418 33776
48662 01451
00696 13944
37256 48569
42227 31822
36798 20200
26342 65845
84039 95068
58329 53084
14019 33125
03855 00768
59243 80011
66699 10729
37256 20175
84720 46495
56906 35686
65782 49336
94764 37242
84950 66455
98926 58329
21215 19641
07014 32224
00696 31322
08210 49336
90299 11906
36915 26342
40232 48945
44061 14019
09179 86118
55124 38305
17809 82688
14418 36626
99370 05161
47308 69926
26856 25792
21215 01163
98031 65845
39251 78554
12726 95847
87709 29546
08210 04216
66455 40232
37256 43050
79384 11130
37988 11626
73527 03055
31936 82341
46051 82688
05230 47611
95068 04141
33707 03401
25088 79384
66875 14418
55388 19837
10821 87518
72901 82951
43879 40096
64975 43764
80581 33125
92576 66699
74835 48196
40096 84950
11130 28862
22514 20523
01451 74267
31396 01374
10729 76544
27283 95847
73527 86241
03401 33707
48569 98926
40232 58329
34011 65845
19837 90627
01232 43879
35290 90627
37256 46051
00696 19837
80011 98926
92576 14752
94764 79384
90627 95348
14418 91509
87518 43315
87785 57337
68973 01095
26342 08739
71560 50959
33707 45999
46495 10821
41229 12233
11130 56906
26880 10823
39046 48827
33776 65452
35686 85035
79496 01451
59004 50959
36312 87518
43782 78897
49336 22514
02209 45866
42227 39620
48945 03055
32224 26733
11626 43020
22514 87518
82342 45999
67111 48827
75324 13944
98031 48789
36798 97514
66892 39046
94764 12726
27283 20175
10823 68577
44727 10823
95068 35671
80011 66892
86241 59000
95483 72901
30423 00550
61046 19641
79384 55124
66699 14019
52270 34011
55393 35290
85035 62388
00550 67091
37979 64975
27940 84720
19856 26880
04327 84498
99771 20175
63666 00129
01071 31936
41107 39652
71068 08943
86933 79496
80011 07370
36378 66892
35242 69665
33125 11130
32224 19911
39652 00550
01696 01696
18283 01232
90299 74835
49941 09179
77671 52866
94764 33707
87709 55393
77671 20523
78383 12726
81773 70971
74267 74533
39620 08943
09179 27283
37216 35671
35290 26856
48196 19856
10821 91963
05735 69407
98309 78554
63666 47308
88613 08210
65782 52323
83549 58969
84950 10821
22489 53084
83549 10823
12726 09179
35671 27551
95348 98926
69262 19911
26342 81867
94764 01374
67111 17809
08739 39652
25088 90299
35290 48789
33125 02209
57337 47122
05735 18260
80581 76778
24148 85035
52866 65782
64818 71068
00550 02383
44061 46495
52270 47611
74835 95579
69665 82688
71560 92933
15387 55388
86118 11906
35099 48827
65845 92975
95348 40489
86241 43879
37256 01696
15792 47122
36312 71068
34011 56906
14418 66892
52270 44694
08569 12726
55393 35099
19798 43050
93279 47611
27283 79562
43782 05230
94897 80713
44727 08097
28862 67882
67111 01352
94966 40489
40983 08739
62388 59004
17809 92576
82688 34861
52609 37979
02293 15792
99771 78383
53456 65727
30361 31936
08569 43315
59757 95348
34618 13944
80581 65782
35099 82688
67091 59757
Thinking
start 59757 src 59757
59757 84950 src 59757
59757 52323 src 59757
59757 64975 src 59757
59757 99045 src 59757
59757 74533 src 59757
84950 26342 src 59757
84950 22489 src 59757
84950 51554 src 59757
52323 30423 src 59757
52323 10729 src 59757
52323 76544 src 59757
52323 26880 src 59757
52323 31822 src 59757
52323 19641 src 59757
64975 50959 src 59757
64975 92583 src 59757
64975 24148 src 59757
64975 27283 src 59757
99045 83549 src 59757
99045 43050 src 59757
99045 08739 src 59757
99045 30374 src 59757
99045 05735 src 59757
99045 82951 src 59757
74533 32224 src 59757
74533 20175 src 59757
74533 39251 src 59757
74533 78554 src 59757
74533 78897 src 59757
26342 14418 src 59757
26342 35099 src 59757
26342 40096 src 59757
26342 94966 src 59757
22489 88479 src 59757
22489 77671 src 59757
22489 65782 src 59757
51554 48894 src 59757
51554 43315 src 59757
51554 81867 src 59757
30423 11130 src 59757
30423 05230 src 59757
10729 79384 src 59757
10729 91963 src 59757
76544 04141 src 59757
26880 52609 src 59757
26880 25792 src 59757
26880 21220 src 59757
26880 27940 src 59757
26880 30361 src 59757
26880 99771 src 59757
26880 46495 src 59757
19641 56906 src 59757
19641 47122 src 59757
19641 02209 src 59757
19641 76221 src 59757
50959 59985 src 59757
92583 44061 src 59757
92583 25088 src 59757
92583 99847 src 59757
24148 55393 src 59757
24148 19856 src 59757
27283 27551 src 59757
27283 38305 src 59757
83549 10823 src 59757
83549 97646 src 59757
83549 95348 src 59757
43050 82688 src 59757
43050 90299 src 59757
43050 08943 src 59757
43050 87518 src 59757
43050 08491 src 59757
43050 07014 src 59757
08739 09179 src 59757
05735 36626 src 59757
05735 14019 src 59757
05735 66699 src 59757
82951 71560 src 59757
32224 92975 src 59757
32224 01071 src 59757
32224 44694 src 59757
32224 86241 src 59757
32224 82341 src 59757
32224 93279 src 59757
20175 12726 src 59757
20175 36915 src 59757
39251 36676 src 59757
14418 73252 src 59757
35099 15535 src 59757
35099 66455 src 59757
94966 84720 src 59757
94966 59243 src 59757
94966 78383 src 59757
88479 08210 src 59757
77671 36798 src 59757
77671 74410 src 59757
77671 67111 src 59757
48894 47611 src 59757
48894 40232 src 59757
43315 17171 src 59757
11130 36312 src 59757
11130 64983 src 59757
79384 88046 src 59757
91963 95483 src 59757
52609 21215 src 59757
52609 03401 src 59757
52609 88613 src 59757
25792 79496 src 59757
25792 49358 src 59757
27940 65759 src 59757
99771 40983 src 59757
99771 98031 src 59757
46495 54670 src 59757
76221 69262 src 59757
76221 41107 src 59757
59985 48789 src 59757
59985 03253 src 59757
44061 95601 src 59757
44061 69665 src 59757
99847 98926 src 59757
19856 06412 src 59757
27551 33776 src 59757
27551 35686 src 59757
38305 45866 src 59757
97646 26856 src 59757
95348 31396 src 59757
90299 67882 src 59757
87518 80747 src 59757
08491 64818 src 59757
08491 33125 src 59757
08491 20523 src 59757
36626 33836 src 59757
14019 87709 src 59757
14019 02947 src 59757
92975 85035 src 59757
01071 95847 src 59757
01071 86933 src 59757
86241 74835 src 59757
82341 33707 src 59757
82341 39620 src 59757
36915 80713 src 59757
73252 37242 src 59757
73252 69926 src 59757
73252 39652 src 59757
84720 62388 src 59757
74410 31322 src 59757
start 28862 src 28862
28862 55124 src 28862
28862 03055 src 28862
28862 58329 src 28862
28862 19911 src 28862
28862 58494 src 28862
28862 95579 src 28862
28862 60698 src 28862
28862 45370 src 28862
28862 37256 src 28862
28862 47308 src 28862
28862 09295 src 28862
55124 57337 src 28862
55124 13365 src 28862
55124 84039 src 28862
03055 43782 src 28862
03055 08569 src 28862
58329 48662 src 28862
58329 75324 src 28862
58329 80893 src 28862
58329 81773 src 28862
58329 67091 src 28862
19911 78260 src 28862
19911 58969 src 28862
19911 80558 src 28862
19911 12233 src 28862
58494 87785 src 28862
58494 65845 src 28862
58494 48196 src 28862
58494 35671 src 28862
58494 01696 src 28862
58494 76778 src 28862
58494 53456 src 28862
95579 01374 src 28862
60698 34074 src 28862
60698 90627 src 28862
60698 98309 src 28862
60698 35897 src 28862
45370 45113 src 28862
45370 01095 src 28862
45370 73527 src 28862
37256 15792 src 28862
37256 00550 src 28862
37256 84362 src 28862
37256 03855 src 28862
37256 37979 src 28862
37256 05555 src 28862
37256 84498 src 28862
47308 11906 src 28862
09295 53402 src 28862
09295 55388 src 28862
09295 49336 src 28862
09295 52270 src 28862
57337 86118 src 28862
13365 49941 src 28862
13365 79070 src 28862
13365 37988 src 28862
84039 39046 src 28862
84039 66892 src 28862
84039 36378 src 28862
84039 98538 src 28862
43782 51334 src 28862
43782 92933 src 28862
43782 92576 src 28862
08569 70971 src 28862
08569 63473 src 28862
08569 35242 src 28862
08569 81331 src 28862
08569 64608 src 28862
48662 13944 src 28862
48662 34618 src 28862
48662 40489 src 28862
75324 59000 src 28862
75324 40839 src 28862
75324 68577 src 28862
80893 34011 src 28862
81773 34861 src 28862
67091 80581 src 28862
67091 91509 src 28862
67091 02293 src 28862
67091 00696 src 28862
78260 19798 src 28862
78260 19837 src 28862
58969 61046 src 28862
58969 35290 src 28862
80558 99370 src 28862
80558 31936 src 28862
80558 15387 src 28862
80558 53505 src 28862
80558 80926 src 28862
80558 56836 src 28862
12233 01352 src 28862
12233 82342 src 28862
12233 00768 src 28862
12233 35521 src 28862
12233 53198 src 28862
87785 65452 src 28862
87785 33933 src 28862
87785 49240 src 28862
65845 71068 src 28862
65845 53084 src 28862
65845 04216 src 28862
48196 68973 src 28862
48196 43879 src 28862
35671 41229 src 28862
01696 07370 src 28862
76778 21062 src 28862
53456 01163 src 28862
53456 48827 src 28862
53456 65283 src 28862
34074 59004 src 28862
34074 16272 src 28862
34074 74267 src 28862
90627 80011 src 28862
90627 79562 src 28862
35897 04327 src 28862
35897 48569 src 28862
45113 66875 src 28862
01095 26733 src 28862
01095 72901 src 28862
73527 37216 src 28862
15792 14752 src 28862
15792 18283 src 28862
15792 45999 src 28862
15792 52164 src 28862
00550 02896 src 28862
37979 08807 src 28862
05555 11626 src 28862
84498 62768 src 28862
53402 01232 src 28862
55388 97514 src 28862
52270 22514 src 28862
39046 29546 src 28862
36378 20200 src 28862
92933 17809 src 28862
92576 90988 src 28862
92576 95068 src 28862
70971 96375 src 28862
35242 48945 src 28862
64608 69407 src 28862
64608 18260 src 28862
13944 46051 src 28862
40489 01451 src 28862
40489 00129 src 28862
40839 10821 src 28862
40839 63666 src 28862
68577 08097 src 28862
68577 43764 src 28862
80581 03281 src 28862
00696 02383 src 28862
00696 14029 src 28862
99370 43020 src 28862
15387 05161 src 28862
53505 14857 src 28862
53505 94764 src 28862
80926 52866 src 28862
43879 40537 src 28862
79562 65727 src 28862
04327 44727 src 28862
26733 53662 src 28862
62768 94897 src 28862
14857 42227 src 28862
Output
01232 03855 yes
84039 67882 no
94966 48569 no
60698 33933 yes
83549 05555 no
56906 25792 yes
65727 19641 no
84362 91509 yes
56906 33707 yes
62388 74835 yes
43050 21215 yes
02293 15387 yes
90627 30374 no
66455 19837 no
33707 66699 yes
36798 90299 yes
65727 80713 no
44727 99847 no
41229 91963 no
19911 94764 yes
95483 47611 yes
01071 81331 no
87785 81773 yes
92576 56906 no
11626 93279 no
55393 97514 no
45999 37256 yes
78260 84498 yes
93279 66455 yes
31822 34618 no
44061 51554 yes
04141 79070 no
31396 07370 no
94764 79562 yes
95483 79562 no
94764 62388 no
06412 67111 yes
92583 45866 yes
65845 11130 no
62388 15535 yes
07370 95601 no
66699 40096 yes
55124 55393 no
81331 65283 yes
69665 80558 no
27940 73527 no
45113 98926 no
92576 02383 yes
16272 33836 no
31322 03253 yes
02209 08739 yes
03281 82342 yes
10821 27551 no
02947 12233 no
08210 92975 yes
54670 53402 no
82951 13365 no
02209 04141 yes
36915 05230 yes
08807 31396 no
95483 69926 yes
80926 03281 yes
04141 49941 no
87785 02209 no
51334 99370 yes
48662 03281 yes
40537 00550 yes
69407 47122 no
03253 11626 no
80581 36915 no
18260 43050 no
90627 84498 yes
43879 25792 no
13365 43764 yes
91963 94764 no
69926 34011 no
78260 97646 no
21062 00129 yes
76778 15792 yes
03401 35897 no
09179 64975 yes
88479 34618 no
43764 47122 no
02209 08569 no
47611 10729 yes
55388 14857 yes
01163 74410 no
33125 65727 no
39620 02383 no
08569 09295 yes
09179 42227 no
08097 94764 yes
14857 97514 yes
70971 21220 no
02947 15535 yes
02383 33776 no
86933 13365 no
40096 74410 yes
39046 82951 no
39652 66699 yes
81331 41229 yes
24148 74533 yes
53198 04216 yes
99045 34011 no
80926 98538 yes
53505 81773 yes
84498 01696 yes
56836 19856 no
64818 38305 yes
30361 33125 yes
21215 47308 no
07370 67882 no
80558 46495 no
08210 48827 no
40096 33776 yes
03281 53662 yes
35290 17171 no
80893 93279 no
05735 40839 no
78383 64608 no
95847 84039 no
52270 27283 no
94966 35290 no
64975 47308 no
15387 02293 yes
08097 43050 no
15535 13944 no
97514 80926 yes
82951 02947 yes
80926 57337 yes
27551 45866 yes
52609 67111 yes
73527 52323 no
71068 80926 yes
43879 36798 no
77671 59243 yes
95068 31322 no
97514 59985 no
67111 05230 yes
36312 49941 no
02293 48662 yes
16272 95348 no
05161 37216 yes
30423 62388 yes
39652 33125 yes
52270 19911 yes
95348 66455 yes
44694 36312 yes
49336 94966 no
19641 80893 no
30361 67091 no
80581 34074 yes
51334 68973 yes
43020 67882 no
52609 64983 yes
01071 45866 yes
11130 95579 no
20175 74410 yes
47122 52270 no
84498 65759 no
04327 15535 no
08097 14418 no
15387 06412 no
19837 00696 yes
53198 80011 yes
48196 40537 yes
92975 37256 no
27551 97514 no
06412 74533 yes
30374 59004 no
35897 56836 yes
78897 02896 no
52323 88479 yes
80011 25088 no
55393 47122 yes
66892 48945 yes
68973 40096 no
30361 44727 no
87518 45113 no
33125 71560 yes
14418 52270 no
40232 30361 yes
34074 66455 no
36676 84039 no
33707 56836 no
74267 27283 no
53402 16272 yes
32224 85035 yes
40489 72901 yes
87709 02947 yes
15792 78554 no
33933 96375 yes
18283 03055 yes
48945 80713 no
05735 93279 yes
09179 82342 no
81773 48789 no
31936 33776 no
82342 18283 yes
27551 35242 no
43020 94897 yes
01232 98309 yes
50959 46051 no
66892 64608 yes
35290 17809 yes
88046 53084 no
00768 64975 no
35290 52866 yes
71560 82341 yes
14418 32224 yes
29546 30361 no
58494 80581 yes
86118 71068 yes
48894 04216 no
69926 08491 yes
55388 35671 yes
78260 52866 yes
17171 13365 no
02896 32224 no
67091 99847 no
43879 75324 yes
27283 48789 yes
37242 53505 no
74835 53084 no
35671 99847 no
05161 95601 no
64818 39046 no
14418 33776 yes
48662 01451 yes
00696 13944 yes
37256 48569 yes
42227 31822 no
36798 20200 no
26342 65845 no
84039 95068 yes
58329 53084 yes
14019 33125 yes
03855 00768 yes
59243 80011 no
66699 10729 yes
37256 20175 no
84720 46495 yes
56906 35686 yes
65782 49336 no
94764 37242 no
84950 66455 yes
98926 58329 no
21215 19641 yes
07014 32224 yes
00696 31322 no
08210 49336 no
90299 11906 no
36915 26342 yes
40232 48945 no
44061 14019 yes
09179 86118 no
55124 38305 no
17809 82688 no
14418 36626 yes
99370 05161 yes
47308 69926 no
26856 25792 yes
21215 01163 no
98031 65845 no
39251 78554 yes
12726 95847 yes
87709 29546 no
08210 04216 no
66455 40232 yes
37256 43050 no
79384 11130 yes
37988 11626 yes
73527 03055 yes
31936 82341 no
46051 82688 no
05230 47611 yes
95068 04141 no
33707 03401 yes
25088 79384 yes
66875 14418 no
55388 19837 yes
10821 87518 no
72901 82951 no
43879 40096 no
64975 43764 no
80581 33125 no
92576 66699 no
74835 48196 no
40096 84950 yes
11130 28862 no
22514 20523 no
01451 74267 yes
31396 01374 no
10729 76544 yes
27283 95847 yes
73527 86241 no
03401 33707 yes
48569 98926 no
40232 58329 no
34011 65845 yes
19837 90627 yes
01232 43879 yes
35290 90627 yes
37256 46051 yes
00696 19837 yes
80011 98926 no
92576 14752 yes
94764 79384 no
90627 95348 no
14418 91509 no
87518 43315 yes
87785 57337 yes
68973 01095 yes
26342 08739 yes
71560 50959 yes
33707 45999 no
46495 10821 no
41229 12233 yes
11130 56906 yes
26880 10823 yes
39046 48827 yes
33776 65452 no
35686 85035 yes
79496 01451 no
59004 50959 no
36312 87518 yes
43782 78897 no
49336 22514 yes
02209 45866 yes
42227 39620 no
48945 03055 yes
32224 26733 no
11626 43020 yes
22514 87518 no
82342 45999 yes
67111 48827 no
75324 13944 yes
98031 48789 yes
36798 97514 no
66892 39046 yes
94764 12726 no
27283 20175 yes
10823 68577 no
44727 10823 no
95068 35671 yes
80011 66892 yes
86241 59000 no
95483 72901 no
30423 00550 no
61046 19641 no
79384 55124 no
66699 14019 yes
52270 34011 yes
55393 35290 no
85035 62388 yes
00550 67091 yes
37979 64975 no
27940 84720 yes
19856 26880 yes
04327 84498 yes
99771 20175 yes
63666 00129 yes
01071 31936 no
41107 39652 yes
71068 08943 no
86933 79496 yes
80011 07370 yes
36378 66892 yes
35242 69665 no
33125 11130 yes
32224 19911 no
39652 00550 no
01696 01696 yes
18283 01232 yes
90299 74835 yes
49941 09179 no
77671 52866 no
94764 33707 no
87709 55393 yes
77671 20523 yes
78383 12726 yes
81773 70971 yes
74267 74533 no
39620 08943 yes
09179 27283 yes
37216 35671 yes
35290 26856 no
48196 19856 no
10821 91963 no
05735 69407 no
98309 78554 no
63666 47308 yes
88613 08210 yes
65782 52323 yes
83549 58969 no
84950 10821 no
22489 53084 no
83549 10823 yes
12726 09179 yes
35671 27551 no
95348 98926 yes
69262 19911 no
26342 81867 yes
94764 01374 yes
67111 17809 no
08739 39652 yes
25088 90299 yes
35290 48789 no
33125 02209 yes
57337 47122 no
05735 18260 no
80581 76778 yes
24148 85035 yes
52866 65782 no
64818 71068 no
00550 02383 yes
44061 46495 yes
52270 47611 no
74835 95579 no
69665 82688 yes
71560 92933 no
15387 55388 yes
86118 11906 yes
35099 48827 no
65845 92975 no
95348 40489 no
86241 43879 no
37256 01696 yes
15792 47122 no
36312 71068 no
34011 56906 no
14418 66892 no
52270 44694 no
08569 12726 no
55393 35099 yes
19798 43050 no
93279 47611 yes
27283 79562 no
43782 05230 no
94897 80713 no
44727 08097 yes
28862 67882 no
67111 01352 no
94966 40489 no
40983 08739 yes
62388 59004 no
17809 92576 yes
82688 34861 no
52609 37979 no
02293 15792 yes
99771 78383 yes
53456 65727 yes
30361 31936 no
08569 43315 no
59757 95348 yes
34618 13944 yes
80581 65782 no
35099 82688 yes
67091 59757 no
End
