Graph
4416 8537
5699 5699
5167 9935
5112 9897
7706 4228
9393 2306
2122 2164
5699 5699
5955 4698
2650 9393
2677 2115
8260 8260
8735 7612
8045 4698
3931 7376
9935 8309
5374 9393
7376 8045
5112 5112
5941 5941
8309 6766
1304 5941
5112 2076
9712 5167
8537 8514
2122 2650
7586 2115
7586 8629
5699 2677
8537 7706
5167 9935
8629 5699
5699 9194
5699 2115
8537 4228
8537 8268
0802 5699
5454 0802
8514 7341
9935 7612
8045 4834
4228 4416
4698 5955
9393 2306
7706 7341
6766 5941
8514 4228
4416 8537
5955 8045
2122 2650
2677 2115
2650 5112
8268 7706
8537 8537
2306 2122
5374 2650
5454 7586
4228 8514
9194 7586
5955 3931
5167 8735
6766 6766
5699 2115
9897 2122
9935 9935
8260 7376
8260 7420
5167 5167
8260 3931
8268 4228
8309 4271
7612 4271
5112 2076
7111 3931
2076 2306
8629 0802
7612 1304
7612 6766
7586 0802
8537 8268
9393 9897
2076 9897
1304 4271
8735 5695
5941 7612
5112 2164
7586 2677
4228 8268
2076 2122
3931 3931
5699 5454
9897 9393
5454 9194
5374 2164
3931 7420
8309 5167
0802 9194
7586 2115
4416 4228
5112 9393
4228 8644
1304 5941
4834 8045
2306 9393
2164 9393
7111 8045
2076 2650
2650 9393
8260 4834
5112 2122
4834 3931
8644 4228
8629 7586
4271 8309
8735 1304
8735 4271
5374 9393
8268 4228
2306 5374
5941 4271
9393 2076
5454 2115
9393 5112
4416 8514
7706 8644
7376 5955
7111 5955
8644 7341
7586 5454
9194 2677
8045 5955
9393 5374
0802 9194
7420 7376
5699 0802
5699 0802
8268 8514
8268 4228
5955 4834
9897 2076
Queries
7341 8537
6766 4271
6766 8260
5112 5699
7341 7341
7376 7111
7586 4271
4228 9712
2122 4834
2677 4834
7612 7612
0802 2164
0802 8735
2164 6766
5167 2306
8644 2306
0802 5699
2164 8514
4416 8644
7612 2650
7341 5955
2677 2650
8537 8537
5112 9393
2677 2076
4416 4228
7341 2650
4834 0802
9393 4228
5955 4228
2076 2076
9712 7612
5699 7376
8629 8268
5112 5374
5699 5454
9712 6766
5112 2122
8629 2115
7706 7341
9897 9897
7376 6766
2076 8629
8629 0802
2122 2650
2677 7586
5699 4834
2164 2122
5955 2164
7420 7706
6766 8268
2122 2306
5454 7586
9194 9393
2164 8260
2677 2115
8309 8309
0802 9897
9393 2306
8629 5454
2076 2650
5699 9897
5454 2115
2076 2122
8735 5695
9897 5374
8260 3931
2650 2164
4416 8268
7706 2677
4834 7111
9712 2122
4416 8644
3931 4698
4416 4228
0802 5374
8309 6766
4834 5955
9897 5454
4416 4228
2115 5167
8268 8644
2122 5374
2115 9712
9194 0802
4228 5454
Thinking
start 9897 src 9897
9897 5112 src 9897
9897 2122 src 9897
9897 9393 src 9897
9897 2076 src 9897
5112 2650 src 9897
5112 2164 src 9897
2122 2306 src 9897
9393 5374 src 9897
start 5955 src 5955
5955 4698 src 5955
5955 8045 src 5955
5955 3931 src 5955
5955 7376 src 5955
5955 7111 src 5955
5955 4834 src 5955
3931 8260 src 5955
3931 7420 src 5955
start 9935 src 9935
9935 5167 src 9935
9935 8309 src 9935
9935 7612 src 9935
5167 9712 src 9935
5167 8735 src 9935
8309 6766 src 9935
8309 4271 src 9935
7612 1304 src 9935
7612 5941 src 9935
8735 5695 src 9935
start 7586 src 7586
7586 2115 src 7586
7586 8629 src 7586
7586 5454 src 7586
7586 9194 src 7586
7586 0802 src 7586
7586 2677 src 7586
2115 5699 src 7586
start 7341 src 7341
7341 8514 src 7341
7341 7706 src 7341
7341 8644 src 7341
8514 8537 src 7341
8514 4228 src 7341
8514 4416 src 7341
8514 8268 src 7341
Output
7341 8537 yes
6766 4271 yes
6766 8260 no
5112 5699 no
7341 7341 yes
7376 7111 yes
7586 4271 no
4228 9712 no
2122 4834 no
2677 4834 no
7612 7612 yes
0802 2164 no
0802 8735 no
2164 6766 no
5167 2306 no
8644 2306 no
0802 5699 yes
2164 8514 no
4416 8644 yes
7612 2650 no
7341 5955 no
2677 2650 no
8537 8537 yes
5112 9393 yes
2677 2076 no
4416 4228 yes
7341 2650 no
4834 0802 no
9393 4228 no
5955 4228 no
2076 2076 yes
9712 7612 yes
5699 7376 no
8629 8268 no
5112 5374 yes
5699 5454 yes
9712 6766 yes
5112 2122 yes
8629 2115 yes
7706 7341 yes
9897 9897 yes
7376 6766 no
2076 8629 no
8629 0802 yes
2122 2650 yes
2677 7586 yes
5699 4834 no
2164 2122 yes
5955 2164 no
7420 7706 no
6766 8268 no
2122 2306 yes
5454 7586 yes
9194 9393 no
2164 8260 no
2677 2115 yes
8309 8309 yes
0802 9897 no
9393 2306 yes
8629 5454 yes
2076 2650 yes
5699 9897 no
5454 2115 yes
2076 2122 yes
8735 5695 yes
9897 5374 yes
8260 3931 yes
2650 2164 yes
4416 8268 yes
7706 2677 no
4834 7111 yes
9712 2122 no
4416 8644 yes
3931 4698 yes
4416 4228 yes
0802 5374 no
8309 6766 yes
4834 5955 yes
9897 5454 no
4416 4228 yes
2115 5167 no
8268 8644 yes
2122 5374 yes
2115 9712 no
9194 0802 yes
4228 5454 no
End
