Graph
9354 9225
8593 9225
2220 2587
0000 8792
9171 2587
7680 9719
6445 8177
0317 6451
8792 9225
5398 7972
9719 2137
8593 2505
3455 5857
0000 5966
8792 4001
4632 2979
7760 6445
1277 6445
9021 9171
1914 9225
9021 4065
2979 1277
0000 4595
2979 6445
7972 0317
9225 7972
4065 2220
9354 3865
9719 2918
1413 4639
6623 4826
5398 8593
8192 0317
7458 3455
4760 5395
1277 8284
6445 4760
4001 8192
5966 3865
9225 6451
5395 4065
8284 4760
5857 2220
4632 2979
8192 6623
9225 4826
3481 9021
3640 4786
8792 6451
2505 6623
6445 2918
7760 9719
9171 2137
9225 4001
5398 9354
6093 1277
1413 5395
7458 1277
2505 0317
8593 1643
2220 7760
1277 9021
5857 1413
4632 4639
9719 7458
3455 4065
8593 6623
6623 7972
2562 5966
2587 9719
4595 4826
9354 7972
7944 0000
9225 6451
8192 8192
4760 6093
8192 3640
6301 8192
4065 2137
1914 0317
4632 4639
4786 4001
9354 4786
1914 3640
8177 2137
2979 9719
3730 6623
4760 4639
5966 9225
8192 9354
3481 5857
4826 4001
4065 7760
6093 7458
2562 2505
1277 4065
0317 8593
1413 7458
5395 6445
Queries
4760 2505
2587 7760
2979 1643
0000 9171
7680 8593
6623 2137
7680 6445
8284 5395
6301 9354
5857 1643
3481 2220
4760 9021
7760 9354
6623 2918
9225 9354
7944 3455
4786 8192
1413 3455
7458 6623
3481 4760
9021 6623
2137 4595
4595 8177
0000 2979
3640 2137
7944 3730
3481 4065
7972 6093
8284 3455
2137 7760
8192 2587
4639 9171
7458 6451
1277 8593
9225 2918
9021 8792
3730 8177
6301 0000
6301 9354
4065 1643
4001 2562
2505 5398
9354 4826
9719 6451
8177 9171
9719 4632
8284 2137
2979 5395
4826 8284
9225 6623
7972 6623
3730 3640
4065 3455
1643 7760
7760 3455
5966 7458
6445 8593
3481 4632
4632 2562
6301 6451
9719 9354
3481 6301
4639 3455
6093 7944
0000 2505
9354 9021
8192 5857
6623 7760
1643 7760
4786 9354
2918 2220
9719 8593
2220 3730
6623 7972
6445 2587
3455 7680
8192 7458
2587 8792
3455 6093
2220 1413
7458 5398
7944 0000
7680 4065
8192 4760
4001 2137
8792 8192
Thinking
start 6445 src 6445
6445 8177 src 6445
6445 7760 src 6445
6445 1277 src 6445
6445 2979 src 6445
6445 4760 src 6445
6445 2918 src 6445
6445 5395 src 6445
8177 2137 src 6445
7760 9719 src 6445
7760 2220 src 6445
7760 4065 src 6445
1277 8284 src 6445
1277 6093 src 6445
1277 7458 src 6445
1277 9021 src 6445
2979 4632 src 6445
4760 4639 src 6445
5395 1413 src 6445
2137 9171 src 6445
9719 7680 src 6445
9719 2587 src 6445
2220 5857 src 6445
4065 3455 src 6445
9021 3481 src 6445
start 9225 src 9225
9225 9354 src 9225
9225 8593 src 9225
9225 8792 src 9225
9225 1914 src 9225
9225 7972 src 9225
9225 6451 src 9225
9225 4826 src 9225
9225 4001 src 9225
9225 5966 src 9225
9354 3865 src 9225
9354 5398 src 9225
9354 4786 src 9225
9354 8192 src 9225
8593 2505 src 9225
8593 1643 src 9225
8593 6623 src 9225
8593 0317 src 9225
8792 0000 src 9225
1914 3640 src 9225
4826 4595 src 9225
5966 2562 src 9225
8192 6301 src 9225
6623 3730 src 9225
0000 7944 src 9225
Output
4760 2505 no
2587 7760 yes
2979 1643 no
0000 9171 no
7680 8593 no
6623 2137 no
7680 6445 yes
8284 5395 yes
6301 9354 yes
5857 1643 no
3481 2220 yes
4760 9021 yes
7760 9354 no
6623 2918 no
9225 9354 yes
7944 3455 no
4786 8192 yes
1413 3455 yes
7458 6623 no
3481 4760 yes
9021 6623 no
2137 4595 no
4595 8177 no
0000 2979 no
3640 2137 no
7944 3730 yes
3481 4065 yes
7972 6093 no
8284 3455 yes
2137 7760 yes
8192 2587 no
4639 9171 yes
7458 6451 no
1277 8593 no
9225 2918 no
9021 8792 no
3730 8177 no
6301 0000 yes
6301 9354 yes
4065 1643 no
4001 2562 yes
2505 5398 yes
9354 4826 yes
9719 6451 no
8177 9171 yes
9719 4632 yes
8284 2137 yes
2979 5395 yes
4826 8284 no
9225 6623 yes
7972 6623 yes
3730 3640 yes
4065 3455 yes
1643 7760 no
7760 3455 yes
5966 7458 no
6445 8593 no
3481 4632 yes
4632 2562 no
6301 6451 yes
9719 9354 no
3481 6301 no
4639 3455 yes
6093 7944 no
0000 2505 yes
9354 9021 no
8192 5857 no
6623 7760 no
1643 7760 no
4786 9354 yes
2918 2220 yes
9719 8593 no
2220 3730 no
6623 7972 yes
6445 2587 yes
3455 7680 yes
8192 7458 no
2587 8792 no
3455 6093 yes
2220 1413 yes
7458 5398 no
7944 0000 yes
7680 4065 yes
8192 4760 no
4001 2137 no
8792 8192 yes
End
