Graph
7180 7279
9483 5385
0559 6622
6759 7180
6423 5332
8155 7358
2334 2334
2435 7463
0782 7279
0782 7308
6876 7325
5050 5332
3971 3521
7180 7180
6876 7358
9562 2334
1483 1452
1452 0157
4510 4510
0559 3521
0509 3947
3485 3971
7325 8155
9483 5385
8331 6622
8155 6423
3971 3485
1991 9070
0559 3771
1991 6622
4027 6622
0618 0509
8254 1991
7325 6423
5225 7308
4510 7325
3521 6622
7324 7324
2435 9562
6876 0219
3947 2435
2334 0618
1218 8331
6423 5332
0559 3771
9483 0157
7358 7358
7279 3516
3947 9217
7358 6423
7324 8155
4187 4187
3771 1991
7325 7358
7180 4644
3971 8254
8331 3771
4027 8254
3521 4027
6064 7463
3947 9217
3521 4027
0559 1991
3971 1991
3771 3971
3516 5385
5385 7279
2435 0509
3485 1218
5050 6876
0782 7180
7324 4510
0618 6064
8331 3485
7308 9483
8155 6423
7308 3516
3971 8254
4644 3243
0219 8155
0509 0509
9483 5225
0559 6622
3798 8155
4187 4187
1991 8331
9217 0618
6064 9217
6876 6423
9217 0618
5050 7325
6064 0509
7358 4510
7463 3947
3243 1483
3971 4187
3971 1218
7463 7463
0782 6759
8331 3971
8155 0219
3798 8155
7463 9562
1218 8254
6423 8155
3516 4644
1483 6759
9217 2435
5385 1483
7325 3798
6064 2334
6423 7324
9070 1991
0509 2435
9562 6064
3771 8254
4644 6759
6622 4027
9483 1452
8155 5332
3516 1483
4644 0782
6759 5225
Queries
9562 9562
3516 9483
8254 3521
0509 3485
6423 4187
9070 3798
9562 0509
8254 1218
3971 7308
8155 0618
7180 7180
8331 2334
5385 5225
2435 4187
4027 3798
0618 2435
9217 6064
6622 1991
3516 6622
7308 7180
2435 4187
1991 0559
9217 1483
5332 7358
7463 0509
0559 3521
2334 3485
0618 4187
7279 4027
6622 9070
3947 6876
3947 3798
2334 7358
8254 4644
0559 1218
0782 3243
6423 5332
8254 5385
9562 4510
9217 0618
3485 0559
2435 2334
3243 0782
7180 7308
2435 3947
2435 2334
3771 0559
0782 7180
4027 1218
7279 7324
6423 0219
6423 5332
6622 0559
6622 7324
3798 6876
0618 0618
4187 9217
3798 4644
9217 0618
9217 5385
6423 1991
8155 4644
1483 5332
7180 3243
7358 6423
9070 9562
7463 0509
9562 9217
7308 7308
6759 0157
3947 9562
5050 4510
0157 6064
4510 1483
0559 5332
1991 8254
9217 8331
1452 5332
9070 9483
0618 7463
5332 6876
3947 3516
9483 4027
3947 3798
3798 6423
7308 1483
4510 3485
6423 3771
9070 7180
4027 7325
9483 9483
6876 2435
0782 9070
Thinking
start 1483 src 1483
1483 1452 src 1483
1483 3243 src 1483
1483 6759 src 1483
1483 5385 src 1483
1483 3516 src 1483
1452 0157 src 1483
1452 9483 src 1483
3243 4644 src 1483
6759 7180 src 1483
6759 0782 src 1483
6759 5225 src 1483
5385 7279 src 1483
3516 7308 src 1483
start 0618 src 0618
0618 0509 src 0618
0618 2334 src 0618
0618 6064 src 0618
0618 9217 src 0618
0509 3947 src 0618
0509 2435 src 0618
2334 9562 src 0618
6064 7463 src 0618
start 0559 src 0559
0559 6622 src 0559
0559 3521 src 0559
0559 3771 src 0559
0559 1991 src 0559
6622 8331 src 0559
6622 4027 src 0559
3521 3971 src 0559
3771 8254 src 0559
1991 9070 src 0559
8331 1218 src 0559
8331 3485 src 0559
3971 4187 src 0559
start 3798 src 3798
3798 8155 src 3798
3798 7325 src 3798
8155 7358 src 3798
8155 6423 src 3798
8155 7324 src 3798
8155 0219 src 3798
8155 5332 src 3798
7325 6876 src 3798
7325 4510 src 3798
7325 5050 src 3798
Output
9562 9562 yes
3516 9483 yes
8254 3521 yes
0509 3485 no
6423 4187 no
9070 3798 no
9562 0509 yes
8254 1218 yes
3971 7308 no
8155 0618 no
7180 7180 yes
8331 2334 no
5385 5225 yes
2435 4187 no
4027 3798 no
0618 2435 yes
9217 6064 yes
6622 1991 yes
3516 6622 no
7308 7180 yes
2435 4187 no
1991 0559 yes
9217 1483 no
5332 7358 yes
7463 0509 yes
0559 3521 yes
2334 3485 no
0618 4187 no
7279 4027 no
6622 9070 yes
3947 6876 no
3947 3798 no
2334 7358 no
8254 4644 no
0559 1218 yes
0782 3243 yes
6423 5332 yes
8254 5385 no
9562 4510 no
9217 0618 yes
3485 0559 yes
2435 2334 yes
3243 0782 yes
7180 7308 yes
2435 3947 yes
2435 2334 yes
3771 0559 yes
0782 7180 yes
4027 1218 yes
7279 7324 no
6423 0219 yes
6423 5332 yes
6622 0559 yes
6622 7324 no
3798 6876 yes
0618 0618 yes
4187 9217 no
3798 4644 no
9217 0618 yes
9217 5385 no
6423 1991 no
8155 4644 no
1483 5332 no
7180 3243 yes
7358 6423 yes
9070 9562 no
7463 0509 yes
9562 9217 yes
7308 7308 yes
6759 0157 yes
3947 9562 yes
5050 4510 yes
0157 6064 no
4510 1483 no
0559 5332 no
1991 8254 yes
9217 8331 no
1452 5332 no
9070 9483 no
0618 7463 yes
5332 6876 yes
3947 3516 no
9483 4027 no
3947 3798 no
3798 6423 yes
7308 1483 yes
4510 3485 no
6423 3771 no
9070 7180 no
4027 7325 no
9483 9483 yes
6876 2435 no
0782 9070 no
End
