Graph
63564 88579
21047 21121
70507 48900
08421 69274
13219 11996
07042 36070
63172 86074
28991 97699
70783 39640
93401 36070
41773 16406
33629 40365
67111 07042
89504 59388
29090 90568
76827 08421
01187 45157
82097 93980
76447 18337
88857 45063
81561 85525
63564 04088
07661 01012
13272 69274
36134 85525
36070 41177
18337 42987
45063 67847
41773 55029
53195 08220
76447 97699
25467 50876
36778 36939
32891 86853
21121 56827
23741 42424
78196 25873
85189 26208
26208 85105
93376 95044
66625 66263
85038 48208
11996 70507
12046 47330
81561 96135
81268 47330
89504 53290
85525 96135
94094 93502
58785 88579
87798 42424
13147 67111
63172 03501
80118 65246
58482 95044
02264 89504
45390 13272
04088 84236
52098 95155
89084 14356
69414 18337
57216 45157
84892 66263
13385 19432
06722 42987
69274 97699
70048 31869
80696 58339
06681 07042
60335 05171
40514 35925
50876 31869
82097 04088
28437 80696
71144 29090
82497 35896
45390 75872
06681 03501
91934 01012
89579 38783
41479 74130
17585 67895
70062 48653
55029 46606
96135 28991
50077 66263
41773 09494
76447 06722
97699 74570
48208 67041
18337 81561
61107 39640
67895 83092
76827 93412
03501 27021
84892 41773
58482 05171
71144 59402
69414 69414
82497 08421
58482 80696
98643 12046
91934 01012
18337 96329
89504 13272
40365 08220
76447 93412
06722 89087
48900 18337
93980 26208
46606 25649
14081 81268
65246 48653
15641 85119
56923 08459
35386 63564
63172 36778
81310 68805
69414 89084
36315 63955
33629 64569
80696 47330
83218 45390
80696 08220
86853 24035
48900 28991
35386 31869
12046 41301
97867 43305
60335 33629
07661 47330
61107 03501
53557 21575
97867 52002
89900 86074
97372 49552
70062 50514
08421 35896
03501 13147
36975 31602
35896 53290
85119 40365
85105 48906
75651 84892
07042 13147
60271 35386
36315 03501
65246 25873
07661 45157
11086 88579
48208 58785
32098 53557
74130 09494
45063 55029
53195 85189
02261 45390
78196 64718
36939 94094
73922 87798
17585 83092
38783 73922
65246 95044
12669 67111
15641 70048
61059 94424
29247 36955
32891 82097
95155 94424
57216 47330
39640 36955
32098 52098
56197 54901
28991 42987
66263 35925
60335 28437
89087 92065
93412 85525
58482 85189
93401 23741
58339 91934
53557 63132
25873 25873
32098 14356
83092 95679
14081 28437
89579 55029
21121 41773
41301 58785
58480 25649
93401 73922
01187 25873
56197 87376
14356 13219
89504 82497
71525 90568
76447 13219
58339 13385
43305 75872
76827 70442
94094 86074
08459 50514
78076 85038
63955 29247
08421 63132
41773 42788
35925 55029
42424 06681
97372 78076
36778 36939
13147 87798
04088 80696
80033 35925
26208 49552
01012 80696
42424 58480
63172 35925
83218 70507
50077 63172
24035 67041
92065 85629
64718 80696
90568 06642
69274 69274
96135 22881
08459 31869
55029 50077
97867 48900
69656 82497
11996 13219
76447 68805
36975 41773
09494 86074
17585 15438
65246 45157
63633 32012
75651 89900
42987 83218
18724 18337
66263 29247
43782 52002
16406 54901
85525 52002
91686 31869
70048 93376
57438 70062
14356 81310
80696 67895
35386 85189
56827 07042
24035 95044
39640 12669
56923 93376
35386 14081
60271 63564
06681 35925
75872 08421
21047 35925
14081 93376
34207 53195
58785 70048
36955 63701
66625 80033
55029 39640
87693 34207
12669 67111
46430 53290
56197 42788
63633 10933
96135 83218
74570 52002
47330 25467
39640 89900
58785 40365
14081 93980
45390 76447
48900 61059
60271 07661
10933 32012
41177 41773
40514 51503
58482 78076
11086 85189
87540 80696
21121 16406
31602 41479
48208 17585
66625 21121
41177 27021
70013 92065
63172 56827
95044 26208
92065 92158
66625 66263
80118 98643
85038 31869
14081 58785
93401 03501
79375 81310
94424 52098
48208 56923
17585 53195
87798 16407
08220 93376
25649 74130
10933 27021
70062 65246
87693 26208
84236 01187
36134 59388
97699 46430
24035 14081
82097 86853
12669 55029
76447 52002
16407 03501
87693 59549
59388 52002
13385 85189
35925 54901
95044 86853
48900 69274
18337 14356
24035 86853
03501 70783
89504 59402
89579 63701
08421 02264
10348 39640
93401 06681
94094 84892
87693 95044
96329 06642
63633 51503
75872 32098
01012 81268
89087 57431
46430 18337
94094 35925
63564 86853
85038 98643
27021 61107
78076 64569
80033 93502
92253 57216
80696 48906
09494 29247
41773 31602
74130 42788
87798 13147
89084 21575
54901 93502
83218 36134
67847 56197
10348 36939
32098 59961
85105 84236
40365 70062
15641 95679
63132 52002
06681 58480
45390 95155
94094 88857
63172 10348
84892 36315
25649 75651
85038 98643
Queries
67895 88579
13147 35925
71525 06722
60335 88579
01012 49552
82097 70062
54901 95679
25873 59402
08421 32098
01187 97372
42788 63172
78076 45063
67111 45063
11086 13147
25649 63172
12046 21047
76447 53195
80033 36134
19432 40365
80033 46606
32098 13385
28991 28991
84892 40514
05171 28991
12669 68805
52098 63633
06722 13272
28437 32891
59549 53290
89504 97867
63955 79375
63172 41479
63172 32012
13272 87693
04088 45063
21121 67111
56923 83218
70442 90568
51503 63701
94424 60271
48208 67111
86853 75651
07042 50514
59549 35386
88579 18724
15641 86853
43782 83218
14081 13272
40514 21047
29247 80033
63955 82497
95155 40514
06722 95155
88579 84236
08421 85629
42424 70783
83218 81310
40514 32012
86853 56923
25649 25873
71144 29090
70048 52098
85629 55029
28437 70013
85119 97699
28991 43782
96329 25649
71525 85629
87540 40365
81310 69656
41773 32012
67041 56197
36315 19432
02264 58785
71144 78196
08220 13385
08459 73922
19432 36975
91686 80118
63132 46430
25649 27021
36134 21575
63172 63955
50514 31869
71525 88857
35925 84892
59549 95044
67041 49552
42788 97867
05171 87693
64569 50514
89504 32891
32891 54901
71144 81561
32098 78076
56197 91686
49552 54901
70507 13147
25467 57438
69274 25873
36955 89900
50876 16407
63132 70013
36939 94094
25873 76827
64569 60271
32891 91686
73922 15641
87798 89579
68805 25649
35925 78076
36975 86853
32098 67041
18337 06722
71525 36134
85189 67847
32098 10348
59388 85038
70013 14081
18337 93401
45063 67895
36134 56827
32098 46430
56827 67041
21047 18337
12046 17585
41479 87540
25467 17585
12669 95155
06722 52002
23741 86853
97867 96135
35925 21575
55029 93401
67111 60271
60271 87693
63132 71144
87798 35925
24035 17585
96135 70442
14356 02261
23741 95044
31602 12046
56197 09494
31869 88579
48906 93980
31602 91934
29247 85629
89084 85119
59961 08459
76447 97867
76447 73922
45063 87376
58482 41773
96135 82097
53290 13219
85038 50514
46430 61107
35386 50876
16407 67111
58785 15438
32891 58785
53557 57431
96135 21575
52098 39640
70048 97372
73922 48906
42987 11996
53195 59961
15641 42987
41479 63564
36955 68805
78076 93412
80696 07661
25467 22881
63132 64569
06642 09494
58482 45063
93401 16407
15438 11086
36315 96135
64718 76447
40365 89579
58480 85038
08220 18337
29247 36939
96135 57438
08421 92158
24035 67847
21047 07042
53290 55029
42424 93980
56923 64569
01187 56923
08459 83218
61107 01187
52002 11996
05171 54901
26208 87540
08421 11086
16406 32012
94424 35386
93412 13219
93401 90568
93401 94094
48900 46430
93980 89087
63955 74130
74570 97867
18724 53290
51503 82097
39640 85105
52098 59549
63701 66625
01187 01187
60335 96135
32891 25467
32098 94424
53557 85119
75872 59549
50077 88579
22881 80118
19432 58339
55029 97699
36975 12669
21575 51503
82497 79375
59961 02264
14081 93980
64718 81310
71144 85629
70048 93376
48208 50077
14081 53195
10933 21047
87693 58785
07042 41177
56923 91686
70048 31869
84892 69656
70442 67895
07042 66625
19432 29090
48653 93502
94094 51503
42424 58480
46606 10933
63132 76827
95044 85105
15641 35386
32098 12669
Thinking
start 80696 src 80696
80696 58339 src 80696
80696 28437 src 80696
80696 58482 src 80696
80696 47330 src 80696
80696 08220 src 80696
80696 04088 src 80696
80696 01012 src 80696
80696 64718 src 80696
80696 67895 src 80696
80696 87540 src 80696
80696 48906 src 80696
58339 91934 src 80696
58339 13385 src 80696
28437 60335 src 80696
28437 14081 src 80696
58482 95044 src 80696
58482 05171 src 80696
58482 85189 src 80696
58482 78076 src 80696
47330 12046 src 80696
47330 81268 src 80696
47330 07661 src 80696
47330 57216 src 80696
47330 25467 src 80696
08220 53195 src 80696
08220 40365 src 80696
08220 93376 src 80696
04088 63564 src 80696
04088 84236 src 80696
04088 82097 src 80696
64718 78196 src 80696
67895 17585 src 80696
67895 83092 src 80696
48906 85105 src 80696
13385 19432 src 80696
60335 33629 src 80696
14081 35386 src 80696
14081 93980 src 80696
14081 58785 src 80696
14081 24035 src 80696
95044 65246 src 80696
95044 26208 src 80696
95044 86853 src 80696
95044 87693 src 80696
85189 11086 src 80696
78076 85038 src 80696
78076 97372 src 80696
78076 64569 src 80696
12046 98643 src 80696
12046 41301 src 80696
07661 45157 src 80696
07661 60271 src 80696
57216 92253 src 80696
25467 50876 src 80696
53195 34207 src 80696
40365 85119 src 80696
40365 70062 src 80696
93376 70048 src 80696
93376 56923 src 80696
63564 88579 src 80696
84236 01187 src 80696
82097 32891 src 80696
78196 25873 src 80696
17585 15438 src 80696
17585 48208 src 80696
83092 95679 src 80696
35386 31869 src 80696
24035 67041 src 80696
65246 80118 src 80696
65246 48653 src 80696
26208 49552 src 80696
87693 59549 src 80696
85119 15641 src 80696
70062 50514 src 80696
70062 57438 src 80696
56923 08459 src 80696
31869 91686 src 80696
start 94094 src 94094
94094 93502 src 94094
94094 36939 src 94094
94094 86074 src 94094
94094 84892 src 94094
94094 35925 src 94094
94094 88857 src 94094
93502 80033 src 94094
93502 54901 src 94094
36939 36778 src 94094
36939 10348 src 94094
86074 63172 src 94094
86074 89900 src 94094
86074 09494 src 94094
84892 66263 src 94094
84892 41773 src 94094
84892 75651 src 94094
84892 36315 src 94094
35925 40514 src 94094
35925 55029 src 94094
35925 06681 src 94094
35925 21047 src 94094
88857 45063 src 94094
80033 66625 src 94094
54901 56197 src 94094
54901 16406 src 94094
10348 39640 src 94094
63172 03501 src 94094
63172 50077 src 94094
63172 56827 src 94094
09494 74130 src 94094
09494 29247 src 94094
41773 21121 src 94094
41773 42788 src 94094
41773 36975 src 94094
41773 41177 src 94094
41773 31602 src 94094
75651 25649 src 94094
36315 63955 src 94094
40514 51503 src 94094
55029 46606 src 94094
55029 89579 src 94094
55029 12669 src 94094
06681 07042 src 94094
06681 42424 src 94094
06681 93401 src 94094
06681 58480 src 94094
45063 67847 src 94094
56197 87376 src 94094
39640 70783 src 94094
39640 61107 src 94094
39640 36955 src 94094
03501 27021 src 94094
03501 13147 src 94094
03501 16407 src 94094
74130 41479 src 94094
41177 36070 src 94094
51503 63633 src 94094
89579 38783 src 94094
89579 63701 src 94094
12669 67111 src 94094
42424 23741 src 94094
42424 87798 src 94094
93401 73922 src 94094
27021 10933 src 94094
63633 32012 src 94094
start 06722 src 06722
06722 42987 src 06722
06722 76447 src 06722
06722 89087 src 06722
42987 18337 src 06722
42987 28991 src 06722
42987 83218 src 06722
76447 97699 src 06722
76447 93412 src 06722
76447 13219 src 06722
76447 68805 src 06722
76447 45390 src 06722
76447 52002 src 06722
89087 92065 src 06722
89087 57431 src 06722
18337 69414 src 06722
18337 81561 src 06722
18337 96329 src 06722
18337 48900 src 06722
18337 18724 src 06722
18337 14356 src 06722
18337 46430 src 06722
28991 96135 src 06722
83218 70507 src 06722
83218 36134 src 06722
97699 69274 src 06722
97699 74570 src 06722
93412 76827 src 06722
93412 85525 src 06722
13219 11996 src 06722
68805 81310 src 06722
45390 13272 src 06722
45390 75872 src 06722
45390 02261 src 06722
45390 95155 src 06722
52002 97867 src 06722
52002 43782 src 06722
52002 59388 src 06722
52002 63132 src 06722
92065 85629 src 06722
92065 70013 src 06722
92065 92158 src 06722
69414 89084 src 06722
96329 06642 src 06722
48900 61059 src 06722
14356 32098 src 06722
46430 53290 src 06722
96135 22881 src 06722
69274 08421 src 06722
76827 70442 src 06722
81310 79375 src 06722
13272 89504 src 06722
75872 43305 src 06722
95155 52098 src 06722
95155 94424 src 06722
63132 53557 src 06722
89084 21575 src 06722
06642 90568 src 06722
32098 59961 src 06722
53290 35896 src 06722
08421 82497 src 06722
08421 02264 src 06722
89504 59402 src 06722
90568 29090 src 06722
90568 71525 src 06722
82497 69656 src 06722
59402 71144 src 06722
Output
67895 88579 yes
13147 35925 yes
71525 06722 yes
60335 88579 yes
01012 49552 yes
82097 70062 yes
54901 95679 no
25873 59402 no
08421 32098 yes
01187 97372 yes
42788 63172 yes
78076 45063 no
67111 45063 yes
11086 13147 no
25649 63172 yes
12046 21047 no
76447 53195 no
80033 36134 no
19432 40365 yes
80033 46606 yes
32098 13385 no
28991 28991 yes
84892 40514 yes
05171 28991 no
12669 68805 no
52098 63633 no
06722 13272 yes
28437 32891 yes
59549 53290 no
89504 97867 yes
63955 79375 no
63172 41479 yes
63172 32012 yes
13272 87693 no
04088 45063 no
21121 67111 yes
56923 83218 no
70442 90568 yes
51503 63701 yes
94424 60271 no
48208 67111 no
86853 75651 no
07042 50514 no
59549 35386 yes
88579 18724 no
15641 86853 yes
43782 83218 yes
14081 13272 no
40514 21047 yes
29247 80033 yes
63955 82497 no
95155 40514 no
06722 95155 yes
88579 84236 yes
08421 85629 yes
42424 70783 yes
83218 81310 yes
40514 32012 yes
86853 56923 yes
25649 25873 no
71144 29090 yes
70048 52098 no
85629 55029 no
28437 70013 no
85119 97699 no
28991 43782 yes
96329 25649 no
71525 85629 yes
87540 40365 yes
81310 69656 yes
41773 32012 yes
67041 56197 no
36315 19432 no
02264 58785 no
71144 78196 no
08220 13385 yes
08459 73922 no
19432 36975 no
91686 80118 yes
63132 46430 yes
25649 27021 yes
36134 21575 yes
63172 63955 yes
50514 31869 yes
71525 88857 no
35925 84892 yes
59549 95044 yes
67041 49552 yes
42788 97867 no
05171 87693 yes
64569 50514 yes
89504 32891 no
32891 54901 no
71144 81561 yes
32098 78076 no
56197 91686 no
49552 54901 no
70507 13147 no
25467 57438 yes
69274 25873 no
36955 89900 yes
50876 16407 no
63132 70013 yes
36939 94094 yes
25873 76827 no
64569 60271 yes
32891 91686 yes
73922 15641 no
87798 89579 yes
68805 25649 no
35925 78076 no
36975 86853 no
32098 67041 no
18337 06722 yes
71525 36134 yes
85189 67847 no
32098 10348 no
59388 85038 no
70013 14081 no
18337 93401 no
45063 67895 no
36134 56827 no
32098 46430 yes
56827 67041 no
21047 18337 no
12046 17585 yes
41479 87540 no
25467 17585 yes
12669 95155 no
06722 52002 yes
23741 86853 no
97867 96135 yes
35925 21575 no
55029 93401 yes
67111 60271 no
60271 87693 yes
63132 71144 yes
87798 35925 yes
24035 17585 yes
96135 70442 yes
14356 02261 yes
23741 95044 no
31602 12046 no
56197 09494 yes
31869 88579 yes
48906 93980 yes
31602 91934 no
29247 85629 no
89084 85119 no
59961 08459 no
76447 97867 yes
76447 73922 no
45063 87376 yes
58482 41773 no
96135 82097 no
53290 13219 yes
85038 50514 yes
46430 61107 no
35386 50876 yes
16407 67111 yes
58785 15438 yes
32891 58785 yes
53557 57431 yes
96135 21575 yes
52098 39640 no
70048 97372 yes
73922 48906 no
42987 11996 yes
53195 59961 no
15641 42987 no
41479 63564 no
36955 68805 no
78076 93412 no
80696 07661 yes
25467 22881 no
63132 64569 no
06642 09494 no
58482 45063 no
93401 16407 yes
15438 11086 yes
36315 96135 no
64718 76447 no
40365 89579 no
58480 85038 no
08220 18337 no
29247 36939 yes
96135 57438 no
08421 92158 yes
24035 67847 no
21047 07042 yes
53290 55029 no
42424 93980 no
56923 64569 yes
01187 56923 yes
08459 83218 no
61107 01187 no
52002 11996 yes
05171 54901 no
26208 87540 yes
08421 11086 no
16406 32012 yes
94424 35386 no
93412 13219 yes
93401 90568 no
93401 94094 yes
48900 46430 yes
93980 89087 no
63955 74130 yes
74570 97867 yes
18724 53290 yes
51503 82097 no
39640 85105 no
52098 59549 no
63701 66625 yes
01187 01187 yes
60335 96135 no
32891 25467 yes
32098 94424 yes
53557 85119 no
75872 59549 no
50077 88579 no
22881 80118 no
19432 58339 yes
55029 97699 no
36975 12669 yes
21575 51503 no
82497 79375 yes
59961 02264 yes
14081 93980 yes
64718 81310 no
71144 85629 yes
70048 93376 yes
48208 50077 no
14081 53195 yes
10933 21047 yes
87693 58785 yes
07042 41177 yes
56923 91686 yes
70048 31869 yes
84892 69656 no
70442 67895 no
07042 66625 yes
19432 29090 no
48653 93502 no
94094 51503 yes
42424 58480 yes
46606 10933 yes
63132 76827 yes
95044 85105 yes
15641 35386 yes
32098 12669 no
End
