Graph
89497 99052
21349 48804
61148 48804
74925 65384
70486 68335
83562 13466
95015 13466
05318 39321
83428 98176
33655 98730
94644 33560
85012 09460
34685 54310
09693 23201
13088 30845
88849 61108
77593 12542
06066 61834
84557 41569
28347 59666
40885 93871
34091 59666
77593 61343
24011 45528
20471 99737
08071 59258
59666 48365
72940 40508
04390 85012
37987 31904
47959 37715
75116 57974
27892 71084
04390 32172
61834 12312
05318 93440
04390 51215
33570 45528
33560 32729
93242 29264
34685 98730
36043 23244
90851 61343
72940 68154
94644 54310
48804 44562
86919 51167
61148 20471
18825 57567
12542 57567
18825 54096
16948 75981
59258 08847
61834 65852
21766 74925
47959 71084
37987 56674
90851 36043
39321 48775
21349 16948
21349 78466
42986 52996
56447 80280
23201 32611
12312 70023
32729 63716
93242 34091
59666 93854
31904 71502
34091 64603
92354 37987
00818 40774
72855 03176
21270 61834
28698 73314
53609 08071
68506 34091
34685 47959
78466 51167
45458 40508
12312 09693
87212 39321
53609 00818
65852 06066
12707 28883
06310 95015
98730 73753
98176 63274
52996 30845
96305 77517
96091 85012
71084 83562
92167 95015
75269 81756
39268 98176
84683 81141
33993 73182
39163 91224
04390 71502
97948 44562
73753 32729
89497 80280
45819 13466
42632 51676
61108 87212
82923 79686
00941 80280
78466 68154
63274 45458
77517 77517
93242 70023
46537 51383
45819 82923
72923 37715
00067 16948
29264 05982
33993 73753
91450 92167
68154 92749
45834 65384
51167 33655
12744 83562
05706 51215
98176 59168
48775 40300
65748 28399
56447 73314
34091 57974
03176 28883
48365 28347
74925 05318
86919 27486
05706 61834
27507 40300
67896 97490
39321 75116
98730 41569
99052 21349
99052 97490
51383 67022
78466 12744
09460 12312
42986 86957
69225 09693
93854 77593
23201 09693
81756 65384
64848 57555
88554 88849
41569 63716
61343 21270
80763 87325
82923 06789
72923 69086
68154 06037
44562 39268
99052 98176
83428 82347
33996 23244
20471 26789
08847 08071
96944 78466
06310 84683
28819 72855
21766 90851
08033 40885
84557 46537
27486 34685
59666 64603
00067 24235
47959 19846
12707 05318
28698 87325
97948 30715
10288 39321
98730 32729
27486 61148
65852 72855
12744 47959
09693 69225
70486 82923
31904 77517
05318 09248
33655 84557
19846 69086
80763 95015
12312 61343
12744 95015
13466 95015
65655 24011
12744 92167
24011 93440
28347 05982
28883 93757
33993 68154
40885 98176
24011 28819
29264 39163
65852 55298
05982 86957
93871 92167
56447 68335
06310 46537
63716 63274
93757 77517
63274 89497
61343 77517
74925 20259
03176 12542
94644 48683
44562 28399
45834 61834
06066 53659
34685 98593
12312 10288
67896 59168
06789 81141
79686 67022
27892 59168
24011 88849
69086 93871
12542 28883
01074 73753
73005 84683
34091 09460
69086 26789
08071 85012
51167 99052
20259 64603
80734 06789
99743 21270
39511 12707
46176 10288
71084 00941
32172 21766
48804 32729
71502 57567
12707 75182
51215 74925
68335 24235
48804 16948
64603 53609
49555 72923
42986 93757
40774 08847
86919 69086
39163 33996
68154 28698
05982 67619
99052 40508
99737 37715
45834 33570
98730 51383
97490 72940
61108 77517
19846 68335
39511 50573
75269 75116
06310 16380
88554 12312
51215 64603
93440 96091
45819 46537
81828 22336
72855 20259
06789 59168
48804 73314
32908 33570
00067 73005
31904 74817
91224 09693
63716 89497
54310 80763
94644 27486
81141 40508
81141 64848
28347 53659
75182 48365
33993 67022
61108 00818
42986 69225
53659 92354
45528 50573
41378 26789
80763 46537
32611 86957
93854 23244
48775 23201
47959 27486
32908 92354
50573 30845
78466 75981
30845 57974
27507 54096
41569 73182
27507 93854
70023 30845
73753 80763
37363 72034
93242 21270
95015 98730
80763 16380
46176 18825
88849 34091
37987 64603
59666 55298
73005 98593
09693 28347
68335 81141
24011 77079
19846 28399
77517 39163
51383 40885
41378 98593
64603 75182
23244 30845
45458 22336
13466 84683
93757 85012
18825 64603
28399 48804
01074 96944
33993 32729
33993 97948
31904 23244
23244 65852
65655 40300
77079 88554
36043 12707
93242 65852
28883 05318
05318 61108
48804 45458
27892 34685
21349 42632
00941 82923
40885 39268
45458 00941
05706 50364
80280 49555
91224 74817
40508 65748
74817 72034
68506 53609
54096 39163
59666 61108
12707 57567
80763 05489
30715 64848
81828 84557
53609 72034
50573 39511
48804 80763
87325 51676
54310 92749
42632 24235
41569 69086
09460 72855
45458 67896
96091 21270
13466 32729
39268 80763
00818 77079
60309 48683
91450 08033
12744 79686
99215 27892
26789 73182
40300 90851
87325 65748
46176 59666
98176 26789
48775 33996
64778 12312
96091 32611
75182 10288
72855 04390
67619 29264
10288 00818
26789 93871
73182 56447
90851 10288
21270 31904
75269 64603
27892 56447
27507 39511
68335 24235
12744 98176
72940 69086
40885 92167
53609 71502
39268 72940
47959 87325
24011 31904
72923 13466
48804 32729
83562 61148
36043 32611
32172 37987
63274 30715
01074 59168
42632 28399
33560 06037
33570 61834
95015 68335
09248 96091
74925 28883
49555 59168
68506 64603
91450 37715
53659 40300
09460 77517
33655 65748
40885 82923
44562 21349
77593 59258
51383 13466
79686 00941
92354 37363
77593 57974
91450 15054
72923 16948
40774 34091
15054 59168
36043 93440
19846 57555
78466 97948
67022 73005
97948 54310
16948 57555
46176 05706
08847 12312
33993 60309
45458 91450
50364 00818
13088 33570
52996 93757
Queries
54096 85012
99052 68154
72940 39163
08033 99052
31904 75116
54096 24235
08847 06789
96944 45458
57555 99052
68335 29264
41569 16948
09248 32611
13466 75269
74925 45458
40885 87212
70486 28347
80763 84683
61343 33570
68154 05318
32611 51383
72923 27507
55298 87212
67022 45458
28399 39163
48775 70023
65384 21270
33560 75981
09460 83428
93854 00941
00941 41378
72034 77079
82923 21270
34091 81756
92749 91224
88554 00941
75116 70023
68335 23201
81756 99737
08033 98593
48775 39163
61343 28698
78466 59168
08033 60309
03176 28347
93242 71502
93440 75981
93854 54310
21766 50364
61108 34685
37715 48775
27486 45834
45528 65852
33655 64848
12542 81756
81141 93757
27892 31904
48683 29264
09693 77593
65384 73182
83562 51383
77517 06066
72940 33655
67619 39321
70486 29264
98176 67896
99743 74817
28347 40885
75981 33560
63274 12707
18825 45834
59666 39321
15054 96091
61148 93871
28399 99737
97490 92749
72923 45458
29264 51383
06066 69225
78466 24011
00818 23201
59666 59168
28399 51215
67896 27486
99215 97948
65655 91450
84557 48775
16948 63716
72940 46176
32908 88849
34685 12744
86957 86957
75182 99215
45834 59168
48683 81141
13088 94644
08847 99052
24011 64778
80734 16948
64603 82347
37715 31904
08071 30845
61108 21349
12312 13466
32611 16380
63716 81756
48804 18825
21270 82347
64603 70486
69225 05318
22336 60309
24011 39511
68506 99215
18825 50364
88554 20471
68506 45528
61343 33993
33993 27507
91450 83562
30845 41569
61343 13466
15054 80280
68506 64778
72940 08033
96091 22336
73314 95015
80763 27507
22336 60309
72923 72940
48804 12744
96091 70023
33996 09693
54096 80734
61343 28883
40774 21766
39163 54310
65655 33655
13088 03176
05489 61148
33993 63716
06066 77517
96091 68154
73182 96305
34091 29264
80280 56447
32908 37987
13088 63274
82923 74925
84683 48365
93440 57555
39163 72034
99743 88554
39268 93871
65852 10288
29264 64603
65655 16380
12744 47959
45528 77593
33570 68154
57555 48683
99052 41378
28698 23244
72034 06310
87212 72855
63716 54310
51215 08847
09248 57567
48683 87212
24235 99052
13466 73314
34091 05318
56447 06037
03176 20471
72855 16380
65852 45834
13466 00941
74817 88849
99215 88849
72034 85012
05706 42986
40300 28819
88849 81756
86957 92354
92749 39268
12744 75116
94644 93854
69086 75269
60309 57567
98730 26789
93871 94644
40508 16948
39321 81141
61108 56674
77517 27486
61148 63716
13466 20259
53659 06066
73005 08847
00818 90851
65748 86957
93757 39268
12312 45458
74925 37363
40885 99737
51215 90851
21270 73182
06037 57974
65384 33570
06066 21766
84557 99215
51676 87212
65852 97490
12744 70486
67022 68335
57974 48804
75269 10288
65852 72034
34091 36043
23244 88849
64778 00941
60309 34685
29264 59666
05489 99737
32729 20259
46176 61834
56447 59258
90851 40300
52996 72940
33655 93854
54310 79686
45819 16948
21270 80734
61148 81828
24011 65852
28347 74817
67022 64778
04390 26789
68154 40300
74925 91450
Thinking
start 33560 src 33560
33560 94644 src 33560
33560 32729 src 33560
33560 06037 src 33560
94644 54310 src 33560
94644 48683 src 33560
94644 27486 src 33560
32729 63716 src 33560
32729 73753 src 33560
32729 98730 src 33560
32729 48804 src 33560
32729 33993 src 33560
32729 13466 src 33560
06037 68154 src 33560
54310 34685 src 33560
54310 80763 src 33560
54310 92749 src 33560
54310 97948 src 33560
48683 60309 src 33560
27486 86919 src 33560
27486 61148 src 33560
27486 47959 src 33560
63716 41569 src 33560
63716 63274 src 33560
63716 89497 src 33560
73753 01074 src 33560
98730 33655 src 33560
98730 51383 src 33560
98730 95015 src 33560
48804 21349 src 33560
48804 44562 src 33560
48804 16948 src 33560
48804 73314 src 33560
48804 28399 src 33560
48804 45458 src 33560
33993 73182 src 33560
33993 67022 src 33560
13466 83562 src 33560
13466 45819 src 33560
13466 84683 src 33560
13466 72923 src 33560
68154 72940 src 33560
68154 78466 src 33560
68154 28698 src 33560
34685 98593 src 33560
34685 27892 src 33560
80763 87325 src 33560
80763 46537 src 33560
80763 16380 src 33560
80763 05489 src 33560
80763 39268 src 33560
97948 30715 src 33560
86919 51167 src 33560
86919 69086 src 33560
61148 20471 src 33560
47959 37715 src 33560
47959 71084 src 33560
47959 19846 src 33560
47959 12744 src 33560
41569 84557 src 33560
63274 98176 src 33560
89497 99052 src 33560
89497 80280 src 33560
01074 96944 src 33560
01074 59168 src 33560
33655 65748 src 33560
51383 40885 src 33560
95015 06310 src 33560
95015 92167 src 33560
95015 68335 src 33560
21349 42632 src 33560
16948 75981 src 33560
16948 00067 src 33560
16948 57555 src 33560
73314 56447 src 33560
45458 40508 src 33560
45458 22336 src 33560
45458 00941 src 33560
45458 67896 src 33560
45458 91450 src 33560
73182 26789 src 33560
67022 79686 src 33560
67022 73005 src 33560
45819 82923 src 33560
84683 81141 src 33560
72923 49555 src 33560
72940 97490 src 33560
98593 41378 src 33560
27892 99215 src 33560
87325 51676 src 33560
30715 64848 src 33560
69086 93871 src 33560
20471 99737 src 33560
84557 81828 src 33560
98176 83428 src 33560
59168 06789 src 33560
59168 15054 src 33560
40885 08033 src 33560
68335 70486 src 33560
68335 24235 src 33560
83428 82347 src 33560
06789 80734 src 33560
start 31904 src 31904
31904 37987 src 31904
31904 71502 src 31904
31904 77517 src 31904
31904 74817 src 31904
31904 23244 src 31904
31904 21270 src 31904
31904 24011 src 31904
37987 56674 src 31904
37987 92354 src 31904
37987 64603 src 31904
37987 32172 src 31904
71502 04390 src 31904
71502 57567 src 31904
71502 53609 src 31904
77517 96305 src 31904
77517 93757 src 31904
77517 61343 src 31904
77517 61108 src 31904
77517 39163 src 31904
77517 09460 src 31904
74817 91224 src 31904
74817 72034 src 31904
23244 36043 src 31904
23244 33996 src 31904
23244 93854 src 31904
23244 30845 src 31904
23244 65852 src 31904
21270 61834 src 31904
21270 99743 src 31904
21270 93242 src 31904
21270 96091 src 31904
24011 45528 src 31904
24011 65655 src 31904
24011 93440 src 31904
24011 28819 src 31904
24011 88849 src 31904
24011 77079 src 31904
92354 53659 src 31904
92354 32908 src 31904
92354 37363 src 31904
64603 34091 src 31904
64603 59666 src 31904
64603 20259 src 31904
64603 51215 src 31904
64603 75182 src 31904
64603 18825 src 31904
64603 75269 src 31904
64603 68506 src 31904
32172 21766 src 31904
04390 85012 src 31904
04390 72855 src 31904
57567 12542 src 31904
57567 12707 src 31904
53609 08071 src 31904
53609 00818 src 31904
93757 28883 src 31904
93757 42986 src 31904
93757 52996 src 31904
61343 77593 src 31904
61343 90851 src 31904
61343 12312 src 31904
61108 87212 src 31904
61108 05318 src 31904
39163 29264 src 31904
39163 54096 src 31904
91224 09693 src 31904
36043 32611 src 31904
33996 48775 src 31904
93854 27507 src 31904
30845 13088 src 31904
30845 50573 src 31904
30845 57974 src 31904
30845 70023 src 31904
65852 06066 src 31904
65852 55298 src 31904
61834 05706 src 31904
61834 45834 src 31904
61834 33570 src 31904
96091 09248 src 31904
65655 40300 src 31904
88849 88554 src 31904
53659 28347 src 31904
34091 40774 src 31904
59666 48365 src 31904
59666 46176 src 31904
20259 74925 src 31904
75182 10288 src 31904
75269 81756 src 31904
75269 75116 src 31904
72855 03176 src 31904
12707 39511 src 31904
08071 59258 src 31904
08071 08847 src 31904
00818 50364 src 31904
42986 86957 src 31904
42986 69225 src 31904
12312 64778 src 31904
87212 39321 src 31904
29264 05982 src 31904
29264 67619 src 31904
09693 23201 src 31904
45834 65384 src 31904
Output
54096 85012 yes
99052 68154 yes
72940 39163 no
08033 99052 yes
31904 75116 yes
54096 24235 no
08847 06789 no
96944 45458 yes
57555 99052 yes
68335 29264 no
41569 16948 yes
09248 32611 yes
13466 75269 no
74925 45458 no
40885 87212 no
70486 28347 no
80763 84683 yes
61343 33570 yes
68154 05318 no
32611 51383 no
72923 27507 no
55298 87212 yes
67022 45458 yes
28399 39163 no
48775 70023 yes
65384 21270 yes
33560 75981 yes
09460 83428 no
93854 00941 no
00941 41378 yes
72034 77079 yes
82923 21270 no
34091 81756 yes
92749 91224 no
88554 00941 no
75116 70023 yes
68335 23201 no
81756 99737 no
08033 98593 yes
48775 39163 yes
61343 28698 no
78466 59168 yes
08033 60309 yes
03176 28347 yes
93242 71502 yes
93440 75981 no
93854 54310 no
21766 50364 yes
61108 34685 no
37715 48775 no
27486 45834 no
45528 65852 yes
33655 64848 yes
12542 81756 yes
81141 93757 no
27892 31904 no
48683 29264 no
09693 77593 yes
65384 73182 no
83562 51383 yes
77517 06066 yes
72940 33655 yes
67619 39321 yes
70486 29264 no
98176 67896 yes
99743 74817 yes
28347 40885 no
75981 33560 yes
63274 12707 no
18825 45834 yes
59666 39321 yes
15054 96091 no
61148 93871 yes
28399 99737 yes
97490 92749 yes
72923 45458 yes
29264 51383 no
06066 69225 yes
78466 24011 no
00818 23201 yes
59666 59168 no
28399 51215 no
67896 27486 yes
99215 97948 yes
65655 91450 no
84557 48775 no
16948 63716 yes
72940 46176 no
32908 88849 yes
34685 12744 yes
86957 86957 yes
75182 99215 no
45834 59168 no
48683 81141 yes
13088 94644 no
08847 99052 no
24011 64778 yes
80734 16948 yes
64603 82347 no
37715 31904 no
08071 30845 yes
61108 21349 no
12312 13466 no
32611 16380 no
63716 81756 no
48804 18825 no
21270 82347 no
64603 70486 no
69225 05318 yes
22336 60309 yes
24011 39511 yes
68506 99215 no
18825 50364 yes
88554 20471 no
68506 45528 yes
61343 33993 no
33993 27507 no
91450 83562 yes
30845 41569 no
61343 13466 no
15054 80280 yes
68506 64778 yes
72940 08033 yes
96091 22336 no
73314 95015 yes
80763 27507 no
22336 60309 yes
72923 72940 yes
48804 12744 yes
96091 70023 yes
33996 09693 yes
54096 80734 no
61343 28883 yes
40774 21766 yes
39163 54310 no
65655 33655 no
13088 03176 yes
05489 61148 yes
33993 63716 yes
06066 77517 yes
96091 68154 no
73182 96305 no
34091 29264 yes
80280 56447 yes
32908 37987 yes
13088 63274 no
82923 74925 no
84683 48365 no
93440 57555 no
39163 72034 yes
99743 88554 yes
39268 93871 yes
65852 10288 yes
29264 64603 yes
65655 16380 no
12744 47959 yes
45528 77593 yes
33570 68154 no
57555 48683 yes
99052 41378 yes
28698 23244 no
72034 06310 no
87212 72855 yes
63716 54310 yes
51215 08847 yes
09248 57567 yes
48683 87212 no
24235 99052 yes
13466 73314 yes
34091 05318 yes
56447 06037 yes
03176 20471 no
72855 16380 no
65852 45834 yes
13466 00941 yes
74817 88849 yes
99215 88849 no
72034 85012 yes
05706 42986 yes
40300 28819 yes
88849 81756 yes
86957 92354 yes
92749 39268 yes
12744 75116 no
94644 93854 no
69086 75269 no
60309 57567 no
98730 26789 yes
93871 94644 yes
40508 16948 yes
39321 81141 no
61108 56674 yes
77517 27486 no
61148 63716 yes
13466 20259 no
53659 06066 yes
73005 08847 no
00818 90851 yes
65748 86957 no
93757 39268 no
12312 45458 no
74925 37363 yes
40885 99737 yes
51215 90851 yes
21270 73182 no
06037 57974 no
65384 33570 yes
06066 21766 yes
84557 99215 yes
51676 87212 no
65852 97490 no
12744 70486 yes
67022 68335 yes
57974 48804 no
75269 10288 yes
65852 72034 yes
34091 36043 yes
23244 88849 yes
64778 00941 no
60309 34685 yes
29264 59666 yes
05489 99737 yes
32729 20259 no
46176 61834 yes
56447 59258 no
90851 40300 yes
52996 72940 no
33655 93854 no
54310 79686 yes
45819 16948 yes
21270 80734 no
61148 81828 yes
24011 65852 yes
28347 74817 yes
67022 64778 no
04390 26789 no
68154 40300 no
74925 91450 no
End
