Graph
19277 36526
69557 82001
90006 80507
56009 90670
11639 06650
94458 32848
29767 69467
36526 54969
65996 02970
54365 29887
82001 75056
25949 36687
97778 35084
05604 75056
36687 30373
59421 30589
82001 32848
56763 97735
20579 94973
93460 33607
88858 02826
97735 71742
35058 93460
57833 30543
06650 90710
89035 97778
53552 80714
33607 35058
30543 43408
20838 25796
75056 87509
36526 80507
94458 72163
19141 51450
90072 29070
84951 86574
55690 19141
81273 53300
69698 88373
02826 29123
93101 21879
93460 80714
39662 09933
94863 33607
48185 96194
57738 75056
56572 84951
25796 90006
55690 77603
39662 19141
06650 11201
20838 25796
19141 51450
65996 96404
36687 41442
29887 03391
96404 14993
90072 90670
30543 81273
54677 96569
21879 90072
03477 06650
97778 54677
51450 69632
08166 32813
44917 11639
44605 29070
91391 71742
61500 55690
42087 11201
42087 19971
80714 71742
65996 75449
36687 97778
57738 75449
48056 25796
59421 63767
75056 82001
96776 87509
81273 45767
29123 19141
57833 35084
30589 86574
98455 08166
09256 45305
72163 87509
71237 09933
29070 56763
90670 90072
90670 45954
24127 97608
84951 76663
96194 64076
42087 11201
60819 53300
63767 39662
39662 84951
94973 19277
56572 60873
48056 24127
09256 71742
72163 47892
32813 90006
69698 54677
81273 57833
03706 22248
54969 97608
71742 09256
54365 22248
20579 24127
90006 29887
29887 90006
35058 71742
36526 20579
96404 75449
45305 91391
95206 51450
69632 29123
44917 36687
02970 29767
25949 69698
93612 60873
00415 45954
19971 25949
34821 14993
98455 36526
20579 98455
43408 30373
84881 94863
71742 80714
35084 90710
19971 97778
20579 19277
95206 63767
90670 91472
33607 91472
35058 73341
89035 53300
61947 80714
45954 56763
30543 79345
93612 29123
11639 20544
75056 65996
47892 34821
55690 63767
94863 93101
24127 20838
55690 02826
19141 55690
60873 77603
69632 81124
29887 86902
30589 19141
29887 54969
11639 06650
59421 95206
39662 29123
97735 93460
63767 86574
45954 45305
69557 64076
77603 88858
95206 81124
96776 96404
03391 03706
84951 77603
87517 75449
71237 29123
90006 20838
02970 96776
32848 69467
84881 68927
43408 89035
75449 48185
69557 64076
39662 30589
53552 94863
73341 91472
14993 98111
71742 33607
84951 76663
96776 65996
32848 75056
90710 45767
54677 41442
90710 44917
88373 42087
02970 64076
29070 00415
43408 53300
71742 84881
71237 93612
71742 68927
88858 88858
94863 09256
65996 57738
11639 57833
19971 88373
84881 33607
56572 61500
19277 44141
42087 30373
25796 44141
72163 96404
69288 87509
03477 11201
08166 20838
14993 65996
91391 97735
88858 02826
69698 11639
29767 69557
35058 21879
82001 57738
44605 29070
32848 72163
94863 93101
60873 77603
Queries
94458 87509
80507 29887
71742 29070
90072 24127
80714 48056
11639 47892
87509 77603
95206 68927
30543 36687
56572 93612
64076 82001
56572 09256
11639 48056
84951 81124
75056 08166
03706 98455
60873 93612
95206 61500
21879 57738
73341 33607
19277 06650
69557 68927
94973 93460
44605 64076
91391 97735
33607 90710
93101 02826
80507 54969
45954 69632
64076 91472
29767 96404
71237 30589
87509 39662
81273 03477
57738 69698
53552 54365
87517 14993
82001 54365
97778 60819
35058 61947
84951 19277
56572 47892
98455 29887
96404 57833
22248 69698
64076 44141
79345 88373
96776 19277
39662 71742
29070 56763
69467 75056
09256 21879
36526 84951
11639 48056
69467 69288
29887 32813
87517 72163
44917 90710
32813 53300
00415 68927
30373 35084
11639 97608
69557 05604
87517 20838
53552 69632
69467 34821
45954 57738
36687 82001
44141 61947
90072 32813
96776 98455
63767 57833
09256 97608
90072 94863
03477 69467
29767 30543
65996 69632
39662 61500
47892 20544
21879 56572
33607 91391
48056 97778
25796 80507
80507 24127
91391 79345
57833 11201
48056 98455
97608 94973
61500 75056
63767 76663
97778 75056
60873 69632
05604 96404
86574 93612
57738 94458
24127 54365
71742 45767
30589 93612
32813 71237
81124 59421
48056 97608
11201 11201
69698 53300
56009 75449
51450 90710
80714 61947
36526 48056
48185 48185
54677 75449
44917 69698
45767 98455
98455 36526
69557 75056
56572 39662
72163 48056
87509 20838
91391 00415
29070 84881
97735 93101
51450 93612
32813 96569
86902 93612
84881 56009
44141 95206
25949 55690
96569 36687
29070 60819
19971 96569
76663 51450
80507 22248
93101 87517
63767 59421
14993 84951
36526 32813
44141 73341
30543 20544
47892 86902
90670 97778
71237 39662
90006 20544
24127 30589
96404 22248
69632 75056
73341 90072
56763 56763
69698 54969
59421 96776
61500 22248
90710 48185
75056 02970
79345 63767
77603 91472
02970 69632
86902 05604
97735 91472
60819 69698
59421 97735
95206 95206
59421 54365
82001 95206
09256 44141
64076 36526
93101 11639
96569 90670
03391 98455
30543 81124
69632 60873
36526 08166
91391 48056
05604 96404
76663 80714
08166 03477
60819 69698
90670 80714
93101 29123
21879 11639
45305 93460
93612 57738
86574 84951
24127 84951
22248 90006
90670 29123
19141 47892
45305 64076
84951 41442
30543 56572
30589 56572
72163 19971
08166 57738
56763 45954
22248 03477
20838 86902
33607 97735
22248 54969
56009 32813
02826 93612
48185 69632
80714 41442
45305 56763
54365 45954
90072 93101
29767 72163
03391 56572
39662 88858
29887 54969
82001 68927
88373 97608
60873 84951
93101 25949
29767 09256
87517 75449
75449 51450
90006 20544
30373 54969
54969 93612
08166 09933
65996 69557
32813 42087
93460 68927
71742 91472
44141 84881
09933 91472
54969 33607
63767 41442
03706 34821
90006 48056
53552 45767
98111 29123
71742 29070
86574 63767
96776 69288
93460 56763
53300 24127
57833 11639
09933 45305
89035 88858
29123 93612
32848 90006
11201 42087
25949 69632
61500 56572
90006 29887
90670 54677
24127 29123
94863 45305
19971 69698
06650 95206
69698 39662
97778 53300
32848 94973
44141 22248
75449 94458
86574 75449
29070 73341
56572 20544
89035 06650
30543 53300
29123 71237
47892 09256
54969 20579
69288 80507
44141 34821
75449 03477
94458 77603
69288 48056
96404 06650
53552 09256
94973 36526
69698 56763
87517 14993
03477 81273
90006 20579
48056 98455
09256 56572
09933 29767
93612 93612
87517 61947
98455 44605
55690 25796
44605 97778
32848 69557
11201 57833
69632 71237
57833 25949
22248 11639
90670 45954
29767 14993
94458 76663
42087 20544
72163 05604
61947 75056
63767 98455
57833 60873
84951 48056
69467 02970
06650 45305
95206 81124
48185 48056
60873 20544
22248 91472
42087 97778
81124 96569
75449 87509
57738 44141
43408 00415
91391 33607
29070 32848
89035 20838
69557 72163
72163 14993
36526 53300
54677 25949
98455 20579
25949 88373
87509 47892
88858 81124
75449 34821
32813 53300
96776 95206
81124 02826
61500 48185
41442 80507
69467 69698
71742 88858
86574 47892
94863 29123
36526 39662
90710 59421
22248 53552
24127 97608
98111 48185
98455 30589
69467 79345
97608 32813
87509 90006
82001 96404
39662 29123
25796 29123
48185 82001
75056 93101
03706 61500
29887 30589
60819 86574
91472 91391
86574 88858
57833 84951
96194 94458
63767 20838
55690 76663
64076 72163
41442 96569
94458 65996
90710 30373
77603 29123
42087 41442
29123 02826
25796 98455
97735 44605
53300 45767
45305 06650
59421 88858
19971 44917
86574 02826
51450 29123
21879 56009
71742 89035
96776 29767
19277 22248
53300 89035
86902 32813
61500 25949
09933 56763
00415 60873
60873 86574
39662 44141
39662 81124
57738 05604
22248 86902
44917 61947
56009 63767
05604 47892
56572 33607
75056 02970
90710 25949
05604 90006
54677 57833
96404 36687
32848 29070
60873 76663
76663 81273
69698 36687
71742 97735
02970 97735
20838 25796
43408 11201
97778 29767
44141 80714
09256 90670
56009 03391
03391 35084
02970 64076
76663 81124
45767 88373
72163 87509
59421 25796
97608 24127
51450 81124
08166 36526
05604 96194
57833 06650
48056 93101
35084 77603
48185 30373
98455 20579
91391 29123
44141 90006
03706 03706
09256 00415
88858 53300
32813 90072
72163 80714
60873 36687
75449 63767
21879 94863
93612 02970
33607 68927
19277 95206
45305 64076
96569 76663
84951 56572
86574 82001
02826 79345
71237 93612
25949 03391
54365 44141
91391 91472
73341 21879
68927 29070
29070 57833
30543 97778
95206 71237
44141 42087
47892 91472
29767 96194
95206 33607
45954 55690
47892 32848
76663 84951
02970 77603
96404 48185
60819 30543
45954 97735
41442 20544
54969 57738
03391 32848
36526 86902
21879 29123
00415 30373
24127 36526
56009 90670
09256 29070
84881 97735
88373 03477
96569 35058
56763 35058
20838 30589
80714 33607
63767 93612
20544 84951
84951 87509
98455 61947
53552 29887
45767 86902
25796 02970
29767 90670
75056 34821
91472 80714
44141 32813
96404 32848
69632 75056
80714 54969
29887 44141
54677 84881
60873 89035
54677 45767
60873 55690
36526 90006
25949 29070
48056 98455
60819 64076
09256 53552
29767 30543
09933 29887
87509 42087
98455 19277
54677 47892
Thinking
start 57833 src 57833
57833 30543 src 57833
57833 35084 src 57833
57833 81273 src 57833
57833 11639 src 57833
30543 43408 src 57833
30543 79345 src 57833
35084 97778 src 57833
35084 90710 src 57833
81273 53300 src 57833
81273 45767 src 57833
11639 06650 src 57833
11639 44917 src 57833
11639 20544 src 57833
11639 69698 src 57833
43408 30373 src 57833
43408 89035 src 57833
97778 54677 src 57833
97778 36687 src 57833
97778 19971 src 57833
53300 60819 src 57833
06650 11201 src 57833
06650 03477 src 57833
69698 88373 src 57833
69698 25949 src 57833
30373 42087 src 57833
54677 96569 src 57833
54677 41442 src 57833
start 29887 src 29887
29887 54365 src 29887
29887 03391 src 29887
29887 90006 src 29887
29887 86902 src 29887
29887 54969 src 29887
54365 22248 src 29887
03391 03706 src 29887
90006 80507 src 29887
90006 25796 src 29887
90006 32813 src 29887
90006 20838 src 29887
54969 36526 src 29887
54969 97608 src 29887
25796 48056 src 29887
25796 44141 src 29887
32813 08166 src 29887
20838 24127 src 29887
36526 19277 src 29887
36526 20579 src 29887
36526 98455 src 29887
19277 94973 src 29887
start 45954 src 45954
45954 90670 src 45954
45954 00415 src 45954
45954 56763 src 45954
45954 45305 src 45954
90670 56009 src 45954
90670 90072 src 45954
90670 91472 src 45954
00415 29070 src 45954
56763 97735 src 45954
45305 09256 src 45954
45305 91391 src 45954
90072 21879 src 45954
91472 33607 src 45954
91472 73341 src 45954
29070 44605 src 45954
97735 71742 src 45954
97735 93460 src 45954
09256 94863 src 45954
21879 93101 src 45954
21879 35058 src 45954
33607 84881 src 45954
71742 80714 src 45954
71742 68927 src 45954
94863 53552 src 45954
80714 61947 src 45954
start 32848 src 32848
32848 94458 src 32848
32848 82001 src 32848
32848 69467 src 32848
32848 75056 src 32848
32848 72163 src 32848
82001 69557 src 32848
82001 57738 src 32848
69467 29767 src 32848
75056 05604 src 32848
75056 87509 src 32848
75056 65996 src 32848
72163 47892 src 32848
72163 96404 src 32848
69557 64076 src 32848
57738 75449 src 32848
29767 02970 src 32848
87509 96776 src 32848
87509 69288 src 32848
65996 14993 src 32848
47892 34821 src 32848
64076 96194 src 32848
75449 87517 src 32848
75449 48185 src 32848
14993 98111 src 32848
start 39662 src 39662
39662 09933 src 39662
39662 19141 src 39662
39662 63767 src 39662
39662 84951 src 39662
39662 29123 src 39662
39662 30589 src 39662
09933 71237 src 39662
19141 51450 src 39662
19141 55690 src 39662
63767 59421 src 39662
63767 95206 src 39662
63767 86574 src 39662
84951 56572 src 39662
84951 76663 src 39662
84951 77603 src 39662
29123 02826 src 39662
29123 69632 src 39662
29123 93612 src 39662
55690 61500 src 39662
95206 81124 src 39662
56572 60873 src 39662
77603 88858 src 39662
Output
94458 87509 yes
80507 29887 yes
71742 29070 yes
90072 24127 no
80714 48056 no
11639 47892 no
87509 77603 no
95206 68927 no
30543 36687 yes
56572 93612 yes
64076 82001 yes
56572 09256 no
11639 48056 no
84951 81124 yes
75056 08166 no
03706 98455 yes
60873 93612 yes
95206 61500 yes
21879 57738 no
73341 33607 yes
19277 06650 no
69557 68927 no
94973 93460 no
44605 64076 no
91391 97735 yes
33607 90710 no
93101 02826 no
80507 54969 yes
45954 69632 no
64076 91472 no
29767 96404 yes
71237 30589 yes
87509 39662 no
81273 03477 yes
57738 69698 no
53552 54365 no
87517 14993 yes
82001 54365 no
97778 60819 yes
35058 61947 yes
84951 19277 no
56572 47892 no
98455 29887 yes
96404 57833 no
22248 69698 no
64076 44141 no
79345 88373 yes
96776 19277 no
39662 71742 no
29070 56763 yes
69467 75056 yes
09256 21879 yes
36526 84951 no
11639 48056 no
69467 69288 yes
29887 32813 yes
87517 72163 yes
44917 90710 yes
32813 53300 no
00415 68927 yes
30373 35084 yes
11639 97608 no
69557 05604 yes
87517 20838 no
53552 69632 no
69467 34821 yes
45954 57738 no
36687 82001 no
44141 61947 no
90072 32813 no
96776 98455 no
63767 57833 no
09256 97608 no
90072 94863 yes
03477 69467 no
29767 30543 no
65996 69632 no
39662 61500 yes
47892 20544 no
21879 56572 no
33607 91391 yes
48056 97778 no
25796 80507 yes
80507 24127 yes
91391 79345 no
57833 11201 yes
48056 98455 yes
97608 94973 yes
61500 75056 no
63767 76663 yes
97778 75056 no
60873 69632 yes
05604 96404 yes
86574 93612 yes
57738 94458 yes
24127 54365 yes
71742 45767 no
30589 93612 yes
32813 71237 no
81124 59421 yes
48056 97608 yes
11201 11201 yes
69698 53300 yes
56009 75449 no
51450 90710 no
80714 61947 yes
36526 48056 yes
48185 48185 yes
54677 75449 no
44917 69698 yes
45767 98455 no
98455 36526 yes
69557 75056 yes
56572 39662 yes
72163 48056 no
87509 20838 no
91391 00415 yes
29070 84881 yes
97735 93101 yes
51450 93612 yes
32813 96569 no
86902 93612 no
84881 56009 yes
44141 95206 no
25949 55690 no
96569 36687 yes
29070 60819 no
19971 96569 yes
76663 51450 yes
80507 22248 yes
93101 87517 no
63767 59421 yes
14993 84951 no
36526 32813 yes
44141 73341 no
30543 20544 yes
47892 86902 no
90670 97778 no
71237 39662 yes
90006 20544 no
24127 30589 no
96404 22248 no
69632 75056 no
73341 90072 yes
56763 56763 yes
69698 54969 no
59421 96776 no
61500 22248 no
90710 48185 no
75056 02970 yes
79345 63767 no
77603 91472 no
02970 69632 no
86902 05604 no
97735 91472 yes
60819 69698 yes
59421 97735 no
95206 95206 yes
59421 54365 no
82001 95206 no
09256 44141 no
64076 36526 no
93101 11639 no
96569 90670 no
03391 98455 yes
30543 81124 no
69632 60873 yes
36526 08166 yes
91391 48056 no
05604 96404 yes
76663 80714 no
08166 03477 no
60819 69698 yes
90670 80714 yes
93101 29123 no
21879 11639 no
45305 93460 yes
93612 57738 no
86574 84951 yes
24127 84951 no
22248 90006 yes
90670 29123 no
19141 47892 no
45305 64076 no
84951 41442 no
30543 56572 no
30589 56572 yes
72163 19971 no
08166 57738 no
56763 45954 yes
22248 03477 no
20838 86902 yes
33607 97735 yes
22248 54969 yes
56009 32813 no
02826 93612 yes
48185 69632 no
80714 41442 no
45305 56763 yes
54365 45954 no
90072 93101 yes
29767 72163 yes
03391 56572 no
39662 88858 yes
29887 54969 yes
82001 68927 no
88373 97608 no
60873 84951 yes
93101 25949 no
29767 09256 no
87517 75449 yes
75449 51450 no
90006 20544 no
30373 54969 no
54969 93612 no
08166 09933 no
65996 69557 yes
32813 42087 no
93460 68927 yes
71742 91472 yes
44141 84881 no
09933 91472 no
54969 33607 no
63767 41442 no
03706 34821 no
90006 48056 yes
53552 45767 no
98111 29123 no
71742 29070 yes
86574 63767 yes
96776 69288 yes
93460 56763 yes
53300 24127 no
57833 11639 yes
09933 45305 no
89035 88858 no
29123 93612 yes
32848 90006 no
11201 42087 yes
25949 69632 no
61500 56572 yes
90006 29887 yes
90670 54677 no
24127 29123 no
94863 45305 yes
19971 69698 yes
06650 95206 no
69698 39662 no
97778 53300 yes
32848 94973 no
44141 22248 yes
75449 94458 yes
86574 75449 no
29070 73341 yes
56572 20544 no
89035 06650 yes
30543 53300 yes
29123 71237 yes
47892 09256 no
54969 20579 yes
69288 80507 no
44141 34821 no
75449 03477 no
94458 77603 no
69288 48056 no
96404 06650 no
53552 09256 yes
94973 36526 yes
69698 56763 no
87517 14993 yes
03477 81273 yes
90006 20579 yes
48056 98455 yes
09256 56572 no
09933 29767 no
93612 93612 yes
87517 61947 no
98455 44605 no
55690 25796 no
44605 97778 no
32848 69557 yes
11201 57833 yes
69632 71237 yes
57833 25949 yes
22248 11639 no
90670 45954 yes
29767 14993 yes
94458 76663 no
42087 20544 yes
72163 05604 yes
61947 75056 no
63767 98455 no
57833 60873 no
84951 48056 no
69467 02970 yes
06650 45305 no
95206 81124 yes
48185 48056 no
60873 20544 no
22248 91472 no
42087 97778 yes
81124 96569 no
75449 87509 yes
57738 44141 no
43408 00415 no
91391 33607 yes
29070 32848 no
89035 20838 no
69557 72163 yes
72163 14993 yes
36526 53300 no
54677 25949 yes
98455 20579 yes
25949 88373 yes
87509 47892 yes
88858 81124 yes
75449 34821 yes
32813 53300 no
96776 95206 no
81124 02826 yes
61500 48185 no
41442 80507 no
69467 69698 no
71742 88858 no
86574 47892 no
94863 29123 no
36526 39662 no
90710 59421 no
22248 53552 no
24127 97608 yes
98111 48185 yes
98455 30589 no
69467 79345 no
97608 32813 yes
87509 90006 no
82001 96404 yes
39662 29123 yes
25796 29123 no
48185 82001 yes
75056 93101 no
03706 61500 no
29887 30589 no
60819 86574 no
91472 91391 yes
86574 88858 yes
57833 84951 no
96194 94458 yes
63767 20838 no
55690 76663 yes
64076 72163 yes
41442 96569 yes
94458 65996 yes
90710 30373 yes
77603 29123 yes
42087 41442 yes
29123 02826 yes
25796 98455 yes
97735 44605 yes
53300 45767 yes
45305 06650 no
59421 88858 yes
19971 44917 yes
86574 02826 yes
51450 29123 yes
21879 56009 yes
71742 89035 no
96776 29767 yes
19277 22248 yes
53300 89035 yes
86902 32813 yes
61500 25949 no
09933 56763 no
00415 60873 no
60873 86574 yes
39662 44141 no
39662 81124 yes
57738 05604 yes
22248 86902 yes
44917 61947 no
56009 63767 no
05604 47892 yes
56572 33607 no
75056 02970 yes
90710 25949 yes
05604 90006 no
54677 57833 yes
96404 36687 no
32848 29070 no
60873 76663 yes
76663 81273 no
69698 36687 yes
71742 97735 yes
02970 97735 no
20838 25796 yes
43408 11201 yes
97778 29767 no
44141 80714 no
09256 90670 yes
56009 03391 no
03391 35084 no
02970 64076 yes
76663 81124 yes
45767 88373 yes
72163 87509 yes
59421 25796 no
97608 24127 yes
51450 81124 yes
08166 36526 yes
05604 96194 yes
57833 06650 yes
48056 93101 no
35084 77603 no
48185 30373 no
98455 20579 yes
91391 29123 no
44141 90006 yes
03706 03706 yes
09256 00415 yes
88858 53300 no
32813 90072 no
72163 80714 no
60873 36687 no
75449 63767 no
21879 94863 yes
93612 02970 no
33607 68927 yes
19277 95206 no
45305 64076 no
96569 76663 no
84951 56572 yes
86574 82001 no
02826 79345 no
71237 93612 yes
25949 03391 no
54365 44141 yes
91391 91472 yes
73341 21879 yes
68927 29070 yes
29070 57833 no
30543 97778 yes
95206 71237 yes
44141 42087 no
47892 91472 no
29767 96194 yes
95206 33607 no
45954 55690 no
47892 32848 yes
76663 84951 yes
02970 77603 no
96404 48185 yes
60819 30543 yes
45954 97735 yes
41442 20544 yes
54969 57738 no
03391 32848 no
36526 86902 yes
21879 29123 no
00415 30373 no
24127 36526 yes
56009 90670 yes
09256 29070 yes
84881 97735 yes
88373 03477 yes
96569 35058 no
56763 35058 yes
20838 30589 no
80714 33607 yes
63767 93612 yes
20544 84951 no
84951 87509 no
98455 61947 no
53552 29887 no
45767 86902 no
25796 02970 no
29767 90670 no
75056 34821 yes
91472 80714 yes
44141 32813 yes
96404 32848 yes
69632 75056 no
80714 54969 no
29887 44141 yes
54677 84881 no
60873 89035 no
54677 45767 yes
60873 55690 yes
36526 90006 yes
25949 29070 no
48056 98455 yes
60819 64076 no
09256 53552 yes
29767 30543 no
09933 29887 no
87509 42087 no
98455 19277 yes
54677 47892 no
End
