Graph
2417 9285
2926 6235
4722 9015
9580 9285
9347 4188
8971 7143
6073 2557
2417 1363
4188 2690
2417 6073
0385 4435
1908 7453
6073 1908
0810 6073
4188 9814
6193 6780
4722 9015
1363 1363
6193 6235
6073 1363
0385 9814
6193 6780
6780 9293
9015 4722
9814 9814
6780 9754
5985 8971
1363 1363
2317 4282
5388 2317
4437 9390
0856 9293
6073 7453
7453 9580
4188 1849
6235 0292
8971 7143
9814 2690
9015 6308
2557 1908
2690 6065
9015 9390
7453 1908
9814 4499
5648 7453
1849 4188
2690 1849
0856 0856
4188 6574
7143 2926
9814 0385
4722 2317
9015 9390
7453 2557
1908 9580
0400 9580
5388 6308
1849 6065
0292 0292
4435 9814
0385 6065
9580 0400
6780 6235
9390 5388
2317 6308
1908 1908
8971 5985
6308 9015
5985 6235
9390 9390
1363 9580
0292 8971
9754 0856
9285 1908
7143 6193
6308 9015
9285 2417
9754 6235
6065 9814
6073 7453
6574 4499
8971 9754
0385 4188
5900 9347
6073 9285
6308 4722
8971 0292
0810 7453
4435 5900
5900 9814
8971 9293
2690 5900
9015 6308
6574 9347
6235 8971
6308 9015
6073 9285
5388 4722
6308 4437
4722 4722
9814 6574
4282 9015
1363 0810
1908 9580
0400 9580
1908 0810
6574 4188
9015 4437
4722 4437
6193 2926
6308 4437
9015 4722
9390 6308
0292 2926
9015 9015
6780 2926
9580 1363
0292 0856
Queries
4282 0292
0400 6574
0856 9285
4437 5648
0400 4435
4722 6308
2557 0292
6780 8971
4188 2690
2317 5388
1908 9285
0400 2690
5388 4437
9015 8971
2317 4437
0810 6235
0385 4282
2926 9754
7143 9015
4499 7143
9580 6073
6308 9390
9390 0400
9347 2557
9285 4437
4437 4282
5388 4722
6235 9754
9390 9754
9390 4437
9580 9754
4499 4282
0292 4437
2317 0400
0810 9285
6574 9015
6073 5900
8971 2417
0856 6193
0810 4722
4437 6065
6193 2417
5388 9390
2690 6193
6308 0292
5388 4282
0292 9293
2557 4437
6065 2417
2690 5900
1849 0385
8971 0856
6780 6780
9293 0292
9580 9015
9293 5388
1908 9285
4435 9754
9390 2557
2417 4437
1363 6308
5900 7143
5648 9285
0856 6308
5900 1849
7143 9390
5900 4282
1363 2557
8971 0810
1908 9580
5648 1363
9293 6780
5985 9293
2317 6308
0810 5648
2557 8971
5388 9814
1908 2690
4499 5900
9347 5900
5900 5900
4499 7453
2690 9293
9814 0810
4437 9015
4282 6308
0292 4722
6574 5900
Thinking
start 4188 src 4188
4188 9347 src 4188
4188 2690 src 4188
4188 9814 src 4188
4188 1849 src 4188
4188 6574 src 4188
4188 0385 src 4188
9347 5900 src 4188
2690 6065 src 4188
9814 4499 src 4188
9814 4435 src 4188
start 6235 src 6235
6235 2926 src 6235
6235 6193 src 6235
6235 0292 src 6235
6235 6780 src 6235
6235 5985 src 6235
6235 9754 src 6235
6235 8971 src 6235
2926 7143 src 6235
0292 0856 src 6235
6780 9293 src 6235
start 9015 src 9015
9015 4722 src 9015
9015 6308 src 9015
9015 9390 src 9015
9015 4282 src 9015
9015 4437 src 9015
4722 2317 src 9015
4722 5388 src 9015
start 1908 src 1908
1908 7453 src 1908
1908 6073 src 1908
1908 2557 src 1908
1908 9580 src 1908
1908 9285 src 1908
1908 0810 src 1908
7453 5648 src 1908
6073 2417 src 1908
6073 1363 src 1908
9580 0400 src 1908
Output
4282 0292 no
0400 6574 no
0856 9285 no
4437 5648 no
0400 4435 no
4722 6308 yes
2557 0292 no
6780 8971 yes
4188 2690 yes
2317 5388 yes
1908 9285 yes
0400 2690 no
5388 4437 yes
9015 8971 no
2317 4437 yes
0810 6235 no
0385 4282 no
2926 9754 yes
7143 9015 no
4499 7143 no
9580 6073 yes
6308 9390 yes
9390 0400 no
9347 2557 no
9285 4437 no
4437 4282 yes
5388 4722 yes
6235 9754 yes
9390 9754 no
9390 4437 yes
9580 9754 no
4499 4282 no
0292 4437 no
2317 0400 no
0810 9285 yes
6574 9015 no
6073 5900 no
8971 2417 no
0856 6193 yes
0810 4722 no
4437 6065 no
6193 2417 no
5388 9390 yes
2690 6193 no
6308 0292 no
5388 4282 yes
0292 9293 yes
2557 4437 no
6065 2417 no
2690 5900 yes
1849 0385 yes
8971 0856 yes
6780 6780 yes
9293 0292 yes
9580 9015 no
9293 5388 no
1908 9285 yes
4435 9754 no
9390 2557 no
2417 4437 no
1363 6308 no
5900 7143 no
5648 9285 yes
0856 6308 no
5900 1849 yes
7143 9390 no
5900 4282 no
1363 2557 yes
8971 0810 no
1908 9580 yes
5648 1363 yes
9293 6780 yes
5985 9293 yes
2317 6308 yes
0810 5648 yes
2557 8971 no
5388 9814 no
1908 2690 no
4499 5900 yes
9347 5900 yes
5900 5900 yes
4499 7453 no
2690 9293 no
9814 0810 no
4437 9015 yes
4282 6308 yes
0292 4722 no
6574 5900 yes
End
