Graph
8630 7889
5687 3719
2587 2587
2985 8917
2587 9075
2985 3846
9582 7970
9582 7970
4191 9653
9030 7747
9582 7645
1985 3846
2985 7461
7970 4098
3404 7935
5877 0852
7645 8378
5877 2985
7461 9926
3719 3404
7747 2985
2587 2112
3607 4191
2985 4557
6081 1143
9075 7889
8630 0939
2958 3719
8378 9347
8736 9582
3099 9582
0939 4191
2958 2812
5578 7461
8378 7220
9582 0104
8702 2112
0354 8917
6127 0104
2587 9075
5687 1143
Queries
0104 4191
6081 1143
7747 1985
2958 9582
9347 3607
0104 8736
3607 0104
9347 7645
9926 0354
5578 7935
7461 0852
3719 0354
7970 4098
0939 9075
4191 2958
2958 3607
8917 0852
8702 2112
2112 8702
6127 8702
6081 9075
3846 9030
3719 7935
3719 9347
7645 8378
6081 7935
5578 4557
7935 3719
3719 7220
5578 8702
9075 5687
3846 9030
7461 0354
7220 7645
3719 2812
0104 8378
1143 7645
3607 3404
5687 2958
7889 7889
7645 3099
1985 6081
8702 9582
8378 9030
0939 3846
7461 8630
0354 3719
2812 7889
6127 5877
9075 9653
7220 9030
9347 7970
6127 9347
2985 2985
2958 2112
4191 3846
1143 3404
2112 8702
2112 3099
2985 2985
8736 7645
3607 9075
3404 1143
0852 5578
2112 3404
4191 9075
2812 1143
7461 9075
7970 3099
6127 5578
2812 7461
6127 9582
8736 0104
2958 8630
8702 8702
3719 8736
6127 8378
1985 0354
8378 9926
2587 9075
7970 7747
2958 6081
9582 7220
7935 2812
Thinking
start 0939 src 0939
0939 8630 src 0939
0939 4191 src 0939
8630 7889 src 0939
4191 9653 src 0939
4191 3607 src 0939
7889 9075 src 0939
9075 2587 src 0939
2587 2112 src 0939
2112 8702 src 0939
start 9582 src 9582
9582 7970 src 9582
9582 7645 src 9582
9582 8736 src 9582
9582 3099 src 9582
9582 0104 src 9582
7970 4098 src 9582
7645 8378 src 9582
0104 6127 src 9582
8378 9347 src 9582
8378 7220 src 9582
start 3719 src 3719
3719 5687 src 3719
3719 3404 src 3719
3719 2958 src 3719
5687 1143 src 3719
3404 7935 src 3719
2958 2812 src 3719
1143 6081 src 3719
start 7461 src 7461
7461 2985 src 7461
7461 9926 src 7461
7461 5578 src 7461
2985 8917 src 7461
2985 3846 src 7461
2985 5877 src 7461
2985 7747 src 7461
2985 4557 src 7461
8917 0354 src 7461
3846 1985 src 7461
5877 0852 src 7461
7747 9030 src 7461
Output
0104 4191 no
6081 1143 yes
7747 1985 yes
2958 9582 no
9347 3607 no
0104 8736 yes
3607 0104 no
9347 7645 yes
9926 0354 yes
5578 7935 no
7461 0852 yes
3719 0354 no
7970 4098 yes
0939 9075 yes
4191 2958 no
2958 3607 no
8917 0852 yes
8702 2112 yes
2112 8702 yes
6127 8702 no
6081 9075 no
3846 9030 yes
3719 7935 yes
3719 9347 no
7645 8378 yes
6081 7935 yes
5578 4557 yes
7935 3719 yes
3719 7220 no
5578 8702 no
9075 5687 no
3846 9030 yes
7461 0354 yes
7220 7645 yes
3719 2812 yes
0104 8378 yes
1143 7645 no
3607 3404 no
5687 2958 yes
7889 7889 yes
7645 3099 yes
1985 6081 no
8702 9582 no
8378 9030 no
0939 3846 no
7461 8630 no
0354 3719 no
2812 7889 no
6127 5877 no
9075 9653 yes
7220 9030 no
9347 7970 yes
6127 9347 yes
2985 2985 yes
2958 2112 no
4191 3846 no
1143 3404 yes
2112 8702 yes
2112 3099 no
2985 2985 yes
8736 7645 yes
3607 9075 yes
3404 1143 yes
0852 5578 yes
2112 3404 no
4191 9075 yes
2812 1143 yes
7461 9075 no
7970 3099 yes
6127 5578 no
2812 7461 no
6127 9582 yes
8736 0104 yes
2958 8630 no
8702 8702 yes
3719 8736 no
6127 8378 yes
1985 0354 yes
8378 9926 no
2587 9075 yes
7970 7747 no
2958 6081 yes
9582 7220 yes
7935 2812 yes
End
