Graph
5085 0401
0649 1016
0399 6012
7162 3736
2125 9546
0793 9682
6342 6178
1135 7896
0251 0652
5502 5502
6072 6052
3993 7107
6012 6012
1135 3758
2125 2125
6052 6560
8191 5502
7596 2125
1135 3758
0552 0552
8151 1940
3993 3993
0552 6072
4431 0793
5474 3758
7107 9848
7107 7036
6560 4431
3736 1940
5502 7107
7036 0649
0652 7303
0399 7074
7596 1856
7303 3758
9682 6560
6342 9848
7896 0652
3736 7162
0652 7896
2876 2876
9546 1856
0652 7896
1135 0251
2533 8151
6052 0552
1286 7896
0793 6072
6012 7074
3758 2848
6560 9682
9546 7074
7074 0399
0251 1286
5218 9546
7162 0257
5555 1940
0649 5502
0652 3758
7303 2848
3993 1016
7107 8191
0401 2533
0257 0401
7074 6012
3758 1286
7107 7107
2848 1135
3951 3951
5555 3736
0552 7289
2125 9546
0649 7036
0552 6052
1135 0652
7596 1856
7074 1856
6178 1016
0649 0649
5555 1940
7162 0401
9546 7074
1286 1286
0652 1286
1016 8321
5085 7162
5218 9546
6012 2125
6072 6052
1016 3993
9682 7289
9682 6560
7289 0793
5474 3758
6178 3993
5555 2876
6342 9848
0401 1940
4431 6560
6072 6560
6012 1856
0399 1856
6342 7036
0552 4431
8321 8191
7303 1286
0251 7303
3951 7162
6342 6178
0251 5474
0793 0552
7289 9682
5555 3736
6560 0793
4431 4431
7289 0552
0401 8151
7303 1286
1016 6342
6560 9682
6012 5218
9848 6342
1135 7303
5555 0257
3758 0251
1016 9848
2848 7896
0401 8151
0399 1856
0257 2876
6072 6560
5218 7596
5218 7074
7107 7036
2876 3951
1016 8191
Queries
0399 9546
7162 8151
5085 2533
0251 1286
0652 9848
1286 1016
5085 5085
4431 4431
0793 6072
8151 3758
6178 7036
8151 3736
5085 8321
0793 7162
0652 8151
0401 0401
6560 9682
6072 7107
0649 7162
8321 2533
6012 9546
6072 6052
0793 3758
1856 0399
7074 8321
5218 7036
1856 7107
0401 7289
4431 9682
9546 7596
2125 1856
2848 0251
7107 7596
5555 7596
1856 9546
1940 3736
1286 6178
9546 7162
6560 7289
3736 0251
9682 1286
0251 2848
5555 5555
5502 8321
7162 9682
0399 2125
7162 1135
4431 1135
8151 6052
2848 5474
0401 8151
2125 9682
6072 6052
7107 9682
6012 7074
0251 4431
9546 0399
7596 3758
0251 7303
7107 3758
7162 5555
5555 2876
6342 9848
2125 1856
7036 0552
0652 5474
1135 3758
0251 9848
6342 0649
5218 1856
6072 1940
0552 0251
2876 7162
6560 6052
7596 0552
3993 1856
2876 0552
1940 6342
7303 0251
9546 7074
7596 1135
2533 9546
2533 5555
2876 0793
3951 0257
7289 6052
2125 0552
8191 0652
6178 5502
2876 5555
3951 5085
7074 1016
6052 0552
7162 0401
7303 9848
Thinking
start 7036 src 7036
7036 7107 src 7036
7036 0649 src 7036
7036 6342 src 7036
7107 3993 src 7036
7107 9848 src 7036
7107 5502 src 7036
7107 8191 src 7036
0649 1016 src 7036
6342 6178 src 7036
8191 8321 src 7036
start 3736 src 3736
3736 7162 src 3736
3736 1940 src 3736
3736 5555 src 3736
7162 0257 src 3736
7162 0401 src 3736
7162 5085 src 3736
7162 3951 src 3736
1940 8151 src 3736
5555 2876 src 3736
0401 2533 src 3736
start 7596 src 7596
7596 2125 src 7596
7596 1856 src 7596
7596 5218 src 7596
2125 9546 src 7596
2125 6012 src 7596
1856 7074 src 7596
1856 0399 src 7596
start 7303 src 7303
7303 0652 src 7303
7303 3758 src 7303
7303 2848 src 7303
7303 1286 src 7303
7303 0251 src 7303
7303 1135 src 7303
0652 7896 src 7303
3758 5474 src 7303
start 6072 src 6072
6072 6052 src 6072
6072 0552 src 6072
6072 0793 src 6072
6072 6560 src 6072
0552 7289 src 6072
0552 4431 src 6072
0793 9682 src 6072
Output
0399 9546 yes
7162 8151 yes
5085 2533 yes
0251 1286 yes
0652 9848 no
1286 1016 no
5085 5085 yes
4431 4431 yes
0793 6072 yes
8151 3758 no
6178 7036 yes
8151 3736 yes
5085 8321 no
0793 7162 no
0652 8151 no
0401 0401 yes
6560 9682 yes
6072 7107 no
0649 7162 no
8321 2533 no
6012 9546 yes
6072 6052 yes
0793 3758 no
1856 0399 yes
7074 8321 no
5218 7036 no
1856 7107 no
0401 7289 no
4431 9682 yes
9546 7596 yes
2125 1856 yes
2848 0251 yes
7107 7596 no
5555 7596 no
1856 9546 yes
1940 3736 yes
1286 6178 no
9546 7162 no
6560 7289 yes
3736 0251 no
9682 1286 no
0251 2848 yes
5555 5555 yes
5502 8321 yes
7162 9682 no
0399 2125 yes
7162 1135 no
4431 1135 no
8151 6052 no
2848 5474 yes
0401 8151 yes
2125 9682 no
6072 6052 yes
7107 9682 no
6012 7074 yes
0251 4431 no
9546 0399 yes
7596 3758 no
0251 7303 yes
7107 3758 no
7162 5555 yes
5555 2876 yes
6342 9848 yes
2125 1856 yes
7036 0552 no
0652 5474 yes
1135 3758 yes
0251 9848 no
6342 0649 yes
5218 1856 yes
6072 1940 no
0552 0251 no
2876 7162 yes
6560 6052 yes
7596 0552 no
3993 1856 no
2876 0552 no
1940 6342 no
7303 0251 yes
9546 7074 yes
7596 1135 no
2533 9546 no
2533 5555 yes
2876 0793 no
3951 0257 yes
7289 6052 yes
2125 0552 no
8191 0652 no
6178 5502 yes
2876 5555 yes
3951 5085 yes
7074 1016 no
6052 0552 yes
7162 0401 yes
7303 9848 no
End
