Graph
9046 1935
4908 7436
0603 4908
4275 8360
6048 9046
3202 3202
6669 1581
1765 8360
9723 0603
7900 2345
9257 6547
7900 7116
7316 0346
7116 0644
3286 0586
9973 1046
7116 7900
5209 7837
9973 0644
5209 9973
2345 7611
7316 5969
0617 4275
9723 5650
9046 5192
3202 5795
5085 6547
7900 9973
5085 5192
2088 1765
3720 6669
5650 1765
6048 0586
9257 9046
9046 6547
9973 5795
2392 1581
0346 0617
5085 2392
5085 3868
2088 0603
5209 3892
7316 5969
0586 9046
1765 5969
7116 2982
0346 8360
7436 8360
7564 3720
7837 5795
5209 0644
2982 0644
1765 5650
6669 5085
0617 7909
6547 3513
7909 7436
0586 6547
8360 7316
7116 7116
Queries
1581 1935
0586 3202
0644 8360
5795 0617
1935 0617
3720 9046
7837 5650
3202 4275
3868 5085
3286 2982
2088 5085
4275 6547
3286 5795
7611 3286
3513 6547
7837 3892
0644 3202
3892 7909
9723 8360
0586 5969
4908 5192
5209 7900
8360 0644
0586 9257
9046 3720
7611 5209
3513 5650
3892 3202
3513 3868
2982 9723
6547 0586
0346 6669
1581 6669
2345 7837
4275 4275
2088 5650
5209 8360
3202 1935
2345 2088
0346 6048
3202 7436
4908 1935
0346 0346
9046 5209
7909 3892
7900 0603
2088 0346
5650 5969
4908 7436
3202 0586
3513 9046
0346 7909
5650 5969
0603 1046
9723 0346
0644 7611
7436 4275
7564 4908
5650 7116
3868 1935
6048 7116
4275 3202
7837 5209
5969 3202
6547 1581
7316 7611
5209 3720
3720 1935
7909 5650
2345 5209
3868 6547
5969 5650
6048 5650
3868 5795
9973 3892
0644 6547
0603 3286
2088 0603
9046 5192
1581 4275
5085 2088
0617 6048
2982 4908
7116 3720
2392 7909
Thinking
start 5085 src 5085
5085 6547 src 5085
5085 5192 src 5085
5085 2392 src 5085
5085 3868 src 5085
5085 6669 src 5085
6547 9257 src 5085
6547 9046 src 5085
6547 3513 src 5085
6547 0586 src 5085
2392 1581 src 5085
6669 3720 src 5085
9046 1935 src 5085
9046 6048 src 5085
0586 3286 src 5085
3720 7564 src 5085
start 5795 src 5795
5795 3202 src 5795
5795 9973 src 5795
5795 7837 src 5795
9973 1046 src 5795
9973 0644 src 5795
9973 5209 src 5795
9973 7900 src 5795
0644 7116 src 5795
0644 2982 src 5795
5209 3892 src 5795
7900 2345 src 5795
2345 7611 src 5795
start 7316 src 7316
7316 0346 src 7316
7316 5969 src 7316
7316 8360 src 7316
0346 0617 src 7316
5969 1765 src 7316
8360 4275 src 7316
8360 7436 src 7316
0617 7909 src 7316
1765 2088 src 7316
1765 5650 src 7316
7436 4908 src 7316
2088 0603 src 7316
5650 9723 src 7316
Output
1581 1935 yes
0586 3202 no
0644 8360 no
5795 0617 no
1935 0617 no
3720 9046 yes
7837 5650 no
3202 4275 no
3868 5085 yes
3286 2982 no
2088 5085 no
4275 6547 no
3286 5795 no
7611 3286 no
3513 6547 yes
7837 3892 yes
0644 3202 yes
3892 7909 no
9723 8360 yes
0586 5969 no
4908 5192 no
5209 7900 yes
8360 0644 no
0586 9257 yes
9046 3720 yes
7611 5209 yes
3513 5650 no
3892 3202 yes
3513 3868 yes
2982 9723 no
6547 0586 yes
0346 6669 no
1581 6669 yes
2345 7837 yes
4275 4275 yes
2088 5650 yes
5209 8360 no
3202 1935 no
2345 2088 no
0346 6048 no
3202 7436 no
4908 1935 no
0346 0346 yes
9046 5209 no
7909 3892 no
7900 0603 no
2088 0346 yes
5650 5969 yes
4908 7436 yes
3202 0586 no
3513 9046 yes
0346 7909 yes
5650 5969 yes
0603 1046 no
9723 0346 yes
0644 7611 yes
7436 4275 yes
7564 4908 no
5650 7116 no
3868 1935 yes
6048 7116 no
4275 3202 no
7837 5209 yes
5969 3202 no
6547 1581 yes
7316 7611 no
5209 3720 no
3720 1935 yes
7909 5650 yes
2345 5209 yes
3868 6547 yes
5969 5650 yes
6048 5650 no
3868 5795 no
9973 3892 yes
0644 6547 no
0603 3286 no
2088 0603 yes
9046 5192 yes
1581 4275 no
5085 2088 no
0617 6048 no
2982 4908 no
7116 3720 no
2392 7909 no
End
