Graph
5273 9051
9051 6145
2401 2793
6641 0767
6028 9364
9368 2401
7720 2431
0872 2567
6028 2431
2019 8196
4769 6028
2431 5545
0767 2019
5273 2562
9337 3594
2793 5273
8333 6641
5273 2204
0995 8333
2793 4923
4923 2562
3594 9051
9364 4334
8199 4769
7019 4923
2567 0848
5273 0848
6641 9593
6641 2371
0767 6641
6145 2401
9051 2401
1026 2019
1468 3594
4769 8199
0995 2371
6243 6844
7720 4334
4334 6028
1026 8333
5545 6844
4769 9364
4769 5545
3594 9337
2019 0767
6844 4334
1773 2562
4923 3594
8333 8333
7019 1468
7019 1468
9051 2567
7720 2431
0848 2793
2567 4923
6641 8333
8691 1026
0767 0995
0995 0767
9364 5224
8691 1475
1475 0767
6145 2567
9593 0767
2431 5224
2567 7019
6641 3473
0767 9593
7720 6243
6243 7720
0872 3594
Queries
5273 2431
9337 9051
8691 9593
8199 4923
9593 5273
0872 2401
8196 0995
5224 1475
1468 1773
7720 0848
5545 5545
6028 7720
0767 1468
0995 4769
7720 5224
9337 9368
2562 0995
9051 1026
7720 6145
8199 2567
6145 2431
6641 9364
6641 5273
2793 3594
3594 4923
1475 6641
2019 6641
7720 5224
9368 0767
8199 4769
6844 2567
2401 2562
2019 2019
3594 8196
7720 6028
3473 0995
5273 1773
2204 4769
5545 6243
2562 3473
2431 5224
0767 6641
8691 8196
9368 1475
2019 0995
6844 2371
2204 2562
4334 8691
2431 4769
0767 4334
5545 1026
6641 6243
9593 8691
8691 1026
4334 4334
9337 0872
1026 2793
6028 2431
8691 6641
0848 8333
4334 0767
1475 0872
8691 7019
8196 9364
2371 6243
0848 9051
5224 8333
1475 2371
5224 4334
2431 6028
6641 8333
9051 7019
6243 6145
2371 6844
4769 4334
6028 2431
9364 9051
9364 9364
9337 2431
5224 4769
5224 2431
9364 6028
9051 3594
2431 0767
8196 9337
8196 8199
6641 1468
4334 5224
9593 8199
2562 8333
5545 2371
6844 2793
9364 1475
9364 8199
6844 9364
4769 3473
6145 0848
2204 2204
4923 0848
Thinking
start 9051 src 9051
9051 5273 src 9051
9051 6145 src 9051
9051 3594 src 9051
9051 2401 src 9051
9051 2567 src 9051
5273 2562 src 9051
5273 2793 src 9051
5273 2204 src 9051
5273 0848 src 9051
3594 9337 src 9051
3594 1468 src 9051
3594 4923 src 9051
3594 0872 src 9051
2401 9368 src 9051
2567 7019 src 9051
2562 1773 src 9051
start 2431 src 2431
2431 7720 src 2431
2431 6028 src 2431
2431 5545 src 2431
2431 5224 src 2431
7720 4334 src 2431
7720 6243 src 2431
6028 9364 src 2431
6028 4769 src 2431
5545 6844 src 2431
4769 8199 src 2431
start 2371 src 2371
2371 6641 src 2371
2371 0995 src 2371
6641 0767 src 2371
6641 8333 src 2371
6641 9593 src 2371
6641 3473 src 2371
0767 2019 src 2371
0767 1475 src 2371
8333 1026 src 2371
2019 8196 src 2371
1475 8691 src 2371
Output
5273 2431 no
9337 9051 yes
8691 9593 yes
8199 4923 no
9593 5273 no
0872 2401 yes
8196 0995 yes
5224 1475 no
1468 1773 yes
7720 0848 no
5545 5545 yes
6028 7720 yes
0767 1468 no
0995 4769 no
7720 5224 yes
9337 9368 yes
2562 0995 no
9051 1026 no
7720 6145 no
8199 2567 no
6145 2431 no
6641 9364 no
6641 5273 no
2793 3594 yes
3594 4923 yes
1475 6641 yes
2019 6641 yes
7720 5224 yes
9368 0767 no
8199 4769 yes
6844 2567 no
2401 2562 yes
2019 2019 yes
3594 8196 no
7720 6028 yes
3473 0995 yes
5273 1773 yes
2204 4769 no
5545 6243 yes
2562 3473 no
2431 5224 yes
0767 6641 yes
8691 8196 yes
9368 1475 no
2019 0995 yes
6844 2371 no
2204 2562 yes
4334 8691 no
2431 4769 yes
0767 4334 no
5545 1026 no
6641 6243 no
9593 8691 yes
8691 1026 yes
4334 4334 yes
9337 0872 yes
1026 2793 no
6028 2431 yes
8691 6641 yes
0848 8333 no
4334 0767 no
1475 0872 no
8691 7019 no
8196 9364 no
2371 6243 no
0848 9051 yes
5224 8333 no
1475 2371 yes
5224 4334 yes
2431 6028 yes
6641 8333 yes
9051 7019 yes
6243 6145 no
2371 6844 no
4769 4334 yes
6028 2431 yes
9364 9051 no
9364 9364 yes
9337 2431 no
5224 4769 yes
5224 2431 yes
9364 6028 yes
9051 3594 yes
2431 0767 no
8196 9337 no
8196 8199 no
6641 1468 no
4334 5224 yes
9593 8199 no
2562 8333 no
5545 2371 no
6844 2793 no
9364 1475 no
9364 8199 yes
6844 9364 yes
4769 3473 no
6145 0848 yes
2204 2204 yes
4923 0848 yes
End
