Graph
24565 68013
05677 98027
41662 24812
68311 15230
68013 35851
45250 00206
17184 76448
15230 19441
10993 83509
21360 05744
15988 05677
11552 81864
76359 61849
39972 78084
31680 89233
17184 43099
33517 53329
10267 89333
33944 75730
41277 67129
74659 72983
13216 27329
10267 64777
26520 25599
79331 47500
77340 48533
12459 18274
94257 12482
48660 01419
71391 56642
40374 33493
64767 79643
27329 42231
15988 08858
28597 23104
84532 17184
33323 12459
76472 99336
80740 03335
49001 82464
11215 61029
20656 72051
63911 67129
64520 57476
98526 02083
42387 90475
82544 61849
76227 77707
61249 21904
63567 78084
30094 01823
53465 35574
48034 64777
56895 06743
20421 71038
86432 20421
33323 09607
53315 22531
11552 06993
95119 06434
34562 11654
98786 98143
49001 77058
00002 81864
15230 35340
27329 46726
54315 94257
79643 80740
68013 15988
98102 94100
09491 23657
94021 65494
94963 49368
64767 90226
20656 22802
12187 66305
67082 94523
33944 06857
98955 82317
98469 95935
12459 34171
23657 61941
37912 29260
66929 90179
79643 06743
11654 71875
63672 44124
17184 98315
22402 06857
59006 98440
89333 68013
53465 31317
20043 25599
75730 06743
73464 46565
22802 80054
17754 39972
89233 42356
39972 84802
61941 86475
66929 24464
09464 86107
15713 67129
81635 16158
65494 17184
15441 63672
11654 37949
36709 42356
42387 98469
84802 89953
06434 08869
06434 76359
11552 22802
68013 29260
15380 68422
12459 84291
49988 12187
29258 86496
67873 59006
39972 06743
15988 84044
30099 46403
17754 96997
72525 05629
22531 37625
20043 74659
68537 27543
63567 46403
79331 30099
08858 52119
79683 42446
52201 61941
19441 86107
77477 24464
40374 62055
19711 27065
98143 52201
22551 56642
29258 54818
52201 63669
61941 43099
23244 05744
68369 30976
90475 89076
05629 98638
03335 76349
97908 93803
96997 77340
66929 93092
98190 94021
86432 00002
20421 41662
83817 49368
37912 24565
98190 91979
86496 01419
01823 50456
09607 43322
08549 84802
10267 72038
89233 75191
03335 78084
86475 94257
89333 16687
86475 98190
53465 61994
37625 48533
53315 45085
30099 05278
88557 16158
17754 15839
06434 81864
76227 51841
65038 89333
27065 68369
72051 49368
22405 90038
17754 06857
15988 42356
98102 27888
64520 98687
35574 73464
95935 98315
80244 06743
03862 96445
87364 20043
56642 23206
20043 64777
06857 96512
87185 03588
01419 24862
98440 98469
95210 60379
96997 75777
24812 22565
61029 75460
60269 80244
02873 46558
06857 27065
52201 87185
81864 67082
71038 22565
33944 45085
37912 24565
54360 21360
75460 33493
20656 83647
42669 35574
57476 01823
93803 65392
06993 05744
42396 00977
27077 98786
77340 12187
12477 31680
16158 46726
33517 48660
17754 79561
30099 22402
81891 88819
10993 15713
23657 88778
12187 17754
49001 96997
23206 00977
47005 53315
95119 86432
81891 95210
49965 53465
87185 19418
61994 79624
00002 25175
78084 89953
57476 43322
16103 68537
35574 72525
94963 80054
51841 73464
79624 76472
81815 17754
90499 80054
66560 78084
93803 42231
56766 13550
20043 30274
90622 71038
62055 53465
86107 26359
05629 65392
82174 30968
44124 15441
56766 35239
03862 23657
94257 84532
61994 35340
30976 46403
83037 02873
22551 26485
47005 30099
81864 72051
90038 91979
15713 68556
86107 76472
05677 73914
27065 75777
45085 80244
82544 71038
37949 39140
53315 65107
75460 94100
79331 27065
49738 48034
75730 08549
23005 22315
35239 37949
63835 71038
90038 98315
31680 35239
75867 12183
12183 52201
16103 23244
84955 57476
49368 95104
70930 89076
96512 77058
42387 96445
98469 98315
63669 27077
71850 20043
43471 41662
24464 09607
63835 58806
88557 26359
72038 34562
92638 09491
52201 70930
10228 24464
54360 58806
36709 84044
01823 25544
40413 13216
20171 03335
08593 23244
89076 98469
09607 84955
64245 09464
73914 42446
30968 61994
46403 06857
30094 53465
98955 00206
79624 23951
11215 93092
74659 03025
98102 45824
24464 16158
56642 03588
33493 84955
98526 81635
34171 28597
81635 61994
53465 26359
54315 69783
42922 95935
47500 77340
68369 22402
13144 81891
59589 95935
24812 83037
17754 78084
00275 34878
79643 47005
76472 75460
59200 06857
61249 75867
10267 35239
43099 28108
53329 54360
15988 20043
10267 13144
78084 77340
15380 25175
77340 66560
74659 13550
96997 64767
09607 45824
67082 00002
35574 37231
05907 26520
54818 06434
98955 41277
01419 08593
10228 98526
62844 33517
17194 67082
11654 56766
81815 08549
50368 19418
20421 34528
19418 52201
81891 81079
75867 44124
72525 28597
96613 23657
00275 66929
97195 59148
74659 42446
10993 08858
56642 21655
84802 85763
02083 00275
65107 17754
12459 90999
21360 62844
79624 46565
06434 06200
11215 12459
34171 57476
22802 53329
19231 68013
20656 54360
05659 98315
90475 98469
22802 40944
87364 05907
47500 22531
31680 05677
12183 17735
40411 17184
18274 75460
20421 24862
61941 98469
98469 84532
34528 49368
54360 48660
58084 77707
23005 12477
11654 74659
22347 47500
04290 45824
98786 23206
64777 81079
91130 40413
05744 36185
39972 96997
10267 75229
62055 98526
17184 87185
98469 65878
46558 29258
23005 39088
65107 80558
59930 06200
78084 25018
25018 35790
39088 81891
15839 37625
72525 42231
81864 58806
76227 37231
16103 53329
48660 02873
24090 05659
01419 23053
61994 90553
48533 96512
37949 55908
72038 00206
84291 42231
03862 09491
49700 50456
09607 58084
98469 44124
46558 17194
00206 17848
82317 08858
72051 48660
88654 68556
63911 83509
27065 80740
42387 61941
81891 49519
63672 88778
96613 27077
96445 89076
37625 96997
56642 59589
67082 25175
89076 94021
11654 17186
90499 49368
41662 00002
94963 90622
89619 05659
22347 20171
42231 97195
49519 39140
Queries
66305 77340
62055 57476
05744 16103
23053 44124
44124 59589
57476 27065
61249 11654
86475 95935
74659 12477
03335 06857
63672 65878
34562 88819
35790 28597
06743 45824
76472 35790
98315 03588
43471 00002
26485 65494
22551 71875
22531 39972
24565 82544
80054 61849
03588 89076
15380 58806
81079 85763
86475 98440
45824 61994
63835 80054
70930 22551
94100 27065
59148 62055
46558 80054
16158 15230
76349 63567
43322 94100
65107 63567
63567 49700
42446 76349
49988 30099
48660 56766
81635 42922
12183 98440
71850 73464
02873 85763
05278 79643
29258 54818
35340 22402
98440 98440
22315 77058
86432 97908
83647 53465
05677 66929
76349 80740
73914 22315
23053 01419
69783 98955
81079 08549
80740 36185
11552 25175
65392 65392
44124 21655
51841 77707
20171 78084
88819 59200
06743 23206
98315 96613
76359 23053
52119 22402
63567 82464
63567 33944
10993 36709
98469 91979
50368 50456
84802 81815
87364 13144
19231 63672
71875 03025
49965 63567
25599 42356
12477 39140
54360 34528
90226 94523
42231 94100
21655 63672
90553 11215
01419 72051
90038 88557
15230 24464
95210 61029
44124 49368
52201 97195
26485 59589
34562 47500
19711 22347
31317 33944
19418 64520
35574 35574
67129 84044
40413 26359
90226 77340
48533 19711
20043 06200
75777 40944
96997 90475
65392 63911
50368 94257
22531 06743
26520 24464
84802 64245
81864 05659
01823 76227
87364 52119
42922 94257
92638 94021
30976 89953
28597 75777
12482 00002
46403 46403
56895 71850
33323 34878
42231 35574
35574 37231
80740 46403
25018 77058
11552 98526
79331 80558
83509 20421
13550 75460
59148 46726
35239 83037
95104 16103
34562 95210
00206 76359
90499 76359
63567 17754
05278 35574
46565 10993
81864 84955
98315 61249
08869 67082
67873 61849
27077 26485
98315 84955
83037 96445
65494 89953
16158 34171
33517 26520
58084 98526
56642 03588
89953 89953
59589 90038
11215 33323
36185 17194
84802 80558
08869 94963
15839 43322
86432 06200
72525 73464
96445 61249
89619 21655
37912 41277
77477 75460
56895 30099
03335 90475
17186 37912
89333 37912
55908 28108
89333 24812
98469 06993
30274 86496
06434 76227
19711 03588
15839 08869
40413 97908
46403 63567
00275 42669
15713 05677
73914 94963
34562 12477
97908 42446
49001 59589
75867 39088
34562 50368
82464 25018
05907 89333
75730 25599
63672 21904
33323 57476
88778 64777
33323 64520
15441 75867
79683 84044
75867 00002
22551 88778
80558 75777
28108 09491
82174 34878
84802 90475
74659 49738
40944 24812
11654 24565
13144 23104
82464 89953
72051 22565
12459 48660
75730 00002
56895 22531
30094 45250
23053 75730
73914 83647
89953 44124
64245 34878
46565 22405
46565 66929
49519 68556
65107 00275
83647 18274
01419 08869
12459 86107
59589 98190
59200 75777
19418 42922
95119 53465
76359 25018
61849 64767
65038 26485
39972 16687
95119 65107
42396 91979
12187 67873
35340 33493
72038 45824
35340 62055
96997 33517
58806 50368
45085 01419
12183 63669
22315 13550
96445 21904
48034 25599
76359 23244
11552 06993
37949 27077
51841 49965
71391 10267
86432 77058
91130 75460
40411 69783
68537 77340
05629 17186
56895 83817
22802 92638
49738 05677
19441 59006
08869 00002
39088 52119
59930 53329
35340 84955
63672 96613
84955 91979
22531 79331
84802 64767
46558 72525
02083 11215
35851 65038
60269 66560
20421 36185
17754 15230
16687 50368
95935 94257
20656 98526
58084 22402
49368 25018
88778 03025
92638 35851
64767 16158
22402 33517
05278 84802
89619 48034
61849 49368
81815 10993
45824 82174
81864 08869
42387 59200
75777 85763
63911 49368
89619 53465
98440 20656
82544 63835
05629 17184
20171 37231
22405 94021
80558 00206
67873 09491
26520 40413
08549 56766
03588 44124
37912 06743
00977 44124
81891 42356
35340 96997
84532 53315
75460 49700
05659 23206
25018 59930
30094 10228
05677 71875
22402 91130
24464 04290
22405 75229
53465 18274
30274 84291
13216 23951
25599 15988
96613 48034
08593 81815
30094 09607
54360 61994
39972 90999
39140 39972
12482 75460
61249 13144
89619 90553
79683 42356
05907 31680
90226 89953
90553 20171
27329 90553
94021 90038
61994 68311
24090 11654
81891 73914
Thinking
start 74659 src 74659
74659 72983 src 74659
74659 20043 src 74659
74659 03025 src 74659
74659 13550 src 74659
74659 42446 src 74659
74659 11654 src 74659
20043 25599 src 74659
20043 87364 src 74659
20043 64777 src 74659
20043 30274 src 74659
20043 71850 src 74659
20043 15988 src 74659
13550 56766 src 74659
42446 79683 src 74659
42446 73914 src 74659
11654 34562 src 74659
11654 71875 src 74659
11654 37949 src 74659
11654 17186 src 74659
25599 26520 src 74659
87364 05907 src 74659
64777 10267 src 74659
64777 48034 src 74659
64777 81079 src 74659
15988 05677 src 74659
15988 08858 src 74659
15988 68013 src 74659
15988 84044 src 74659
15988 42356 src 74659
56766 35239 src 74659
34562 72038 src 74659
37949 39140 src 74659
37949 55908 src 74659
10267 89333 src 74659
10267 13144 src 74659
10267 75229 src 74659
48034 49738 src 74659
81079 81891 src 74659
05677 98027 src 74659
05677 31680 src 74659
08858 52119 src 74659
08858 10993 src 74659
08858 82317 src 74659
68013 24565 src 74659
68013 35851 src 74659
68013 29260 src 74659
68013 19231 src 74659
84044 36709 src 74659
42356 89233 src 74659
72038 00206 src 74659
39140 49519 src 74659
89333 16687 src 74659
89333 65038 src 74659
81891 88819 src 74659
81891 95210 src 74659
81891 39088 src 74659
31680 12477 src 74659
10993 83509 src 74659
10993 15713 src 74659
82317 98955 src 74659
24565 37912 src 74659
89233 75191 src 74659
00206 45250 src 74659
00206 17848 src 74659
95210 60379 src 74659
39088 23005 src 74659
83509 63911 src 74659
15713 67129 src 74659
15713 68556 src 74659
98955 41277 src 74659
23005 22315 src 74659
68556 88654 src 74659
start 86107 src 86107
86107 09464 src 86107
86107 19441 src 86107
86107 26359 src 86107
86107 76472 src 86107
09464 64245 src 86107
19441 15230 src 86107
26359 88557 src 86107
26359 53465 src 86107
76472 99336 src 86107
76472 79624 src 86107
76472 75460 src 86107
15230 68311 src 86107
15230 35340 src 86107
88557 16158 src 86107
53465 35574 src 86107
53465 31317 src 86107
53465 61994 src 86107
53465 49965 src 86107
53465 62055 src 86107
53465 30094 src 86107
79624 23951 src 86107
79624 46565 src 86107
75460 61029 src 86107
75460 33493 src 86107
75460 94100 src 86107
75460 18274 src 86107
16158 81635 src 86107
16158 46726 src 86107
16158 24464 src 86107
35574 73464 src 86107
35574 42669 src 86107
35574 72525 src 86107
35574 37231 src 86107
61994 30968 src 86107
61994 90553 src 86107
62055 40374 src 86107
62055 98526 src 86107
30094 01823 src 86107
61029 11215 src 86107
33493 84955 src 86107
94100 98102 src 86107
18274 12459 src 86107
46726 27329 src 86107
24464 66929 src 86107
24464 77477 src 86107
24464 09607 src 86107
24464 10228 src 86107
73464 51841 src 86107
72525 05629 src 86107
72525 28597 src 86107
72525 42231 src 86107
37231 76227 src 86107
30968 82174 src 86107
98526 02083 src 86107
01823 50456 src 86107
01823 57476 src 86107
01823 25544 src 86107
11215 93092 src 86107
98102 27888 src 86107
98102 45824 src 86107
12459 33323 src 86107
12459 34171 src 86107
12459 84291 src 86107
12459 90999 src 86107
27329 13216 src 86107
66929 90179 src 86107
66929 00275 src 86107
09607 43322 src 86107
09607 58084 src 86107
05629 98638 src 86107
05629 65392 src 86107
28597 23104 src 86107
42231 93803 src 86107
42231 97195 src 86107
76227 77707 src 86107
50456 49700 src 86107
57476 64520 src 86107
45824 04290 src 86107
13216 40413 src 86107
00275 34878 src 86107
93803 97908 src 86107
97195 59148 src 86107
64520 98687 src 86107
40413 91130 src 86107
start 58806 src 58806
58806 63835 src 58806
58806 54360 src 58806
58806 81864 src 58806
63835 71038 src 58806
54360 21360 src 58806
54360 53329 src 58806
54360 20656 src 58806
54360 48660 src 58806
81864 11552 src 58806
81864 00002 src 58806
81864 06434 src 58806
81864 67082 src 58806
81864 72051 src 58806
71038 20421 src 58806
71038 22565 src 58806
71038 90622 src 58806
71038 82544 src 58806
21360 05744 src 58806
21360 62844 src 58806
53329 33517 src 58806
53329 22802 src 58806
53329 16103 src 58806
20656 83647 src 58806
48660 01419 src 58806
48660 02873 src 58806
11552 06993 src 58806
00002 86432 src 58806
00002 25175 src 58806
00002 41662 src 58806
06434 95119 src 58806
06434 08869 src 58806
06434 76359 src 58806
06434 54818 src 58806
06434 06200 src 58806
67082 94523 src 58806
67082 17194 src 58806
72051 49368 src 58806
20421 34528 src 58806
20421 24862 src 58806
22565 24812 src 58806
90622 94963 src 58806
82544 61849 src 58806
05744 23244 src 58806
05744 36185 src 58806
22802 80054 src 58806
22802 40944 src 58806
16103 68537 src 58806
01419 86496 src 58806
01419 08593 src 58806
01419 23053 src 58806
02873 46558 src 58806
02873 83037 src 58806
25175 15380 src 58806
41662 43471 src 58806
54818 29258 src 58806
06200 59930 src 58806
49368 83817 src 58806
49368 95104 src 58806
49368 90499 src 58806
68537 27543 src 58806
15380 68422 src 58806
start 17754 src 17754
17754 39972 src 17754
17754 96997 src 17754
17754 15839 src 17754
17754 06857 src 17754
17754 79561 src 17754
17754 12187 src 17754
17754 81815 src 17754
17754 78084 src 17754
17754 65107 src 17754
39972 84802 src 17754
39972 06743 src 17754
96997 77340 src 17754
96997 75777 src 17754
96997 49001 src 17754
96997 64767 src 17754
96997 37625 src 17754
06857 33944 src 17754
06857 22402 src 17754
06857 96512 src 17754
06857 27065 src 17754
06857 46403 src 17754
06857 59200 src 17754
12187 66305 src 17754
12187 49988 src 17754
81815 08549 src 17754
78084 63567 src 17754
78084 03335 src 17754
78084 89953 src 17754
78084 66560 src 17754
78084 25018 src 17754
65107 53315 src 17754
65107 80558 src 17754
84802 85763 src 17754
06743 56895 src 17754
06743 79643 src 17754
06743 75730 src 17754
06743 80244 src 17754
77340 48533 src 17754
77340 47500 src 17754
49001 82464 src 17754
49001 77058 src 17754
64767 90226 src 17754
37625 22531 src 17754
33944 45085 src 17754
22402 30099 src 17754
22402 68369 src 17754
27065 19711 src 17754
27065 79331 src 17754
27065 80740 src 17754
46403 30976 src 17754
03335 76349 src 17754
03335 20171 src 17754
25018 35790 src 17754
53315 47005 src 17754
80244 60269 src 17754
47500 22347 src 17754
30099 05278 src 17754
start 98469 src 98469
98469 95935 src 98469
98469 42387 src 98469
98469 98440 src 98469
98469 98315 src 98469
98469 89076 src 98469
98469 90475 src 98469
98469 61941 src 98469
98469 84532 src 98469
98469 65878 src 98469
98469 44124 src 98469
95935 42922 src 98469
95935 59589 src 98469
42387 96445 src 98469
98440 59006 src 98469
98315 17184 src 98469
98315 90038 src 98469
98315 05659 src 98469
89076 70930 src 98469
89076 94021 src 98469
61941 23657 src 98469
61941 86475 src 98469
61941 52201 src 98469
61941 43099 src 98469
84532 94257 src 98469
44124 63672 src 98469
44124 15441 src 98469
44124 75867 src 98469
59589 56642 src 98469
96445 03862 src 98469
59006 67873 src 98469
17184 76448 src 98469
17184 65494 src 98469
17184 40411 src 98469
17184 87185 src 98469
90038 22405 src 98469
90038 91979 src 98469
05659 24090 src 98469
05659 89619 src 98469
94021 98190 src 98469
23657 09491 src 98469
23657 88778 src 98469
23657 96613 src 98469
52201 98143 src 98469
52201 63669 src 98469
52201 12183 src 98469
52201 19418 src 98469
43099 28108 src 98469
94257 12482 src 98469
94257 54315 src 98469
75867 61249 src 98469
56642 71391 src 98469
56642 22551 src 98469
56642 23206 src 98469
56642 03588 src 98469
56642 21655 src 98469
09491 92638 src 98469
96613 27077 src 98469
98143 98786 src 98469
12183 17735 src 98469
19418 50368 src 98469
54315 69783 src 98469
61249 21904 src 98469
22551 26485 src 98469
23206 00977 src 98469
00977 42396 src 98469
Output
66305 77340 yes
62055 57476 yes
05744 16103 yes
23053 44124 no
44124 59589 yes
57476 27065 no
61249 11654 no
86475 95935 yes
74659 12477 yes
03335 06857 yes
63672 65878 yes
34562 88819 yes
35790 28597 no
06743 45824 no
76472 35790 no
98315 03588 yes
43471 00002 yes
26485 65494 yes
22551 71875 no
22531 39972 yes
24565 82544 no
80054 61849 yes
03588 89076 yes
15380 58806 yes
81079 85763 no
86475 98440 yes
45824 61994 yes
63835 80054 yes
70930 22551 yes
94100 27065 no
59148 62055 yes
46558 80054 yes
16158 15230 yes
76349 63567 yes
43322 94100 yes
65107 63567 yes
63567 49700 no
42446 76349 no
49988 30099 yes
48660 56766 no
81635 42922 no
12183 98440 yes
71850 73464 no
02873 85763 no
05278 79643 yes
29258 54818 yes
35340 22402 no
98440 98440 yes
22315 77058 no
86432 97908 no
83647 53465 no
05677 66929 no
76349 80740 yes
73914 22315 yes
23053 01419 yes
69783 98955 no
81079 08549 no
80740 36185 no
11552 25175 yes
65392 65392 yes
44124 21655 yes
51841 77707 yes
20171 78084 yes
88819 59200 no
06743 23206 no
98315 96613 yes
76359 23053 yes
52119 22402 no
63567 82464 yes
63567 33944 yes
10993 36709 yes
98469 91979 yes
50368 50456 no
84802 81815 yes
87364 13144 yes
19231 63672 no
71875 03025 yes
49965 63567 no
25599 42356 yes
12477 39140 yes
54360 34528 yes
90226 94523 no
42231 94100 yes
21655 63672 yes
90553 11215 yes
01419 72051 yes
90038 88557 no
15230 24464 yes
95210 61029 no
44124 49368 no
52201 97195 no
26485 59589 yes
34562 47500 no
19711 22347 yes
31317 33944 no
19418 64520 no
35574 35574 yes
67129 84044 yes
40413 26359 yes
90226 77340 yes
48533 19711 yes
20043 06200 no
75777 40944 no
96997 90475 no
65392 63911 no
50368 94257 yes
22531 06743 yes
26520 24464 no
84802 64245 no
81864 05659 no
01823 76227 yes
87364 52119 yes
42922 94257 yes
92638 94021 yes
30976 89953 yes
28597 75777 no
12482 00002 no
46403 46403 yes
56895 71850 no
33323 34878 yes
42231 35574 yes
35574 37231 yes
80740 46403 yes
25018 77058 yes
11552 98526 no
79331 80558 yes
83509 20421 no
13550 75460 no
59148 46726 yes
35239 83037 no
95104 16103 yes
34562 95210 yes
00206 76359 no
90499 76359 yes
63567 17754 yes
05278 35574 no
46565 10993 no
81864 84955 no
98315 61249 yes
08869 67082 yes
67873 61849 no
27077 26485 yes
98315 84955 no
83037 96445 no
65494 89953 no
16158 34171 yes
33517 26520 no
58084 98526 yes
56642 03588 yes
89953 89953 yes
59589 90038 yes
11215 33323 yes
36185 17194 yes
84802 80558 yes
08869 94963 yes
15839 43322 no
86432 06200 yes
72525 73464 yes
96445 61249 yes
89619 21655 yes
37912 41277 yes
77477 75460 yes
56895 30099 yes
03335 90475 no
17186 37912 yes
89333 37912 yes
55908 28108 no
89333 24812 no
98469 06993 no
30274 86496 no
06434 76227 no
19711 03588 no
15839 08869 no
40413 97908 yes
46403 63567 yes
00275 42669 yes
15713 05677 yes
73914 94963 no
34562 12477 yes
97908 42446 no
49001 59589 no
75867 39088 no
34562 50368 no
82464 25018 yes
05907 89333 yes
75730 25599 no
63672 21904 yes
33323 57476 yes
88778 64777 no
33323 64520 yes
15441 75867 yes
79683 84044 yes
75867 00002 no
22551 88778 yes
80558 75777 yes
28108 09491 yes
82174 34878 yes
84802 90475 no
74659 49738 yes
40944 24812 yes
11654 24565 yes
13144 23104 no
82464 89953 yes
72051 22565 yes
12459 48660 no
75730 00002 no
56895 22531 yes
30094 45250 no
23053 75730 no
73914 83647 no
89953 44124 no
64245 34878 yes
46565 22405 no
46565 66929 yes
49519 68556 yes
65107 00275 no
83647 18274 no
01419 08869 yes
12459 86107 yes
59589 98190 yes
59200 75777 yes
19418 42922 yes
95119 53465 no
76359 25018 no
61849 64767 no
65038 26485 no
39972 16687 no
95119 65107 no
42396 91979 yes
12187 67873 no
35340 33493 yes
72038 45824 no
35340 62055 yes
96997 33517 no
58806 50368 no
45085 01419 no
12183 63669 yes
22315 13550 yes
96445 21904 yes
48034 25599 yes
76359 23244 yes
11552 06993 yes
37949 27077 no
51841 49965 yes
71391 10267 no
86432 77058 no
91130 75460 yes
40411 69783 yes
68537 77340 no
05629 17186 no
56895 83817 no
22802 92638 no
49738 05677 yes
19441 59006 no
08869 00002 yes
39088 52119 yes
59930 53329 yes
35340 84955 yes
63672 96613 yes
84955 91979 no
22531 79331 yes
84802 64767 yes
46558 72525 no
02083 11215 yes
35851 65038 yes
60269 66560 yes
20421 36185 yes
17754 15230 no
16687 50368 no
95935 94257 yes
20656 98526 no
58084 22402 no
49368 25018 no
88778 03025 no
92638 35851 no
64767 16158 no
22402 33517 no
05278 84802 yes
89619 48034 no
61849 49368 yes
81815 10993 no
45824 82174 yes
81864 08869 yes
42387 59200 no
75777 85763 yes
63911 49368 no
89619 53465 no
98440 20656 no
82544 63835 yes
05629 17184 no
20171 37231 no
22405 94021 yes
80558 00206 no
67873 09491 yes
26520 40413 no
08549 56766 no
03588 44124 yes
37912 06743 no
00977 44124 yes
81891 42356 yes
35340 96997 no
84532 53315 no
75460 49700 yes
05659 23206 yes
25018 59930 no
30094 10228 yes
05677 71875 yes
22402 91130 no
24464 04290 yes
22405 75229 no
53465 18274 yes
30274 84291 no
13216 23951 yes
25599 15988 yes
96613 48034 no
08593 81815 no
30094 09607 yes
54360 61994 no
39972 90999 no
39140 39972 no
12482 75460 no
61249 13144 no
89619 90553 no
79683 42356 yes
05907 31680 yes
90226 89953 yes
90553 20171 no
27329 90553 yes
94021 90038 yes
61994 68311 yes
24090 11654 no
81891 73914 yes
End
