Graph
2645 7583
6998 6998
5847 5429
1214 6151
1214 8924
8315 0433
8188 4190
5834 1020
5834 0596
6998 6224
8519 2645
8315 9348
8519 5609
1020 2181
2066 1020
2113 6224
0824 8315
7080 0433
9348 2645
3288 1346
4064 3730
4190 3288
4190 6151
0824 7532
1020 9628
6998 6380
4190 2113
7532 7583
1214 3049
3288 3049
8188 1214
8519 2181
8188 5429
1721 1020
8315 7636
6380 3730
8519 5140
3800 7636
0433 1020
1020 7532
3800 7583
9348 5834
2113 5429
2113 6151
7583 7636
8519 4812
3288 1214
8924 6224
8924 8188
7601 0433
3299 1721
6224 8924
8924 3049
4064 2113
3730 4818
2181 5834
7636 8315
6151 8500
1721 7636
1721 2645
4190 3730
9628 7636
2181 7636
3049 5847
4521 5609
7583 4521
3395 2066
3049 6998
8924 8188
6380 6380
3299 2181
8188 5847
3800 0433
5847 8924
6151 1346
2113 1214
4812 7636
4190 3730
3288 5847
2645 7583
8500 8500
6380 4190
6224 6380
3730 4818
0596 7636
3395 3299
Queries
1020 6998
5609 4190
2645 8924
3395 2113
1346 6151
5609 0596
4064 5429
6224 5834
8924 5140
8315 6151
5847 3049
3299 5429
6151 8188
0824 5429
3730 8315
2181 6151
1721 7583
3395 8188
1721 3049
6224 3730
5847 4190
4064 5429
8188 8500
3288 2066
3049 1346
7080 4812
3395 2113
3800 5847
7601 7532
8500 8188
1020 3730
4190 7583
3288 2066
0824 3288
5609 6998
8924 1346
0824 4190
2113 3730
3800 1346
9628 3288
1346 1214
0433 6998
9628 6224
5609 6224
6151 7532
8500 3299
6998 8315
6151 5429
7583 4190
5847 0824
4064 4064
6380 1020
5609 7636
7583 3299
8315 3730
8315 7080
5429 2645
3049 5834
2113 8188
7601 4521
5834 1346
5429 8500
4818 0433
5609 6224
8188 2113
3800 5834
1721 7532
0824 8924
2181 7583
2181 4064
4818 4521
8519 1214
4190 1721
7532 6998
1346 0596
3288 4064
7080 8519
2645 8924
5429 2645
4818 4818
2645 2066
2113 6380
1721 3299
8500 8315
5847 4064
5609 4818
9348 4818
6998 3049
8500 5847
8924 4818
8315 9628
4190 3395
Thinking
start 7636 src 7636
7636 8315 src 7636
7636 3800 src 7636
7636 7583 src 7636
7636 1721 src 7636
7636 9628 src 7636
7636 2181 src 7636
7636 4812 src 7636
7636 0596 src 7636
8315 0433 src 7636
8315 9348 src 7636
8315 0824 src 7636
7583 2645 src 7636
7583 7532 src 7636
7583 4521 src 7636
1721 1020 src 7636
1721 3299 src 7636
2181 8519 src 7636
2181 5834 src 7636
0433 7080 src 7636
0433 7601 src 7636
4521 5609 src 7636
1020 2066 src 7636
3299 3395 src 7636
8519 5140 src 7636
start 1214 src 1214
1214 6151 src 1214
1214 8924 src 1214
1214 3049 src 1214
1214 8188 src 1214
1214 3288 src 1214
1214 2113 src 1214
6151 4190 src 1214
6151 8500 src 1214
6151 1346 src 1214
8924 6224 src 1214
8924 5847 src 1214
3049 6998 src 1214
8188 5429 src 1214
2113 4064 src 1214
4190 3730 src 1214
4190 6380 src 1214
3730 4818 src 1214
Output
1020 6998 no
5609 4190 no
2645 8924 no
3395 2113 no
1346 6151 yes
5609 0596 yes
4064 5429 yes
6224 5834 no
8924 5140 no
8315 6151 no
5847 3049 yes
3299 5429 no
6151 8188 yes
0824 5429 no
3730 8315 no
2181 6151 no
1721 7583 yes
3395 8188 no
1721 3049 no
6224 3730 yes
5847 4190 yes
4064 5429 yes
8188 8500 yes
3288 2066 no
3049 1346 yes
7080 4812 yes
3395 2113 no
3800 5847 no
7601 7532 yes
8500 8188 yes
1020 3730 no
4190 7583 no
3288 2066 no
0824 3288 no
5609 6998 no
8924 1346 yes
0824 4190 no
2113 3730 yes
3800 1346 no
9628 3288 no
1346 1214 yes
0433 6998 no
9628 6224 no
5609 6224 no
6151 7532 no
8500 3299 no
6998 8315 no
6151 5429 yes
7583 4190 no
5847 0824 no
4064 4064 yes
6380 1020 no
5609 7636 yes
7583 3299 yes
8315 3730 no
8315 7080 yes
5429 2645 no
3049 5834 no
2113 8188 yes
7601 4521 yes
5834 1346 no
5429 8500 yes
4818 0433 no
5609 6224 no
8188 2113 yes
3800 5834 yes
1721 7532 yes
0824 8924 no
2181 7583 yes
2181 4064 no
4818 4521 no
8519 1214 no
4190 1721 no
7532 6998 no
1346 0596 no
3288 4064 yes
7080 8519 yes
2645 8924 no
5429 2645 no
4818 4818 yes
2645 2066 yes
2113 6380 yes
1721 3299 yes
8500 8315 no
5847 4064 yes
5609 4818 no
9348 4818 no
6998 3049 yes
8500 5847 yes
8924 4818 yes
8315 9628 yes
4190 3395 no
End
