Graph
79308 52310
95307 36628
93896 14674
71005 20456
83436 98187
79308 93748
86626 53142
92337 47031
07289 88956
60645 71005
85801 55653
78292 59805
48800 44544
57436 04668
79583 30396
11659 51869
29324 67217
55653 08994
94150 58268
42639 72940
36628 76038
65725 75630
60212 56402
96056 69874
28037 43323
20456 20456
75557 89314
18455 08994
17862 33044
73960 61838
57457 22595
80454 85801
07616 85801
18727 61320
30396 93896
55149 47031
47920 11659
56953 34564
93748 24462
83519 20659
05982 83273
87526 45559
68828 36144
83788 76093
78292 86067
62960 97868
75720 08546
08994 42166
11176 32271
94150 99993
11884 09072
05089 32922
20442 48256
45559 37337
98306 07289
63345 47614
41883 80454
53027 06460
55149 47453
61568 12489
75124 98187
72740 24401
96056 78608
48498 06797
08953 59345
13101 00441
11798 64740
80454 07289
90272 17276
76199 54701
16868 92337
53142 83273
99662 02528
43323 85801
86626 99662
61320 17785
39491 62857
76038 74102
41883 59337
44528 47920
65224 13768
30396 24401
11696 98670
65725 20442
82546 83519
06134 17745
05062 36628
41883 24093
79281 16868
20456 93856
13136 76048
07029 68775
20659 87468
52904 61611
56953 75630
88346 09072
18727 57436
96650 20959
33044 10034
47095 11696
48056 12604
37337 03145
41348 17745
48800 17785
22311 36841
48056 20659
38122 96056
78292 92845
28947 46780
95749 95938
65605 28947
63563 70281
36656 12489
24401 67944
58219 15677
06863 37337
99718 11884
09088 94150
29324 70872
18628 96650
61611 10699
23669 47920
15677 65725
59290 17862
09072 65224
81604 58219
78292 20442
65724 46990
06797 49422
85801 71079
69633 05062
51869 71278
83436 83300
80468 60798
20659 05089
71278 95938
04668 08994
17364 07029
87718 36144
24093 83788
80070 87468
75630 62960
35791 56402
24093 07616
99361 55149
75124 41349
17862 59290
94661 70281
75557 69633
69633 26301
09072 48256
79983 42166
75051 49779
09178 26288
07289 01540
01540 68775
65725 06460
30434 42727
79281 34109
72940 13136
00441 74150
69328 61361
76199 24504
75630 47128
81397 48056
96650 91684
64594 78150
83519 92337
14206 85460
61568 26499
34109 82546
60798 00559
34539 96295
20659 48056
89123 23869
20659 35791
68218 48800
99361 65530
06134 36144
90189 61838
93748 73960
01756 18628
47128 69328
52310 86626
96676 74150
62960 09072
08546 95307
52310 29818
17745 05062
85460 09088
89314 90189
99361 19974
70872 98187
70872 54701
54701 83436
98670 36219
61568 83519
98670 52310
75630 17862
16868 89169
83273 29818
01756 18867
42936 64022
19476 54647
81397 87468
68828 25494
56402 56402
63345 30434
30001 09214
94150 71079
19476 58219
79983 56396
67217 30001
74102 25494
22595 76038
17862 45559
61568 74325
08546 73085
06863 32426
90272 99993
71278 44528
00394 15677
68529 65530
90993 12489
36656 12697
97670 08211
64361 35791
00584 83519
02257 36841
79983 08994
30396 98462
82339 47453
98670 64740
04668 68218
71278 94711
65605 44702
46990 72740
89531 99662
67217 76048
48056 55012
42639 57991
95307 90189
52310 09078
98670 56406
62857 57436
19476 63563
54647 99718
60798 93896
86626 73960
13101 55074
97670 55074
07029 83788
64361 93856
22595 61611
18628 59343
87515 36841
92152 48256
48498 06797
87718 11696
11884 69328
60798 59362
70381 59345
83436 77817
49422 07289
96295 61838
59337 05786
73960 73085
18628 65724
94150 39491
83436 54701
85801 97204
59343 42639
63345 00559
30372 65530
14674 24401
19974 02026
57457 75720
05786 91388
43485 20717
60645 82546
60798 73301
98688 98670
47095 21602
47095 36628
98688 21602
56953 60451
39491 97204
18455 08994
57457 09078
19442 62857
30396 43485
65725 61361
59805 33044
70381 75124
79583 59362
12489 09768
47386 59345
04668 17785
19442 61320
78608 65724
85757 06460
59337 67798
44528 83436
65530 27799
75630 42936
20456 92337
75630 20442
83484 75630
23669 24504
56396 43241
11884 77046
96295 09178
27799 87515
00441 15677
68218 80454
60798 44528
28947 26301
14206 43241
90189 96295
95307 86626
96650 83300
16444 21602
90993 11638
82339 05089
55074 20442
69633 95307
29681 55653
43485 59345
71278 08953
58268 14206
11176 49779
17785 83788
81397 35791
49779 47453
26301 29818
83436 24401
15677 00022
17826 87468
99662 64594
29681 39491
14674 67944
43485 98462
73960 89531
09768 92337
98187 29324
07365 49422
93748 05982
06863 48256
08953 57991
94661 33797
09214 14674
04668 91388
56396 68775
09832 65724
34564 64222
83300 67217
22311 81397
67217 42639
60645 27799
19476 75630
09178 83273
77046 11884
83300 47920
11176 20659
68828 23869
09072 33044
26288 76038
02026 26499
17785 17364
00559 72740
83519 27799
48056 47453
09999 44528
71278 63097
17862 97670
81397 12604
22311 99361
85801 17276
78840 47614
11176 87515
64222 20442
09768 28054
47095 62944
43323 79983
51869 96056
73960 86626
42166 99096
70281 83484
79983 04275
08994 53635
00394 60451
92337 93105
72940 96056
11798 36628
01968 43323
60212 56402
33044 33797
75124 76199
13768 74150
34109 11638
20659 36841
92152 85757
53142 23869
67217 66069
26288 36219
13136 27835
10699 26301
65724 83436
94150 85801
98670 89123
30396 18867
97204 61443
75630 92764
46780 34539
68218 99096
08546 87718
74102 02528
64222 00394
48056 60986
10034 00022
75124 13136
Queries
98306 47031
89314 76093
27835 78150
59290 99361
26301 05786
62857 39491
53027 96676
83788 72940
69328 10034
06797 33044
79983 11884
00394 43241
28054 32271
57991 96295
91388 94150
80070 91388
33797 45559
68529 01540
61320 23669
43323 46780
11638 01968
97670 00022
04668 88346
10034 95307
79308 04275
34539 54701
48256 20959
76048 57436
16868 94150
06134 44544
39491 33044
47614 96056
97204 29681
56953 83484
83436 76199
47128 87718
30001 63345
80454 83788
41883 53635
54647 64222
92337 02257
34109 93105
05062 85801
18455 01540
08953 98306
19476 26301
74150 92845
57457 60451
76199 83484
83788 41883
32271 30434
79983 97204
68529 76048
85757 60986
55149 56953
62960 92845
75720 85460
36628 05089
55149 16868
05062 16444
48256 56406
62944 42936
43241 04275
57436 79281
82546 36841
26301 29818
68775 17364
59343 98462
25494 68218
62960 69874
09832 15677
44702 90993
24093 34564
49779 47128
59805 44702
83788 08211
95307 93748
77046 86067
76093 42166
10034 38122
68828 55074
09768 00559
48800 97204
18628 36219
74150 24504
90272 99718
58219 43485
55149 48056
32426 99096
30001 34564
51869 42639
34109 99361
02257 30434
96676 11798
92845 33797
68828 17745
59805 59290
92337 96676
26301 61838
71278 30001
76048 20659
11884 68218
06863 41883
68218 25494
32922 00584
75051 11176
09768 93856
06460 89314
89531 44702
11798 59362
09088 48800
89123 32426
17785 64022
98306 97204
78150 75720
11659 10699
08953 73301
64740 42727
83300 47128
56396 85801
54701 59345
30001 86626
83273 90189
12489 11884
33797 93748
60986 39491
85801 83788
09999 93896
68828 13136
96056 28947
47031 53142
53027 78292
49422 06460
88346 61443
69874 12697
52310 12697
75557 64361
13136 93105
29324 98187
28054 13768
97204 36219
07289 09088
90993 93105
24093 91388
83788 68775
08546 42936
22311 22595
28037 43241
48256 75557
56396 87718
89314 87468
55074 12697
99993 19476
58219 19476
97868 00441
69633 78150
97670 60451
47031 02026
80070 98306
09832 57436
58219 99718
48256 74150
49779 90993
21602 11884
02257 23869
02257 11638
08546 47095
47128 86067
72940 70872
92845 60212
30434 48498
65724 72940
30001 10699
60645 83436
53027 20456
82546 93856
18455 97204
10699 95749
64361 96295
18628 09832
59362 29681
78608 60986
32271 81604
65724 53635
83300 68529
94711 09832
47453 09078
77817 67944
36219 69633
98306 34539
28037 64740
68529 02026
47095 47614
87526 55149
18628 07029
00584 54701
22311 90993
55653 20717
01968 07029
48256 06460
63563 42936
36219 00559
73960 42639
43323 43323
47920 47614
20456 28054
26288 36144
16868 89314
11638 56953
74325 12489
09832 59337
26288 98670
56402 70872
62960 92764
48256 90272
87515 60451
60798 81397
88346 37337
90272 71005
21602 64594
44528 09088
59290 55012
68775 43241
16444 59805
16868 83300
58268 05089
54647 17276
06863 86626
43323 34564
32426 74150
64740 33797
61838 21602
30001 65724
07289 61320
28947 64594
61568 47128
92845 35791
92337 35791
86626 65605
27799 67798
62944 02528
56396 61320
90993 35791
97204 99361
00559 73301
11798 81604
30434 06863
80468 49422
99718 56953
06863 88956
10699 23869
11798 34564
52904 90189
96056 96056
57457 07289
92845 97868
97204 79983
61320 65725
90272 90993
36841 94661
13101 15677
03145 87526
44544 97670
71005 60212
60798 09832
11798 83273
12697 02257
01756 98462
76048 72940
59290 72740
29324 79583
55653 66069
94661 00584
60451 98187
83788 58268
47453 61568
76199 86626
58268 47386
57457 22595
62944 10699
98306 45559
47128 09072
09768 71278
35791 93105
97204 59290
05786 26499
20456 65725
11884 41349
76093 30396
87515 16444
68218 55074
92764 59290
78608 47920
10699 98670
09088 99096
73301 23669
00441 28054
01540 95749
90189 64022
79281 42936
53142 83273
93856 16444
44702 17826
61611 41883
41349 77817
30001 16444
12489 08953
44528 00559
78840 67217
83484 17862
95938 48256
73301 99993
64222 32922
96056 12697
03145 74150
00559 72740
68828 02528
22311 61361
18628 27835
48498 33797
19476 07616
13768 15677
64222 07616
99096 75051
82546 36656
00022 33044
04668 18727
76093 48056
58268 64361
26301 73960
23669 74150
17826 87515
42936 74150
41349 79583
17745 16444
61361 20442
06863 70281
41883 57436
17364 00584
47386 42727
96056 99361
75557 01540
04668 08994
89531 74102
96676 09072
75720 07029
76093 07029
60986 62857
09178 23669
27835 76199
83484 13768
17826 93856
17276 02528
43323 60212
17826 83436
33044 30001
05786 15677
39491 18455
04275 86067
93748 29818
89531 47614
87526 44528
36144 05982
46990 09768
83436 32922
06797 28037
60986 12604
98688 69633
68218 04275
07289 99096
86626 68775
70281 36656
46780 75557
48256 01540
17862 78608
08994 17745
16868 20456
08994 89123
17862 96676
34564 67798
07029 17364
37337 36841
88346 79583
11176 56396
95307 96295
61361 27799
48256 09072
10699 73085
89123 01540
24462 90189
71005 07616
22311 34109
81397 96650
34109 11638
86626 32271
60645 19974
33797 09768
60212 65530
65724 08953
30434 30396
01968 79583
01968 79983
75557 11659
95938 42639
37337 43485
99993 43241
18628 73301
83788 83519
90189 53142
09999 11659
04275 14674
35791 75051
87468 32922
69633 62857
21602 08546
74150 18867
28054 57991
99662 94661
75051 94150
19476 78292
60798 85757
75720 76038
32271 90189
94711 57457
69874 30001
12489 00559
73085 52310
08953 57991
64022 86067
19974 26499
37337 44544
13136 85757
61443 60645
00559 09072
51869 77817
62944 41348
47453 83484
87515 78150
14674 97868
85460 02528
90993 79281
Thinking
start 85801 src 85801
85801 55653 src 85801
85801 80454 src 85801
85801 07616 src 85801
85801 43323 src 85801
85801 71079 src 85801
85801 97204 src 85801
85801 17276 src 85801
85801 94150 src 85801
55653 08994 src 85801
55653 29681 src 85801
80454 41883 src 85801
80454 07289 src 85801
80454 68218 src 85801
07616 24093 src 85801
43323 28037 src 85801
43323 79983 src 85801
43323 01968 src 85801
97204 39491 src 85801
97204 61443 src 85801
17276 90272 src 85801
94150 58268 src 85801
94150 99993 src 85801
94150 09088 src 85801
08994 18455 src 85801
08994 42166 src 85801
08994 04668 src 85801
08994 53635 src 85801
41883 59337 src 85801
07289 88956 src 85801
07289 98306 src 85801
07289 01540 src 85801
07289 49422 src 85801
68218 48800 src 85801
68218 99096 src 85801
24093 83788 src 85801
79983 56396 src 85801
79983 04275 src 85801
39491 62857 src 85801
58268 14206 src 85801
09088 85460 src 85801
04668 57436 src 85801
04668 17785 src 85801
04668 91388 src 85801
59337 05786 src 85801
59337 67798 src 85801
01540 68775 src 85801
49422 06797 src 85801
49422 07365 src 85801
48800 44544 src 85801
83788 76093 src 85801
83788 07029 src 85801
56396 43241 src 85801
62857 19442 src 85801
57436 18727 src 85801
17785 61320 src 85801
17785 17364 src 85801
06797 48498 src 85801
start 83300 src 83300
83300 83436 src 83300
83300 96650 src 83300
83300 67217 src 83300
83300 47920 src 83300
83436 98187 src 83300
83436 54701 src 83300
83436 77817 src 83300
83436 44528 src 83300
83436 24401 src 83300
83436 65724 src 83300
96650 20959 src 83300
96650 18628 src 83300
96650 91684 src 83300
67217 29324 src 83300
67217 30001 src 83300
67217 76048 src 83300
67217 42639 src 83300
67217 66069 src 83300
47920 11659 src 83300
47920 23669 src 83300
98187 75124 src 83300
98187 70872 src 83300
54701 76199 src 83300
44528 71278 src 83300
44528 60798 src 83300
44528 09999 src 83300
24401 72740 src 83300
24401 30396 src 83300
24401 67944 src 83300
24401 14674 src 83300
65724 46990 src 83300
65724 78608 src 83300
65724 09832 src 83300
18628 01756 src 83300
18628 59343 src 83300
30001 09214 src 83300
76048 13136 src 83300
42639 72940 src 83300
42639 57991 src 83300
11659 51869 src 83300
23669 24504 src 83300
75124 41349 src 83300
75124 70381 src 83300
71278 95938 src 83300
71278 94711 src 83300
71278 08953 src 83300
71278 63097 src 83300
60798 80468 src 83300
60798 00559 src 83300
60798 93896 src 83300
60798 59362 src 83300
60798 73301 src 83300
30396 79583 src 83300
30396 98462 src 83300
30396 43485 src 83300
30396 18867 src 83300
78608 96056 src 83300
13136 27835 src 83300
70381 59345 src 83300
95938 95749 src 83300
00559 63345 src 83300
43485 20717 src 83300
96056 69874 src 83300
96056 38122 src 83300
59345 47386 src 83300
63345 47614 src 83300
63345 30434 src 83300
47614 78840 src 83300
30434 42727 src 83300
start 69633 src 69633
69633 05062 src 69633
69633 75557 src 69633
69633 26301 src 69633
69633 95307 src 69633
05062 36628 src 69633
05062 17745 src 69633
75557 89314 src 69633
26301 28947 src 69633
26301 29818 src 69633
26301 10699 src 69633
95307 08546 src 69633
95307 90189 src 69633
95307 86626 src 69633
36628 76038 src 69633
36628 47095 src 69633
36628 11798 src 69633
17745 06134 src 69633
17745 41348 src 69633
28947 46780 src 69633
28947 65605 src 69633
29818 52310 src 69633
29818 83273 src 69633
10699 61611 src 69633
08546 75720 src 69633
08546 73085 src 69633
08546 87718 src 69633
90189 61838 src 69633
90189 96295 src 69633
86626 53142 src 69633
86626 99662 src 69633
86626 73960 src 69633
76038 74102 src 69633
76038 22595 src 69633
76038 26288 src 69633
47095 11696 src 69633
47095 21602 src 69633
47095 62944 src 69633
11798 64740 src 69633
06134 36144 src 69633
46780 34539 src 69633
65605 44702 src 69633
52310 79308 src 69633
52310 98670 src 69633
52310 09078 src 69633
83273 05982 src 69633
83273 09178 src 69633
61611 52904 src 69633
75720 57457 src 69633
53142 23869 src 69633
99662 02528 src 69633
99662 89531 src 69633
99662 64594 src 69633
73960 93748 src 69633
74102 25494 src 69633
26288 36219 src 69633
21602 98688 src 69633
21602 16444 src 69633
36144 68828 src 69633
98670 56406 src 69633
98670 89123 src 69633
64594 78150 src 69633
93748 24462 src 69633
start 83519 src 83519
83519 20659 src 83519
83519 82546 src 83519
83519 92337 src 83519
83519 61568 src 83519
83519 00584 src 83519
83519 27799 src 83519
20659 87468 src 83519
20659 48056 src 83519
20659 05089 src 83519
20659 35791 src 83519
20659 11176 src 83519
20659 36841 src 83519
82546 34109 src 83519
82546 60645 src 83519
92337 47031 src 83519
92337 16868 src 83519
92337 20456 src 83519
92337 09768 src 83519
92337 93105 src 83519
61568 12489 src 83519
61568 26499 src 83519
61568 74325 src 83519
27799 65530 src 83519
27799 87515 src 83519
87468 80070 src 83519
87468 81397 src 83519
87468 17826 src 83519
48056 12604 src 83519
48056 55012 src 83519
48056 47453 src 83519
48056 60986 src 83519
05089 32922 src 83519
05089 82339 src 83519
35791 56402 src 83519
35791 64361 src 83519
11176 32271 src 83519
11176 49779 src 83519
36841 22311 src 83519
36841 02257 src 83519
34109 79281 src 83519
34109 11638 src 83519
60645 71005 src 83519
47031 55149 src 83519
16868 89169 src 83519
20456 93856 src 83519
09768 28054 src 83519
12489 36656 src 83519
12489 90993 src 83519
26499 02026 src 83519
65530 99361 src 83519
65530 68529 src 83519
65530 30372 src 83519
56402 60212 src 83519
49779 75051 src 83519
36656 12697 src 83519
02026 19974 src 83519
start 15677 src 15677
15677 58219 src 15677
15677 65725 src 15677
15677 00394 src 15677
15677 00441 src 15677
15677 00022 src 15677
58219 81604 src 15677
58219 19476 src 15677
65725 75630 src 15677
65725 20442 src 15677
65725 06460 src 15677
65725 61361 src 15677
00394 60451 src 15677
00394 64222 src 15677
00441 13101 src 15677
00441 74150 src 15677
00022 10034 src 15677
19476 54647 src 15677
19476 63563 src 15677
75630 56953 src 15677
75630 62960 src 15677
75630 47128 src 15677
75630 17862 src 15677
75630 42936 src 15677
75630 83484 src 15677
75630 92764 src 15677
20442 48256 src 15677
20442 78292 src 15677
20442 55074 src 15677
06460 53027 src 15677
06460 85757 src 15677
61361 69328 src 15677
64222 34564 src 15677
74150 96676 src 15677
74150 13768 src 15677
10034 33044 src 15677
54647 99718 src 15677
63563 70281 src 15677
62960 97868 src 15677
62960 09072 src 15677
17862 59290 src 15677
17862 45559 src 15677
17862 97670 src 15677
42936 64022 src 15677
48256 92152 src 15677
48256 06863 src 15677
78292 59805 src 15677
78292 86067 src 15677
78292 92845 src 15677
69328 11884 src 15677
13768 65224 src 15677
33044 33797 src 15677
70281 94661 src 15677
09072 88346 src 15677
45559 87526 src 15677
45559 37337 src 15677
97670 08211 src 15677
06863 32426 src 15677
11884 77046 src 15677
37337 03145 src 15677
Output
98306 47031 no
89314 76093 no
27835 78150 no
59290 99361 no
26301 05786 no
62857 39491 yes
53027 96676 yes
83788 72940 no
69328 10034 yes
06797 33044 no
79983 11884 no
00394 43241 no
28054 32271 yes
57991 96295 no
91388 94150 yes
80070 91388 no
33797 45559 yes
68529 01540 no
61320 23669 no
43323 46780 no
11638 01968 no
97670 00022 yes
04668 88346 no
10034 95307 no
79308 04275 no
34539 54701 no
48256 20959 no
76048 57436 no
16868 94150 no
06134 44544 no
39491 33044 no
47614 96056 yes
97204 29681 yes
56953 83484 yes
83436 76199 yes
47128 87718 no
30001 63345 yes
80454 83788 yes
41883 53635 yes
54647 64222 yes
92337 02257 yes
34109 93105 yes
05062 85801 no
18455 01540 yes
08953 98306 no
19476 26301 no
74150 92845 yes
57457 60451 no
76199 83484 no
83788 41883 yes
32271 30434 no
79983 97204 yes
68529 76048 no
85757 60986 no
55149 56953 no
62960 92845 yes
75720 85460 no
36628 05089 no
55149 16868 yes
05062 16444 yes
48256 56406 no
62944 42936 no
43241 04275 yes
57436 79281 no
82546 36841 yes
26301 29818 yes
68775 17364 yes
59343 98462 yes
25494 68218 no
62960 69874 no
09832 15677 no
44702 90993 no
24093 34564 no
49779 47128 no
59805 44702 no
83788 08211 no
95307 93748 yes
77046 86067 yes
76093 42166 yes
10034 38122 no
68828 55074 no
09768 00559 no
48800 97204 yes
18628 36219 no
74150 24504 no
90272 99718 no
58219 43485 no
55149 48056 yes
32426 99096 no
30001 34564 no
51869 42639 yes
34109 99361 yes
02257 30434 no
96676 11798 no
92845 33797 yes
68828 17745 yes
59805 59290 yes
92337 96676 no
26301 61838 yes
71278 30001 yes
76048 20659 no
11884 68218 no
06863 41883 no
68218 25494 no
32922 00584 yes
75051 11176 yes
09768 93856 yes
06460 89314 no
89531 44702 yes
11798 59362 no
09088 48800 yes
89123 32426 no
17785 64022 no
98306 97204 yes
78150 75720 yes
11659 10699 no
08953 73301 yes
64740 42727 no
83300 47128 no
56396 85801 yes
54701 59345 yes
30001 86626 no
83273 90189 yes
12489 11884 no
33797 93748 no
60986 39491 no
85801 83788 yes
09999 93896 yes
68828 13136 no
96056 28947 no
47031 53142 no
53027 78292 yes
49422 06460 no
88346 61443 no
69874 12697 no
52310 12697 no
75557 64361 no
13136 93105 no
29324 98187 yes
28054 13768 no
97204 36219 no
07289 09088 yes
90993 93105 yes
24093 91388 yes
83788 68775 yes
08546 42936 no
22311 22595 no
28037 43241 yes
48256 75557 no
56396 87718 no
89314 87468 no
55074 12697 no
99993 19476 no
58219 19476 yes
97868 00441 yes
69633 78150 yes
97670 60451 yes
47031 02026 yes
80070 98306 no
09832 57436 no
58219 99718 yes
48256 74150 yes
49779 90993 yes
21602 11884 no
02257 23869 no
02257 11638 yes
08546 47095 yes
47128 86067 yes
72940 70872 yes
92845 60212 no
30434 48498 no
65724 72940 yes
30001 10699 no
60645 83436 no
53027 20456 no
82546 93856 yes
18455 97204 yes
10699 95749 no
64361 96295 no
18628 09832 yes
59362 29681 no
78608 60986 no
32271 81604 no
65724 53635 no
83300 68529 no
94711 09832 yes
47453 09078 no
77817 67944 yes
36219 69633 yes
98306 34539 no
28037 64740 no
68529 02026 yes
47095 47614 no
87526 55149 no
18628 07029 no
00584 54701 no
22311 90993 yes
55653 20717 no
01968 07029 yes
48256 06460 yes
63563 42936 yes
36219 00559 no
73960 42639 no
43323 43323 yes
47920 47614 yes
20456 28054 yes
26288 36144 yes
16868 89314 no
11638 56953 no
74325 12489 yes
09832 59337 no
26288 98670 yes
56402 70872 no
62960 92764 yes
48256 90272 no
87515 60451 no
60798 81397 no
88346 37337 yes
90272 71005 no
21602 64594 yes
44528 09088 no
59290 55012 no
68775 43241 yes
16444 59805 no
16868 83300 no
58268 05089 no
54647 17276 no
06863 86626 no
43323 34564 no
32426 74150 yes
64740 33797 no
61838 21602 yes
30001 65724 yes
07289 61320 yes
28947 64594 yes
61568 47128 no
92845 35791 no
92337 35791 yes
86626 65605 yes
27799 67798 no
62944 02528 yes
56396 61320 yes
90993 35791 yes
97204 99361 no
00559 73301 yes
11798 81604 no
30434 06863 no
80468 49422 no
99718 56953 yes
06863 88956 no
10699 23869 yes
11798 34564 no
52904 90189 yes
96056 96056 yes
57457 07289 no
92845 97868 yes
97204 79983 yes
61320 65725 no
90272 90993 no
36841 94661 no
13101 15677 yes
03145 87526 yes
44544 97670 no
71005 60212 yes
60798 09832 yes
11798 83273 yes
12697 02257 yes
01756 98462 yes
76048 72940 yes
59290 72740 no
29324 79583 yes
55653 66069 no
94661 00584 no
60451 98187 no
83788 58268 yes
47453 61568 yes
76199 86626 no
58268 47386 no
57457 22595 yes
62944 10699 yes
98306 45559 no
47128 09072 yes
09768 71278 no
35791 93105 yes
97204 59290 no
05786 26499 no
20456 65725 no
11884 41349 no
76093 30396 no
87515 16444 no
68218 55074 no
92764 59290 yes
78608 47920 yes
10699 98670 yes
09088 99096 yes
73301 23669 yes
00441 28054 no
01540 95749 no
90189 64022 no
79281 42936 no
53142 83273 yes
93856 16444 no
44702 17826 no
61611 41883 no
41349 77817 yes
30001 16444 no
12489 08953 no
44528 00559 yes
78840 67217 yes
83484 17862 yes
95938 48256 no
73301 99993 no
64222 32922 no
96056 12697 no
03145 74150 yes
00559 72740 yes
68828 02528 yes
22311 61361 no
18628 27835 yes
48498 33797 no
19476 07616 no
13768 15677 yes
64222 07616 no
99096 75051 no
82546 36656 yes
00022 33044 yes
04668 18727 yes
76093 48056 no
58268 64361 no
26301 73960 yes
23669 74150 no
17826 87515 yes
42936 74150 yes
41349 79583 yes
17745 16444 yes
61361 20442 yes
06863 70281 yes
41883 57436 yes
17364 00584 no
47386 42727 yes
96056 99361 no
75557 01540 no
04668 08994 yes
89531 74102 yes
96676 09072 yes
75720 07029 no
76093 07029 yes
60986 62857 no
09178 23669 no
27835 76199 yes
83484 13768 yes
17826 93856 yes
17276 02528 no
43323 60212 no
17826 83436 no
33044 30001 no
05786 15677 no
39491 18455 yes
04275 86067 no
93748 29818 yes
89531 47614 no
87526 44528 no
36144 05982 yes
46990 09768 no
83436 32922 no
06797 28037 yes
60986 12604 yes
98688 69633 yes
68218 04275 yes
07289 99096 yes
86626 68775 no
70281 36656 no
46780 75557 yes
48256 01540 no
17862 78608 no
08994 17745 no
16868 20456 yes
08994 89123 no
17862 96676 yes
34564 67798 no
07029 17364 yes
37337 36841 no
88346 79583 no
11176 56396 no
95307 96295 yes
61361 27799 no
48256 09072 yes
10699 73085 yes
89123 01540 no
24462 90189 yes
71005 07616 no
22311 34109 yes
81397 96650 no
34109 11638 yes
86626 32271 no
60645 19974 yes
33797 09768 no
60212 65530 yes
65724 08953 yes
30434 30396 yes
01968 79583 no
01968 79983 yes
75557 11659 no
95938 42639 yes
37337 43485 no
99993 43241 yes
18628 73301 yes
83788 83519 no
90189 53142 yes
09999 11659 yes
04275 14674 no
35791 75051 yes
87468 32922 yes
69633 62857 no
21602 08546 yes
74150 18867 no
28054 57991 no
99662 94661 no
75051 94150 no
19476 78292 yes
60798 85757 no
75720 76038 yes
32271 90189 no
94711 57457 no
69874 30001 yes
12489 00559 no
73085 52310 yes
08953 57991 yes
64022 86067 yes
19974 26499 yes
37337 44544 no
13136 85757 no
61443 60645 no
00559 09072 no
51869 77817 yes
62944 41348 yes
47453 83484 no
87515 78150 no
14674 97868 no
85460 02528 no
90993 79281 yes
End
