Graph
2739 5866
7626 3129
6141 8600
4828 3656
5456 5895
2739 4073
7037 3276
1301 8100
8551 1111
0541 8100
4552 5454
1057 0982
4828 5454
2739 1965
2739 5895
0982 4073
8551 8820
1218 5279
4828 1111
4163 2319
3129 5801
6161 5456
6059 1301
1218 7066
2642 7066
2319 3276
6319 5160
5866 8113
3564 1057
8600 8116
9938 1242
5895 4073
1301 3119
6141 1066
1218 3119
5801 5279
1223 1886
2739 4828
8100 2642
3564 9747
5160 4073
3129 8600
8551 0414
3129 9938
2739 1886
2739 2049
0982 5454
0541 7330
8100 7037
9938 3119
1301 1066
8113 7703
5801 9956
8600 7037
Queries
3656 5279
4828 8600
7330 9747
1301 0982
8113 2642
5801 8116
7037 8820
8116 0982
4073 4828
2319 1066
4552 1223
5866 5454
2049 1301
1111 1301
9938 3119
0541 3656
9747 8113
8600 5454
3119 1242
8600 2049
6059 1301
1242 2642
1965 7626
5454 7330
1066 3119
0541 5279
1218 6161
5454 5895
0982 6059
1886 7066
9956 4552
2739 1111
3129 8600
1965 5454
5456 8600
1301 1886
8551 4828
3129 6059
4073 8820
5866 7626
1301 1223
3129 5279
1242 1223
9747 8551
1242 0541
9938 5895
6059 3564
9956 7037
4073 4552
6161 6319
2319 2642
1965 8820
3129 4163
0414 0982
8100 1057
1886 8100
5866 5454
3656 0414
2739 2739
1242 1301
6059 0982
5456 5801
4073 7330
1886 3129
1242 3119
2319 8116
2739 4073
9956 3129
6161 5160
8600 1886
4073 7037
5801 3129
4073 7703
1965 1965
3564 8551
9956 1965
1223 5895
5866 1223
7066 8116
1965 7703
3276 1242
1242 1066
5160 3119
8600 1223
3656 7703
7626 5279
6059 3276
6141 8551
3119 0414
8820 2739
1965 2049
6319 5454
1965 0541
1111 8600
7703 1965
8820 1301
1886 6141
9747 2739
4828 3129
5866 7066
Thinking
start 1301 src 1301
1301 8100 src 1301
1301 6059 src 1301
1301 3119 src 1301
1301 1066 src 1301
8100 0541 src 1301
8100 2642 src 1301
8100 7037 src 1301
3119 1218 src 1301
3119 9938 src 1301
1066 6141 src 1301
0541 7330 src 1301
2642 7066 src 1301
7037 3276 src 1301
7037 8600 src 1301
1218 5279 src 1301
9938 1242 src 1301
9938 3129 src 1301
3276 2319 src 1301
8600 8116 src 1301
5279 5801 src 1301
3129 7626 src 1301
2319 4163 src 1301
5801 9956 src 1301
start 4828 src 4828
4828 3656 src 4828
4828 5454 src 4828
4828 1111 src 4828
4828 2739 src 4828
5454 4552 src 4828
5454 0982 src 4828
1111 8551 src 4828
2739 5866 src 4828
2739 4073 src 4828
2739 1965 src 4828
2739 5895 src 4828
2739 1886 src 4828
2739 2049 src 4828
0982 1057 src 4828
8551 8820 src 4828
8551 0414 src 4828
5866 8113 src 4828
4073 5160 src 4828
5895 5456 src 4828
1886 1223 src 4828
1057 3564 src 4828
8113 7703 src 4828
5160 6319 src 4828
5456 6161 src 4828
3564 9747 src 4828
Output
3656 5279 no
4828 8600 no
7330 9747 no
1301 0982 no
8113 2642 no
5801 8116 yes
7037 8820 no
8116 0982 no
4073 4828 yes
2319 1066 yes
4552 1223 yes
5866 5454 yes
2049 1301 no
1111 1301 no
9938 3119 yes
0541 3656 no
9747 8113 yes
8600 5454 no
3119 1242 yes
8600 2049 no
6059 1301 yes
1242 2642 yes
1965 7626 no
5454 7330 no
1066 3119 yes
0541 5279 yes
1218 6161 no
5454 5895 yes
0982 6059 no
1886 7066 no
9956 4552 no
2739 1111 yes
3129 8600 yes
1965 5454 yes
5456 8600 no
1301 1886 no
8551 4828 yes
3129 6059 yes
4073 8820 yes
5866 7626 no
1301 1223 no
3129 5279 yes
1242 1223 no
9747 8551 yes
1242 0541 yes
9938 5895 no
6059 3564 no
9956 7037 yes
4073 4552 yes
6161 6319 yes
2319 2642 yes
1965 8820 yes
3129 4163 yes
0414 0982 yes
8100 1057 no
1886 8100 no
5866 5454 yes
3656 0414 yes
2739 2739 yes
1242 1301 yes
6059 0982 no
5456 5801 no
4073 7330 no
1886 3129 no
1242 3119 yes
2319 8116 yes
2739 4073 yes
9956 3129 yes
6161 5160 yes
8600 1886 no
4073 7037 no
5801 3129 yes
4073 7703 yes
1965 1965 yes
3564 8551 yes
9956 1965 no
1223 5895 yes
5866 1223 yes
7066 8116 yes
1965 7703 yes
3276 1242 yes
1242 1066 yes
5160 3119 no
8600 1223 no
3656 7703 yes
7626 5279 yes
6059 3276 yes
6141 8551 no
3119 0414 no
8820 2739 yes
1965 2049 yes
6319 5454 yes
1965 0541 no
1111 8600 no
7703 1965 yes
8820 1301 no
1886 6141 no
9747 2739 yes
4828 3129 no
5866 7066 no
End
