Graph
98524 56651
92153 45356
22801 59127
22801 42650
24487 92153
30264 42978
53140 16520
85825 42650
25787 84216
13731 83851
89576 84941
31073 35978
02262 14115
00045 95964
42829 66076
34081 70336
44194 93988
69219 25598
52603 44194
66262 83851
38152 52198
74930 69971
14115 30490
25598 14144
26694 49342
09708 98524
34579 25526
36626 14778
44548 04413
11747 31040
91723 05735
75015 01850
98621 74930
29268 53140
84682 66749
96200 97427
85825 44548
99527 99342
30218 75015
74930 48289
20815 70953
87194 48477
56010 70336
20093 20756
65546 42650
16520 22801
59291 88824
26694 28409
85170 25787
18251 37918
18346 73818
75657 35257
53140 84216
19287 10216
70385 73698
04775 27216
18251 73698
86801 14778
54773 48477
26187 73487
97427 44763
16520 70330
20904 84941
41721 97301
54502 47021
56651 26694
47468 93570
56651 57661
30490 44548
70736 01031
99527 34081
85260 01196
59085 73698
66568 10480
11010 03115
86337 67030
64247 25598
48477 84941
74930 96200
19287 51423
52331 26332
98524 01031
29639 64282
67630 91723
01031 99527
51875 28409
20756 48744
26332 20904
31703 44548
82621 97958
85170 14144
57377 52198
76215 92941
17657 86337
24487 03310
94597 87955
76599 29268
00045 72493
38379 18070
82329 95657
11010 30925
25787 22801
55832 02471
49342 38396
30925 81860
70736 75657
85260 44548
11010 38661
03310 59085
73698 86337
41948 66076
18070 47468
97007 00045
30218 75015
56851 89349
67566 11010
38396 47021
04775 02262
69219 54887
20093 30218
70953 78279
48668 00332
07746 00332
74744 27216
86898 74930
82621 44194
86801 18856
38977 84682
44194 86788
13697 90876
93904 81281
89766 86801
81750 52603
47553 68448
66749 38977
82621 93988
51875 52198
47468 09076
66794 26294
09543 82621
68448 19287
47671 95964
11747 59127
30490 53463
97301 18346
38379 56651
90876 09076
73487 57377
31703 42348
85170 25598
86801 48744
34579 32195
00332 41721
97958 30021
81587 11010
25598 02262
48324 30818
98780 98780
15546 47553
51875 30264
42829 45356
17647 70330
94597 48289
87955 59085
18251 76215
97427 37918
26615 93904
54502 68448
03310 17657
27226 86801
97177 81750
35257 91897
85886 77568
74539 81587
47810 38661
32195 48744
10675 86801
40350 68448
53140 14144
66076 59085
20815 55832
34579 44194
16520 25598
39372 30196
20815 30218
67030 03310
14115 62895
07324 31040
88050 84216
20756 19659
05735 87955
38661 09708
30218 97007
42650 48324
86788 88824
07324 84216
97007 48744
22801 74744
18856 36626
88824 90267
74930 70385
48197 94597
73698 98621
81587 89551
42650 89349
20904 74539
45266 34131
69736 78505
29268 01196
27226 97958
94597 45356
91642 54773
89349 83851
95964 97958
92153 70385
66076 67030
05033 25526
85260 07324
13731 62895
98834 53140
54773 52198
47671 51094
02396 98621
20815 26615
19896 86788
62895 17647
88438 29904
48014 13731
91189 52198
97007 36626
93988 95964
28409 98523
02396 07746
00332 18251
34579 90267
48324 04775
48197 92153
07770 48324
26615 27226
95657 54773
03310 84682
59291 93904
47671 30021
34131 37918
34081 82329
95657 91897
55582 88963
67566 49342
84216 59127
57397 16270
67630 66749
37918 91723
95964 36626
93053 57377
25598 07324
69971 43288
10675 52603
57397 02396
26294 48197
82329 35257
19659 05033
30021 95964
98780 99342
69971 94597
88824 36626
08605 43288
95068 90876
68448 93570
81587 98523
78279 02471
09708 75657
64247 11747
57397 16270
48657 81587
32195 88824
51094 89766
89551 48477
36626 77223
30196 20093
18070 26694
20815 78279
69219 88963
90876 02631
95964 39372
66076 70385
93904 93904
74539 74539
70330 55582
48477 81587
07324 69455
54887 53140
78505 53140
26187 12461
09543 48744
52198 57377
66262 70330
77223 14778
03310 97427
76599 04775
12852 76215
47468 20904
34579 78279
66262 69455
02631 70736
44948 29268
48197 94597
00045 19896
84216 44548
26332 68448
70330 85170
97007 01850
70736 38661
85260 69736
94597 66076
54887 27216
81281 59291
09076 49342
87955 77265
34272 73698
17657 44763
73818 59085
82329 42978
24487 00332
88438 30925
62895 14144
19659 59291
44763 37918
67566 03115
87194 57377
54502 49342
14144 42348
41721 17657
74744 92889
51094 34579
16520 27216
26187 81587
04775 48014
95964 86801
47468 70336
92153 97427
18254 35257
18856 39372
29268 85825
88050 85886
19659 34579
88050 84867
29268 92889
85170 64247
91642 57661
69736 44548
12852 86337
79407 54887
70336 74539
04413 84216
99342 90876
48744 90267
38152 18130
82621 77223
03310 05735
20815 70953
78279 84873
18254 18254
77265 66794
74930 64282
68448 47553
13731 65546
54502 81860
18346 22922
48197 57397
18254 68448
35257 03115
76599 85260
88039 48744
38977 87955
26694 47810
88963 77568
88438 30264
18130 26694
18251 97427
16270 98621
85170 14115
73818 69971
91723 66568
35978 05735
01196 78505
30218 84873
44948 04413
93570 12461
60861 96413
66076 59085
29904 42978
56851 07324
42829 24487
39372 36626
44548 44948
30925 98523
05735 41948
52198 52331
67030 66749
37918 86337
12014 97427
15546 74539
20815 86801
95964 32195
67630 34272
20756 14778
96413 56851
97427 69971
30925 70736
04863 51875
03310 18346
95787 65546
85007 77265
18346 76215
48324 77568
05033 20815
88963 65546
10480 24487
96413 07770
32195 97177
92941 26294
30490 37393
81750 25526
84941 30925
47671 52603
36626 82621
09543 51094
84682 22922
96200 57397
73818 38977
81750 05033
10675 55832
86801 47671
48477 12461
00332 67630
81281 77223
78279 55832
25598 76599
17647 74134
97177 25526
11747 88963
22341 57397
66568 43288
95068 84941
56651 13697
11747 07324
93053 96789
59085 12014
66794 37918
03310 70385
49342 84941
65546 85170
84941 19287
14144 69736
85170 48324
18070 70736
51094 18856
56010 38661
56851 76599
93904 10675
47553 56010
48744 93904
44194 32195
11747 85886
91189 15546
20815 86801
96789 91189
36626 00045
02471 72493
74930 73818
88963 04775
27216 62895
04413 74744
22922 66794
20756 18856
14144 13731
69736 79407
18856 86788
42348 04413
48014 42348
01196 85825
51094 93988
37918 67630
85007 44763
89576 26694
65546 42348
03115 03115
98524 57661
02471 20756
91723 73818
20756 30218
07746 31073
25598 88963
88039 88039
66076 90773
56851 69219
93570 47021
87955 31073
92889 69736
91723 45266
34131 92941
05033 88824
67566 96789
42829 77265
75657 34081
64282 48197
85260 85170
84873 39372
26694 48477
84216 85825
80199 82329
03310 66076
20904 38396
16520 89349
00332 22922
89349 60861
60861 42650
79407 16520
30196 90267
20815 48744
70385 35978
15154 95068
94597 64282
53140 31703
72493 30218
04863 38152
91723 87955
59127 11747
86801 44194
44763 38977
64247 60861
47021 02631
47810 51875
77265 10480
22348 52198
81750 14778
99342 42978
56851 14115
07153 56010
92153 97427
20756 25526
02471 36626
66076 59085
28409 18254
81587 22348
18251 73818
88050 48324
16270 18346
04863 34081
90267 26615
20756 82621
62895 69219
95964 77223
66568 73818
16520 53463
20815 75015
10216 89551
01196 59127
86898 45266
08605 66749
92153 24487
87955 59085
70736 47810
10675 86788
39372 10675
57377 18130
68448 89551
00332 92941
91642 51875
48014 42348
48744 70953
25526 86801
47553 30264
85260 30818
66262 44548
85260 01196
32195 10675
35978 24487
90773 18346
94975 92153
38379 99527
91723 12014
05033 81750
85825 88963
85886 04775
75015 34579
89551 91897
84867 78505
14778 77223
55832 93904
85825 92889
30196 55832
09543 82621
35978 92941
12014 05735
90876 51423
18346 86337
93570 58390
93904 36626
47021 54773
26694 95657
10480 22922
88824 32195
26332 48657
89766 26615
84867 25598
98621 59085
73698 98621
07770 44548
89349 98834
93904 97958
18251 42829
48477 98780
91723 91723
70953 70953
92941 41948
99527 42978
94597 97427
27216 17647
12014 92941
48289 10480
29268 48324
60861 04775
70953 78279
94975 22922
53140 02262
96413 96413
26615 20815
84867 25598
40350 89551
48289 74930
25598 89349
90267 84873
95964 78279
52603 47671
22801 14115
81587 81587
76599 53463
44548 48014
87194 81587
31040 79407
85260 69219
81860 20904
53140 53463
07324 14144
57661 40350
91897 22348
95964 10675
18130 84941
93053 35257
98621 86898
17657 00332
48197 86898
83851 69736
35978 94597
78505 76599
12014 12852
81281 97177
89551 42978
90267 01850
30218 97177
59085 97301
41948 66794
47671 05033
25787 30818
84682 45266
27216 69455
96789 40350
37918 97301
90267 95964
52198 90876
55582 76599
12852 66794
02262 25598
43288 07746
76599 53140
48197 45356
27226 09543
70336 30925
20093 32195
07770 69736
38152 20904
48668 85007
73698 12852
04413 04413
37393 29268
43288 29639
32195 02471
18130 03115
97301 67030
01031 38396
18251 66794
70385 67630
74744 25787
26694 70336
01850 97958
70736 47810
19896 97177
02631 15154
31703 59127
84867 77568
73698 29639
52331 12461
76599 95787
70385 12014
52331 09708
85260 25787
26694 01031
77223 14778
Queries
99527 57377
45356 18251
89766 64282
91723 81750
38661 26187
44194 18856
89349 52331
84873 95964
52331 86801
53463 13731
67566 81860
25598 98523
30264 73487
28409 80199
30021 14778
18346 02396
67566 15546
22341 26694
09076 99527
84867 59127
92941 95068
07746 69736
45266 13697
18070 96789
14115 26694
34131 74930
68448 09076
15154 91189
74539 44194
02471 64282
53463 90773
66076 52198
07746 22341
51423 56651
03310 02396
38379 13697
05033 30021
44763 82329
54773 90876
52603 72493
30021 97427
85007 25598
14778 10675
04863 81860
38396 54502
59291 12852
95787 83851
81587 20756
83851 55582
03115 81281
93053 14115
34579 77265
36626 31073
53463 27216
07153 52603
17647 56010
18254 88050
85886 70330
29639 92889
54887 74744
94975 22341
88963 18130
91189 90267
77223 30925
86788 02396
95964 02262
42829 25526
34579 34579
93904 97007
17647 04413
84873 44194
16520 98834
26615 10675
17657 48324
86898 82621
07153 07153
42650 44548
27226 47810
93904 47021
51423 93988
02396 35978
88824 41721
96200 51423
70385 91723
34081 57661
54887 07770
26332 10216
59127 60861
91189 85260
52198 30818
90267 32195
59127 72493
90267 86788
97427 87955
51423 70953
54502 80199
97007 18856
66076 45266
18856 56010
22341 55832
36626 38152
10216 98524
92941 20815
77265 41721
32195 44194
90773 42348
97177 95964
13731 00045
30196 64247
69455 69219
47468 47553
82621 67630
04775 88963
98523 82329
30218 48014
77568 95657
92889 69736
31040 04413
05735 35978
18070 70736
72493 36626
17657 09076
18856 26187
97177 93904
70385 64282
37393 07770
84867 95787
30925 09708
34081 22801
93988 26615
85825 43288
74539 28409
20093 10675
30218 20093
34579 55832
57397 30264
86801 30196
00332 12461
26615 66794
20815 76215
57661 85825
93904 34579
42829 73818
70336 56010
55582 66794
94975 10480
38152 02631
69455 44548
59127 98780
44194 30196
10480 96200
86898 34272
66262 79407
17647 91897
47468 64247
92153 86801
67630 48324
88824 95964
57661 77223
44548 14144
97427 97427
36626 98834
97427 87955
13731 97007
48014 16520
12461 44763
94975 48289
41948 98834
93904 18070
02262 55582
39372 93988
75015 54887
27226 36626
30021 47021
02631 18346
84873 75015
27216 48657
01031 39372
29639 94597
69219 85170
43288 02262
34579 51094
45356 25526
93988 32195
12014 54773
00045 93904
68448 78279
27216 07324
90773 90773
09076 70336
55582 25526
41721 31703
97007 91189
80199 59127
37393 20904
20815 20815
18254 89349
93053 91642
01850 31703
48324 85170
22922 96200
67566 49342
70330 98834
42348 97301
81587 03310
03310 97427
00045 20093
81860 26332
89349 69219
11010 75657
60861 12461
39372 90267
68448 18130
10675 97007
25787 91189
59085 55832
86788 44194
56010 34131
52603 30218
42829 31040
15546 54887
74134 18251
20756 42829
05735 67030
03115 57377
30196 97177
96413 04413
24487 12014
95068 41948
19896 59085
03115 98621
48744 30218
59291 97177
89576 98780
97177 41721
59291 20093
42348 85260
86898 48668
32195 70953
53463 98523
18130 03310
47810 54773
84682 86337
65546 76599
39372 74744
85170 07153
18346 34272
15546 67566
85886 58390
98834 93904
24487 86801
69971 20756
26694 92941
53463 84941
74134 41721
51094 52603
89766 30196
02396 35978
93988 77223
79407 69219
31703 48744
89349 87194
89349 30925
97177 30196
53140 70330
44548 48477
90773 48197
94975 74134
52603 07324
84867 70953
38396 43288
35978 66749
98780 74539
90876 18130
47021 09543
26187 98523
34081 95657
78505 77223
18254 88438
17657 41948
52331 38661
94975 26294
12461 98780
14778 98780
69455 84941
67630 37918
42829 20815
05735 92153
47810 48477
04413 54887
07746 43288
89766 45356
48197 09076
57377 54502
84867 58390
70385 43288
81860 88824
88050 01196
70953 77223
43288 41948
67566 86337
25598 88438
Thinking
start 76599 src 76599
76599 29268 src 76599
76599 04775 src 76599
76599 85260 src 76599
76599 25598 src 76599
76599 56851 src 76599
76599 53463 src 76599
76599 78505 src 76599
76599 55582 src 76599
76599 53140 src 76599
76599 95787 src 76599
29268 01196 src 76599
29268 44948 src 76599
29268 85825 src 76599
29268 92889 src 76599
29268 48324 src 76599
29268 37393 src 76599
04775 27216 src 76599
04775 02262 src 76599
04775 48014 src 76599
04775 88963 src 76599
04775 85886 src 76599
04775 60861 src 76599
85260 44548 src 76599
85260 07324 src 76599
85260 69736 src 76599
85260 85170 src 76599
85260 30818 src 76599
85260 69219 src 76599
85260 25787 src 76599
25598 14144 src 76599
25598 64247 src 76599
25598 16520 src 76599
25598 84867 src 76599
25598 89349 src 76599
56851 96413 src 76599
56851 14115 src 76599
53463 30490 src 76599
55582 70330 src 76599
53140 84216 src 76599
53140 98834 src 76599
53140 54887 src 76599
53140 31703 src 76599
95787 65546 src 76599
01196 59127 src 76599
44948 04413 src 76599
85825 42650 src 76599
92889 74744 src 76599
48324 07770 src 76599
48324 77568 src 76599
48324 88050 src 76599
27216 62895 src 76599
27216 17647 src 76599
27216 69455 src 76599
48014 13731 src 76599
48014 42348 src 76599
88963 11747 src 76599
44548 66262 src 76599
07324 31040 src 76599
69736 79407 src 76599
69736 83851 src 76599
25787 22801 src 76599
17647 74134 src 76599
start 36626 src 36626
36626 14778 src 36626
36626 18856 src 36626
36626 97007 src 36626
36626 95964 src 36626
36626 88824 src 36626
36626 77223 src 36626
36626 39372 src 36626
36626 82621 src 36626
36626 00045 src 36626
36626 02471 src 36626
36626 93904 src 36626
14778 86801 src 36626
14778 20756 src 36626
14778 81750 src 36626
18856 51094 src 36626
18856 86788 src 36626
97007 30218 src 36626
97007 48744 src 36626
97007 01850 src 36626
95964 47671 src 36626
95964 97958 src 36626
95964 93988 src 36626
95964 30021 src 36626
95964 32195 src 36626
95964 78279 src 36626
95964 10675 src 36626
95964 90267 src 36626
88824 59291 src 36626
88824 05033 src 36626
77223 81281 src 36626
39372 30196 src 36626
39372 84873 src 36626
82621 44194 src 36626
82621 09543 src 36626
00045 72493 src 36626
00045 19896 src 36626
02471 55832 src 36626
93904 26615 src 36626
86801 89766 src 36626
86801 27226 src 36626
86801 20815 src 36626
86801 25526 src 36626
20756 20093 src 36626
20756 19659 src 36626
81750 52603 src 36626
81750 97177 src 36626
51094 34579 src 36626
30218 75015 src 36626
48744 88039 src 36626
48744 70953 src 36626
start 18130 src 18130
18130 38152 src 18130
18130 26694 src 18130
18130 57377 src 18130
18130 84941 src 18130
18130 03115 src 18130
38152 52198 src 18130
38152 04863 src 18130
38152 20904 src 18130
26694 49342 src 18130
26694 28409 src 18130
26694 56651 src 18130
26694 18070 src 18130
26694 47810 src 18130
26694 89576 src 18130
26694 48477 src 18130
26694 95657 src 18130
26694 70336 src 18130
26694 01031 src 18130
57377 73487 src 18130
57377 93053 src 18130
57377 87194 src 18130
84941 30925 src 18130
84941 95068 src 18130
84941 19287 src 18130
03115 11010 src 18130
03115 67566 src 18130
03115 35257 src 18130
52198 51875 src 18130
52198 54773 src 18130
52198 91189 src 18130
52198 52331 src 18130
52198 22348 src 18130
52198 90876 src 18130
04863 34081 src 18130
20904 26332 src 18130
20904 74539 src 18130
20904 47468 src 18130
20904 38396 src 18130
20904 81860 src 18130
49342 09076 src 18130
49342 54502 src 18130
28409 98523 src 18130
28409 18254 src 18130
56651 98524 src 18130
56651 57661 src 18130
56651 38379 src 18130
56651 13697 src 18130
18070 70736 src 18130
47810 38661 src 18130
48477 89551 src 18130
48477 81587 src 18130
48477 12461 src 18130
48477 98780 src 18130
95657 82329 src 18130
95657 91897 src 18130
70336 56010 src 18130
01031 99527 src 18130
73487 26187 src 18130
93053 96789 src 18130
30925 88438 src 18130
95068 15154 src 18130
19287 10216 src 18130
19287 51423 src 18130
19287 68448 src 18130
35257 75657 src 18130
51875 30264 src 18130
51875 91642 src 18130
54773 47021 src 18130
91189 15546 src 18130
52331 09708 src 18130
90876 02631 src 18130
90876 99342 src 18130
26332 48657 src 18130
47468 93570 src 18130
57661 40350 src 18130
89551 42978 src 18130
82329 80199 src 18130
56010 47553 src 18130
56010 07153 src 18130
88438 29904 src 18130
93570 58390 src 18130
start 00332 src 00332
00332 48668 src 00332
00332 07746 src 00332
00332 41721 src 00332
00332 18251 src 00332
00332 24487 src 00332
00332 67630 src 00332
00332 22922 src 00332
00332 92941 src 00332
00332 17657 src 00332
48668 85007 src 00332
07746 02396 src 00332
07746 31073 src 00332
07746 43288 src 00332
41721 97301 src 00332
18251 37918 src 00332
18251 73698 src 00332
18251 76215 src 00332
18251 97427 src 00332
18251 73818 src 00332
18251 42829 src 00332
18251 66794 src 00332
24487 92153 src 00332
24487 03310 src 00332
24487 10480 src 00332
24487 35978 src 00332
67630 91723 src 00332
67630 66749 src 00332
67630 34272 src 00332
67630 70385 src 00332
22922 18346 src 00332
22922 84682 src 00332
22922 94975 src 00332
92941 26294 src 00332
92941 34131 src 00332
92941 41948 src 00332
92941 12014 src 00332
17657 86337 src 00332
17657 44763 src 00332
85007 77265 src 00332
02396 98621 src 00332
02396 57397 src 00332
31073 87955 src 00332
43288 69971 src 00332
43288 08605 src 00332
43288 66568 src 00332
43288 29639 src 00332
97301 59085 src 00332
97301 67030 src 00332
73698 12852 src 00332
97427 96200 src 00332
97427 94597 src 00332
73818 38977 src 00332
73818 74930 src 00332
42829 66076 src 00332
42829 45356 src 00332
92153 48197 src 00332
03310 05735 src 00332
10480 48289 src 00332
91723 45266 src 00332
18346 16270 src 00332
18346 90773 src 00332
98621 86898 src 00332
57397 22341 src 00332
29639 64282 src 00332
Output
99527 57377 yes
45356 18251 yes
89766 64282 no
91723 81750 no
38661 26187 yes
44194 18856 yes
89349 52331 no
84873 95964 yes
52331 86801 no
53463 13731 yes
67566 81860 yes
25598 98523 no
30264 73487 yes
28409 80199 yes
30021 14778 yes
18346 02396 yes
67566 15546 yes
22341 26694 no
09076 99527 yes
84867 59127 yes
92941 95068 no
07746 69736 no
45266 13697 no
18070 96789 yes
14115 26694 no
34131 74930 yes
68448 09076 yes
15154 91189 yes
74539 44194 no
02471 64282 no
53463 90773 no
66076 52198 no
07746 22341 yes
51423 56651 yes
03310 02396 yes
38379 13697 yes
05033 30021 yes
44763 82329 no
54773 90876 yes
52603 72493 yes
30021 97427 no
85007 25598 no
14778 10675 yes
04863 81860 yes
38396 54502 yes
59291 12852 no
95787 83851 yes
81587 20756 no
83851 55582 yes
03115 81281 no
93053 14115 no
34579 77265 no
36626 31073 no
53463 27216 yes
07153 52603 no
17647 56010 no
18254 88050 no
85886 70330 yes
29639 92889 no
54887 74744 yes
94975 22341 yes
88963 18130 no
91189 90267 no
77223 30925 no
86788 02396 no
95964 02262 no
42829 25526 no
34579 34579 yes
93904 97007 yes
17647 04413 yes
84873 44194 yes
16520 98834 yes
26615 10675 yes
17657 48324 no
86898 82621 no
07153 07153 yes
42650 44548 yes
27226 47810 no
93904 47021 no
51423 93988 no
02396 35978 yes
88824 41721 no
96200 51423 no
70385 91723 yes
34081 57661 yes
54887 07770 yes
26332 10216 yes
59127 60861 yes
91189 85260 no
52198 30818 no
90267 32195 yes
59127 72493 no
90267 86788 yes
97427 87955 yes
51423 70953 no
54502 80199 yes
97007 18856 yes
66076 45266 yes
18856 56010 no
22341 55832 no
36626 38152 no
10216 98524 yes
92941 20815 no
77265 41721 yes
32195 44194 yes
90773 42348 no
97177 95964 yes
13731 00045 no
30196 64247 no
69455 69219 yes
47468 47553 yes
82621 67630 no
04775 88963 yes
98523 82329 yes
30218 48014 no
77568 95657 no
92889 69736 yes
31040 04413 yes
05735 35978 yes
18070 70736 yes
72493 36626 yes
17657 09076 no
18856 26187 no
97177 93904 yes
70385 64282 yes
37393 07770 yes
84867 95787 yes
30925 09708 yes
34081 22801 no
93988 26615 yes
85825 43288 no
74539 28409 yes
20093 10675 yes
30218 20093 yes
34579 55832 yes
57397 30264 no
86801 30196 yes
00332 12461 no
26615 66794 no
20815 76215 no
57661 85825 no
93904 34579 yes
42829 73818 yes
70336 56010 yes
55582 66794 no
94975 10480 yes
38152 02631 yes
69455 44548 yes
59127 98780 no
44194 30196 yes
10480 96200 yes
86898 34272 yes
66262 79407 yes
17647 91897 no
47468 64247 no
92153 86801 no
67630 48324 no
88824 95964 yes
57661 77223 no
44548 14144 yes
97427 97427 yes
36626 98834 no
97427 87955 yes
13731 97007 no
48014 16520 yes
12461 44763 no
94975 48289 yes
41948 98834 no
93904 18070 no
02262 55582 yes
39372 93988 yes
75015 54887 no
27226 36626 yes
30021 47021 no
02631 18346 no
84873 75015 yes
27216 48657 no
01031 39372 no
29639 94597 yes
69219 85170 yes
43288 02262 no
34579 51094 yes
45356 25526 no
93988 32195 yes
12014 54773 no
00045 93904 yes
68448 78279 no
27216 07324 yes
90773 90773 yes
09076 70336 yes
55582 25526 no
41721 31703 no
97007 91189 no
80199 59127 no
37393 20904 no
20815 20815 yes
18254 89349 no
93053 91642 yes
01850 31703 no
48324 85170 yes
22922 96200 yes
67566 49342 yes
70330 98834 yes
42348 97301 no
81587 03310 no
03310 97427 yes
00045 20093 yes
81860 26332 yes
89349 69219 yes
11010 75657 yes
60861 12461 no
39372 90267 yes
68448 18130 yes
10675 97007 yes
25787 91189 no
59085 55832 no
86788 44194 yes
56010 34131 no
52603 30218 yes
42829 31040 no
15546 54887 no
74134 18251 no
20756 42829 no
05735 67030 yes
03115 57377 yes
30196 97177 yes
96413 04413 yes
24487 12014 yes
95068 41948 no
19896 59085 no
03115 98621 no
48744 30218 yes
59291 97177 yes
89576 98780 yes
97177 41721 no
59291 20093 yes
42348 85260 yes
86898 48668 yes
32195 70953 yes
53463 98523 no
18130 03310 no
47810 54773 yes
84682 86337 yes
65546 76599 yes
39372 74744 no
85170 07153 no
18346 34272 yes
15546 67566 yes
85886 58390 no
98834 93904 no
24487 86801 no
69971 20756 no
26694 92941 no
53463 84941 no
74134 41721 no
51094 52603 yes
89766 30196 yes
02396 35978 yes
93988 77223 yes
79407 69219 yes
31703 48744 no
89349 87194 no
89349 30925 no
97177 30196 yes
53140 70330 yes
44548 48477 no
90773 48197 yes
94975 74134 no
52603 07324 no
84867 70953 no
38396 43288 no
35978 66749 yes
98780 74539 yes
90876 18130 yes
47021 09543 no
26187 98523 yes
34081 95657 yes
78505 77223 no
18254 88438 yes
17657 41948 yes
52331 38661 yes
94975 26294 yes
12461 98780 yes
14778 98780 no
69455 84941 no
67630 37918 yes
42829 20815 no
05735 92153 yes
47810 48477 yes
04413 54887 yes
07746 43288 yes
89766 45356 no
48197 09076 no
57377 54502 yes
84867 58390 no
70385 43288 yes
81860 88824 no
88050 01196 yes
70953 77223 yes
43288 41948 yes
67566 86337 no
25598 88438 no
End
