Graph
83530 58405
02713 38056
95225 83530
08783 49938
92289 13992
34270 57138
12497 36986
97720 15336
49376 04793
01165 36334
73051 42033
10740 15942
63667 82244
37607 93446
37223 80739
17202 84718
00382 74493
08783 02642
96204 71471
82893 10448
11060 38272
18392 11474
80739 00256
51041 33713
52731 81010
86537 05051
97720 00256
19042 36835
96204 76403
40723 53559
36835 07096
98546 58405
32905 73354
35637 83530
47113 57535
02295 83530
74654 51378
99703 46896
19810 74836
29655 52731
85937 85937
29655 14668
15336 13052
48925 87065
64931 67977
66082 00382
70729 16404
52731 42033
84718 51041
98546 43034
25604 81096
49376 64149
23248 58405
50096 29797
34766 19388
65237 73158
77393 72540
50096 29797
02642 13052
08494 76744
02917 11542
31146 12440
35182 32456
98007 51041
39655 50096
64940 39282
37607 02834
19042 16404
12391 84353
22839 81010
77393 55226
96144 38272
50370 77393
37607 93446
43034 65237
03357 58761
22839 46206
97722 11446
72914 12440
97661 07585
02642 49938
97661 98007
66976 66976
12391 23863
12702 73158
19042 62824
12168 66310
49395 33713
59948 37299
61539 52216
00103 55226
82844 35182
44003 87341
00103 82844
62824 76744
23863 97661
44506 97661
13992 35182
02917 56114
64657 53559
14512 71471
82244 74836
19388 51378
62824 93838
92289 81010
97876 44506
10740 10740
61539 64657
56114 71471
50264 74836
72914 76477
56114 36835
88136 74850
82894 44003
68026 10271
90728 58761
72540 47499
36152 69645
83017 46206
80850 97471
37430 31146
09420 09420
00213 50096
22839 91010
82893 62824
55256 11542
81910 58761
36986 41319
82244 51378
72914 32627
36510 49143
19938 93446
00644 15392
12391 11060
36986 87006
24261 24797
24261 52231
76416 39500
97471 16553
35182 00213
56712 73843
57535 81010
62824 51378
36986 81965
15942 22122
24448 09420
86594 16404
97720 22935
40723 19938
94751 37299
35182 18405
43807 52562
97720 29655
96204 36835
73843 00644
37430 01165
74836 93838
40723 97876
81010 34270
87483 53559
81484 49938
81010 52731
92013 83530
35182 97720
48210 15176
04319 90773
84712 47113
99703 02453
72914 00181
72540 82894
00382 80850
61539 23032
38056 12497
14640 00382
19042 11542
85824 76477
07773 36334
22935 83444
71471 59088
12440 26791
09420 72641
65851 73009
57138 52231
43967 29655
24261 05976
17001 66976
85937 10271
00256 22935
59088 34766
81096 96092
86784 46206
74836 11542
49376 02453
50804 59948
77393 34270
02447 46560
64940 81010
83017 52731
64931 28419
81910 82505
52547 72390
72390 76744
01873 47113
29655 89246
77639 84718
98221 94112
87006 12515
71471 87006
86784 73051
02327 15176
81965 32905
46893 10448
04793 01165
33713 15942
13052 37223
50804 00382
89246 20244
98007 64657
47572 16553
22122 94751
72390 12497
35906 37430
02917 25345
99703 60365
19042 99177
17202 11060
50922 65237
57138 47499
25536 22935
15716 51041
02834 84353
14668 73843
22839 58042
13052 81484
25763 72390
58042 13235
25536 92289
72956 55226
05051 15716
64149 85937
87065 54481
12767 27049
34501 46560
37299 15716
04793 32627
02453 02295
82894 44003
72390 07096
49938 57535
22839 93849
37607 22122
25604 76403
52216 23032
46893 87065
01293 32627
25604 74836
66082 07817
04319 72956
83017 56712
26791 70747
87006 19810
34270 49938
15062 01293
89102 49143
55256 11542
19810 47778
07503 09077
56712 46206
32627 07773
32627 12767
48925 96092
31146 15176
64657 18946
37299 18946
99177 73009
10813 66082
93041 82266
18946 02834
68026 36510
34270 82844
33713 05051
38272 76416
52231 29797
82266 12767
98007 51041
02447 35145
36152 95196
02713 10448
52547 55256
02642 24797
72914 43807
08494 16404
38272 87483
10448 73354
94112 08964
59770 44003
07817 19938
35906 48210
76744 73354
73051 50370
29797 22019
08783 97720
41319 76744
11474 07096
92013 26791
37607 12391
54768 82266
97808 11060
11542 73009
56114 99177
98008 50096
35182 81635
95196 60365
80739 51156
86537 84353
12515 55256
21562 72956
14512 86594
50264 03195
23032 34501
16553 09669
92013 96769
12258 07773
51378 73009
51041 97808
14668 80739
90728 03098
13992 52231
08826 70747
73354 19042
44506 91212
24448 12391
35785 09420
22122 97661
90728 95225
25536 82844
52231 57535
52547 47778
27729 73051
66082 37607
49938 39282
12391 00382
64657 16553
63667 32905
18946 72641
48925 63667
61539 24448
07503 02295
04793 12258
58405 73158
01873 13992
11446 11060
91312 34270
81096 12497
42033 84712
49143 93041
43807 15062
17001 31146
08783 13235
49395 97471
31146 90728
65237 95225
54481 19388
82894 29655
89102 41087
49938 81635
07585 87483
22839 39655
64931 72641
82505 60365
10448 63604
75051 38056
69645 89102
74493 64657
47843 31146
04319 58042
70729 47778
22839 82844
97720 92289
86594 02917
01873 25536
72914 37430
46893 93838
91010 02765
15942 09420
05051 14640
25345 63604
50922 07773
35145 97471
42033 87341
50264 19388
90773 57535
56114 25345
96144 97471
52547 93838
33903 54768
01293 03357
11542 38056
10740 74493
50096 97720
70747 73158
97808 02447
35182 91312
82844 58042
68026 81910
54768 83530
46560 91212
35785 29136
72390 18392
63604 74836
04319 02642
23032 02447
01873 04319
11474 74836
53559 64657
02327 32627
97808 98007
03195 47778
18392 39908
03098 07871
97876 87483
36986 62824
11542 46893
39908 63604
38056 70729
97720 20244
12440 43807
93849 59770
64149 46896
24448 94751
93817 52231
07585 23863
49376 35637
11060 94751
08494 96092
97661 46560
10044 56712
11446 84718
02834 37607
14640 89355
98007 93446
08826 32627
24448 10740
44506 49395
89102 04793
18946 47572
22839 52231
39908 65851
58405 98221
36986 52547
32905 82244
81635 37223
49759 85824
43807 98546
08964 01293
59948 12391
52216 19938
04319 02765
51378 14512
95225 12440
02453 07871
07503 96769
19042 25763
12497 48925
51041 52693
41006 07871
20244 72540
55226 97720
05051 61539
52562 01293
10271 23248
67221 12391
43807 76477
53559 63097
82844 05976
73354 11542
74850 58761
73158 80536
38056 86594
74654 87672
83017 37223
72540 91010
75051 75051
25763 73009
04793 12767
10044 83017
15942 52693
34270 37223
15716 37299
25345 82244
55256 11501
60365 82266
34766 81096
80536 74850
32905 41319
34501 96144
77639 12391
14512 32905
53559 12391
00213 22935
97720 42033
10813 97471
00213 22935
33903 66976
63097 61539
36835 36986
08783 89246
87006 87672
12497 02713
55226 51156
41319 19042
02295 37304
83530 85824
63097 44506
81010 37223
31146 43034
98221 95225
13992 57535
15336 73051
82844 97720
34501 59948
82244 11474
85937 37430
69645 15176
12497 02713
11542 54481
82266 26791
57138 83444
92013 41087
65237 35906
26791 15176
70729 86594
90728 80958
81010 93849
35182 81484
46560 11446
16404 63667
67221 52216
98221 88136
66082 12168
21562 13992
02447 17202
63667 16404
49376 41916
75051 48925
23248 82266
83444 52731
08819 33713
87065 96204
76822 74654
88136 12258
97720 89246
37299 17202
66310 84718
26791 00181
27049 90728
07585 23032
15176 35906
44506 64657
13235 55226
83444 83017
46560 08819
07817 15942
09669 67977
93838 73354
03195 62824
47499 39282
36835 99177
25345 76822
14668 22839
24261 08783
76416 11060
11501 11474
72641 37607
26791 36510
02295 36510
98007 67221
93849 18405
96092 55256
56712 34270
96204 36986
76744 62824
15392 50096
39500 11060
58405 90728
05976 72956
99703 94112
81965 56114
32456 52231
36510 41006
44003 72956
74836 32905
09669 53559
41087 49759
07585 16553
10044 37223
15062 52562
82844 39655
00644 91010
13052 10044
99177 59088
66976 36152
37430 74850
52547 87065
93849 51156
19938 61539
02765 37223
13992 91312
58042 20244
60365 58405
40723 12168
39282 00644
81096 65851
36209 47843
93041 36510
11060 52693
13992 44003
07503 70747
07871 00181
12258 32627
98221 70747
52693 51041
56712 21562
37299 07817
24261 15392
74836 72390
64931 97471
07096 11542
23248 08826
12168 11060
22019 21562
63097 93446
23863 28419
53559 46560
55226 93849
11060 22122
00181 98546
47113 00103
73051 82844
21562 77393
64931 38272
51378 25763
35145 44506
76822 59088
35906 35906
13235 13235
07585 67977
43967 47113
50370 13235
19388 75051
13235 73843
08494 50264
99177 19810
17147 80850
33713 53559
98008 49938
93838 07096
11446 19938
19938 97471
22935 86784
24261 93817
25763 73009
07503 12767
34766 18392
36209 82266
91312 59770
36510 80958
37304 48210
63604 07096
86594 81965
08826 68026
51156 18405
02295 36334
19388 71471
39908 25763
73843 20244
82844 50096
81635 01873
94112 36334
11542 87065
64149 58405
70747 66976
03195 19042
17001 36510
72540 83017
20244 00213
35637 66976
10044 15392
81096 52547
10044 81635
43807 49143
97471 84353
80958 07503
49395 98007
33903 85937
81635 24797
17191 51156
94751 76416
57535 15336
22019 24797
95196 81910
32905 48925
18392 74654
07503 10271
07773 76477
59088 71471
25345 62824
29797 17191
25763 82244
55256 36835
50264 81096
25604 81096
12702 58761
18405 22935
52693 53559
24261 91312
08826 47843
70747 64149
17001 48210
12391 80850
73843 47113
15336 24797
97471 87483
13052 87341
97471 40723
72956 20244
47572 19938
93838 51378
60365 85824
15392 02642
10044 80739
94751 97876
01293 90728
87006 36986
22019 42033
63604 12515
13052 98008
22019 18405
90773 34270
90728 12258
77639 18946
43034 03357
39655 24797
08494 75051
12391 97471
66976 82505
73843 27729
89355 59948
50264 25604
77393 24797
75051 34766
90773 39282
81910 23248
93849 72540
87483 59948
50922 03098
60365 36334
24448 02834
12258 36510
08494 96092
35182 25536
97471 35785
48925 63604
36986 03195
02295 00181
96144 97722
19388 74654
08819 63097
08783 92289
Queries
59948 00256
16553 35785
02642 03098
66082 18405
49938 33903
47778 71471
60365 36510
02642 55226
39500 00213
73843 02327
50922 15062
12168 07585
71471 44003
42033 66082
66976 85937
46893 03357
33903 02447
93838 47499
35182 08826
63097 87483
15336 13052
11060 28419
42033 10813
15062 33903
20244 31146
00382 39282
82844 47499
84353 05976
61539 37304
40723 46560
55226 08826
07817 93041
23032 97876
14640 15336
94112 02295
27729 19388
64931 80958
16404 03195
72641 02642
92013 82505
48210 36510
75051 02834
46560 36986
56712 10740
08494 48925
91312 59948
76822 07503
11501 11501
96144 29797
66976 09669
81010 83530
48925 19388
96144 28419
66310 84712
08964 10448
82244 49143
80958 07585
43034 26791
81010 11060
02834 96092
03357 02327
03098 35906
24261 64940
49143 34270
20244 52731
21562 34270
19810 73051
00103 83444
41087 50922
82244 08783
93838 76822
36986 93849
39500 43967
34501 08819
25604 99177
95196 02447
95225 36510
02642 22122
12702 02834
80536 97808
43034 24448
87065 81635
17191 47778
40723 02917
95196 38056
98546 74850
47572 87483
49938 21562
70729 56114
02917 32905
05976 42033
48925 93041
73009 11474
87065 71471
08819 64149
74836 22935
63667 15942
71471 51156
49376 15392
97808 96092
23863 10271
81096 59088
23032 49395
52731 93817
13052 86784
84353 90773
17001 88136
80958 98546
29797 54481
18946 10044
11474 89246
66976 48210
13052 25345
19810 36986
27049 43034
80850 23863
19042 76822
43967 72914
97722 08494
83530 23248
50370 73354
64931 84353
60365 26791
93838 22122
59770 13992
18946 35182
95225 49143
60365 33903
68026 35906
41087 36152
91312 43967
93817 50370
11060 53559
18405 52547
98007 37607
62824 15716
00103 58042
07817 24261
05051 41006
43967 59088
51041 14640
12515 50264
72914 74850
51041 49143
10813 24797
72914 58761
51378 99177
01293 97876
37223 81010
87065 14512
52216 02834
02713 03098
55226 69645
96204 50370
37299 89102
00256 87483
82266 46896
51156 73843
49395 18946
70729 57138
00181 93817
81096 49759
44003 73009
46896 15716
52731 03195
23863 84718
23248 33903
15176 64149
08964 29136
35145 82266
04319 13992
74850 27049
71471 87006
19042 58405
90728 03098
36835 49143
11060 17202
48210 12702
34501 89355
08826 89102
83530 97720
57138 07503
16404 21562
97722 16404
35906 07503
99177 81096
74493 05976
22122 11446
46893 50804
23248 82844
59770 85937
39908 77393
38272 90773
59088 75051
58761 94751
59770 15942
32456 36209
72540 02917
49376 52216
07871 25345
27729 27049
95225 10813
19938 87672
49759 91010
14668 84712
43967 04319
37607 13235
81096 08494
15942 39500
65851 82893
93849 56712
24261 66310
11446 81484
49395 97876
50804 76416
94112 68026
17191 35182
32627 56114
55256 25763
07585 08819
95196 37223
87006 11474
50804 72390
Thinking
start 36986 src 36986
36986 12497 src 36986
36986 41319 src 36986
36986 87006 src 36986
36986 81965 src 36986
36986 62824 src 36986
36986 52547 src 36986
36986 36835 src 36986
36986 96204 src 36986
36986 03195 src 36986
12497 38056 src 36986
12497 72390 src 36986
12497 81096 src 36986
12497 48925 src 36986
12497 02713 src 36986
41319 76744 src 36986
41319 32905 src 36986
41319 19042 src 36986
87006 12515 src 36986
87006 71471 src 36986
87006 19810 src 36986
87006 87672 src 36986
81965 56114 src 36986
81965 86594 src 36986
62824 93838 src 36986
62824 82893 src 36986
62824 51378 src 36986
62824 25345 src 36986
52547 55256 src 36986
52547 47778 src 36986
52547 87065 src 36986
36835 07096 src 36986
36835 99177 src 36986
96204 76403 src 36986
03195 50264 src 36986
38056 75051 src 36986
38056 11542 src 36986
38056 70729 src 36986
72390 25763 src 36986
72390 18392 src 36986
72390 74836 src 36986
81096 25604 src 36986
81096 96092 src 36986
81096 34766 src 36986
81096 65851 src 36986
48925 63667 src 36986
48925 63604 src 36986
02713 10448 src 36986
76744 08494 src 36986
76744 73354 src 36986
32905 82244 src 36986
32905 14512 src 36986
19042 16404 src 36986
71471 59088 src 36986
71471 19388 src 36986
87672 74654 src 36986
56114 02917 src 36986
93838 46893 src 36986
51378 73009 src 36986
25345 76822 src 36986
55256 11501 src 36986
87065 54481 src 36986
07096 11474 src 36986
25763 39908 src 36986
start 25536 src 25536
25536 22935 src 25536
25536 92289 src 25536
25536 82844 src 25536
25536 01873 src 25536
25536 35182 src 25536
22935 97720 src 25536
22935 83444 src 25536
22935 00256 src 25536
22935 00213 src 25536
22935 86784 src 25536
22935 18405 src 25536
92289 13992 src 25536
92289 81010 src 25536
92289 08783 src 25536
82844 00103 src 25536
82844 34270 src 25536
82844 22839 src 25536
82844 58042 src 25536
82844 05976 src 25536
82844 39655 src 25536
82844 73051 src 25536
82844 50096 src 25536
01873 47113 src 25536
01873 04319 src 25536
01873 81635 src 25536
35182 32456 src 25536
35182 91312 src 25536
35182 81484 src 25536
97720 15336 src 25536
97720 29655 src 25536
97720 20244 src 25536
97720 55226 src 25536
97720 42033 src 25536
97720 89246 src 25536
83444 57138 src 25536
83444 52731 src 25536
83444 83017 src 25536
00256 80739 src 25536
86784 46206 src 25536
18405 93849 src 25536
18405 51156 src 25536
18405 22019 src 25536
13992 52231 src 25536
13992 57535 src 25536
13992 21562 src 25536
13992 44003 src 25536
81010 64940 src 25536
81010 37223 src 25536
08783 49938 src 25536
08783 02642 src 25536
08783 13235 src 25536
08783 24261 src 25536
34270 77393 src 25536
34270 56712 src 25536
34270 90773 src 25536
22839 91010 src 25536
22839 14668 src 25536
05976 72956 src 25536
39655 24797 src 25536
73051 50370 src 25536
73051 27729 src 25536
50096 29797 src 25536
50096 98008 src 25536
50096 15392 src 25536
47113 84712 src 25536
47113 43967 src 25536
47113 73843 src 25536
04319 02765 src 25536
81635 10044 src 25536
91312 59770 src 25536
81484 13052 src 25536
29655 82894 src 25536
20244 72540 src 25536
42033 87341 src 25536
57138 47499 src 25536
51156 17191 src 25536
52231 93817 src 25536
64940 39282 src 25536
91010 00644 src 25536
start 12391 src 12391
12391 84353 src 12391
12391 23863 src 12391
12391 11060 src 12391
12391 37607 src 12391
12391 24448 src 12391
12391 00382 src 12391
12391 59948 src 12391
12391 67221 src 12391
12391 77639 src 12391
12391 53559 src 12391
12391 80850 src 12391
12391 97471 src 12391
84353 02834 src 12391
84353 86537 src 12391
23863 97661 src 12391
23863 07585 src 12391
23863 28419 src 12391
11060 38272 src 12391
11060 17202 src 12391
11060 97808 src 12391
11060 11446 src 12391
11060 94751 src 12391
11060 76416 src 12391
11060 39500 src 12391
11060 52693 src 12391
11060 12168 src 12391
11060 22122 src 12391
37607 93446 src 12391
37607 66082 src 12391
37607 72641 src 12391
24448 09420 src 12391
24448 61539 src 12391
24448 10740 src 12391
00382 74493 src 12391
00382 14640 src 12391
00382 50804 src 12391
59948 37299 src 12391
59948 34501 src 12391
59948 89355 src 12391
59948 87483 src 12391
67221 52216 src 12391
67221 98007 src 12391
77639 84718 src 12391
77639 18946 src 12391
53559 40723 src 12391
53559 64657 src 12391
53559 63097 src 12391
53559 09669 src 12391
53559 46560 src 12391
53559 33713 src 12391
80850 17147 src 12391
97471 16553 src 12391
97471 49395 src 12391
97471 35145 src 12391
97471 96144 src 12391
97471 10813 src 12391
97471 64931 src 12391
97471 19938 src 12391
97471 35785 src 12391
86537 05051 src 12391
97661 44506 src 12391
07585 23032 src 12391
07585 67977 src 12391
17202 02447 src 12391
97808 51041 src 12391
11446 97722 src 12391
94751 97876 src 12391
52693 15942 src 12391
12168 66310 src 12391
66082 07817 src 12391
37299 15716 src 12391
18946 47572 src 12391
63097 08819 src 12391
46560 91212 src 12391
35785 29136 src 12391
start 01293 src 01293
01293 32627 src 01293
01293 15062 src 01293
01293 03357 src 01293
01293 08964 src 01293
01293 52562 src 01293
01293 90728 src 01293
32627 72914 src 01293
32627 04793 src 01293
32627 07773 src 01293
32627 12767 src 01293
32627 02327 src 01293
32627 08826 src 01293
32627 12258 src 01293
15062 43807 src 01293
03357 58761 src 01293
03357 43034 src 01293
08964 94112 src 01293
90728 03098 src 01293
90728 95225 src 01293
90728 31146 src 01293
90728 80958 src 01293
90728 27049 src 01293
90728 58405 src 01293
72914 12440 src 01293
72914 76477 src 01293
72914 00181 src 01293
72914 37430 src 01293
04793 49376 src 01293
04793 01165 src 01293
04793 89102 src 01293
07773 36334 src 01293
07773 50922 src 01293
12767 82266 src 01293
12767 07503 src 01293
02327 15176 src 01293
08826 70747 src 01293
08826 23248 src 01293
08826 68026 src 01293
08826 47843 src 01293
12258 88136 src 01293
12258 36510 src 01293
43807 98546 src 01293
43807 49143 src 01293
58761 81910 src 01293
58761 74850 src 01293
58761 12702 src 01293
43034 65237 src 01293
94112 98221 src 01293
94112 99703 src 01293
03098 07871 src 01293
95225 83530 src 01293
31146 17001 src 01293
58405 73158 src 01293
58405 60365 src 01293
58405 64149 src 01293
12440 26791 src 01293
76477 85824 src 01293
00181 02295 src 01293
37430 35906 src 01293
37430 85937 src 01293
49376 02453 src 01293
49376 35637 src 01293
49376 41916 src 01293
89102 41087 src 01293
89102 69645 src 01293
82266 93041 src 01293
82266 54768 src 01293
82266 36209 src 01293
07503 09077 src 01293
07503 96769 src 01293
07503 10271 src 01293
15176 48210 src 01293
70747 66976 src 01293
36510 41006 src 01293
81910 82505 src 01293
81910 95196 src 01293
74850 80536 src 01293
99703 46896 src 01293
83530 92013 src 01293
85824 49759 src 01293
02295 37304 src 01293
85937 33903 src 01293
69645 36152 src 01293
Output
59948 00256 no
16553 35785 yes
02642 03098 no
66082 18405 no
49938 33903 no
47778 71471 yes
60365 36510 yes
02642 55226 yes
39500 00213 no
73843 02327 no
50922 15062 yes
12168 07585 yes
71471 44003 no
42033 66082 no
66976 85937 yes
46893 03357 no
33903 02447 no
93838 47499 no
35182 08826 no
63097 87483 yes
15336 13052 yes
11060 28419 yes
42033 10813 no
15062 33903 yes
20244 31146 no
00382 39282 no
82844 47499 yes
84353 05976 no
61539 37304 no
40723 46560 yes
55226 08826 no
07817 93041 no
23032 97876 yes
14640 15336 no
94112 02295 yes
27729 19388 no
64931 80958 no
16404 03195 yes
72641 02642 no
92013 82505 yes
48210 36510 yes
75051 02834 no
46560 36986 no
56712 10740 no
08494 48925 yes
91312 59948 no
76822 07503 no
11501 11501 yes
96144 29797 no
66976 09669 no
81010 83530 no
48925 19388 yes
96144 28419 yes
66310 84712 no
08964 10448 no
82244 49143 no
80958 07585 no
43034 26791 yes
81010 11060 no
02834 96092 no
03357 02327 yes
03098 35906 yes
24261 64940 yes
49143 34270 no
20244 52731 yes
21562 34270 yes
19810 73051 no
00103 83444 yes
41087 50922 yes
82244 08783 no
93838 76822 yes
36986 93849 no
39500 43967 no
34501 08819 yes
25604 99177 yes
95196 02447 no
95225 36510 yes
02642 22122 no
12702 02834 no
80536 97808 no
43034 24448 no
87065 81635 no
17191 47778 no
40723 02917 no
95196 38056 no
98546 74850 yes
47572 87483 yes
49938 21562 yes
70729 56114 yes
02917 32905 yes
05976 42033 yes
48925 93041 no
73009 11474 yes
87065 71471 yes
08819 64149 no
74836 22935 no
63667 15942 no
71471 51156 no
49376 15392 no
97808 96092 no
23863 10271 no
81096 59088 yes
23032 49395 yes
52731 93817 yes
13052 86784 yes
84353 90773 no
17001 88136 yes
80958 98546 yes
29797 54481 no
18946 10044 no
11474 89246 no
66976 48210 yes
13052 25345 no
19810 36986 yes
27049 43034 yes
80850 23863 yes
19042 76822 yes
43967 72914 no
97722 08494 no
83530 23248 yes
50370 73354 no
64931 84353 yes
60365 26791 yes
93838 22122 no
59770 13992 yes
18946 35182 no
95225 49143 yes
60365 33903 yes
68026 35906 yes
41087 36152 yes
91312 43967 yes
93817 50370 yes
11060 53559 yes
18405 52547 no
98007 37607 yes
62824 15716 no
00103 58042 yes
07817 24261 no
05051 41006 no
43967 59088 no
51041 14640 yes
12515 50264 yes
72914 74850 yes
51041 49143 no
10813 24797 no
72914 58761 yes
51378 99177 yes
01293 97876 no
37223 81010 yes
87065 14512 yes
52216 02834 yes
02713 03098 no
55226 69645 no
96204 50370 no
37299 89102 no
00256 87483 no
82266 46896 yes
51156 73843 yes
49395 18946 yes
70729 57138 no
00181 93817 no
81096 49759 no
44003 73009 no
46896 15716 no
52731 03195 no
23863 84718 yes
23248 33903 yes
15176 64149 yes
08964 29136 no
35145 82266 no
04319 13992 yes
74850 27049 yes
71471 87006 yes
19042 58405 no
90728 03098 yes
36835 49143 no
11060 17202 yes
48210 12702 yes
34501 89355 yes
08826 89102 yes
83530 97720 no
57138 07503 no
16404 21562 no
97722 16404 no
35906 07503 yes
99177 81096 yes
74493 05976 no
22122 11446 yes
46893 50804 no
23248 82844 no
59770 85937 no
39908 77393 no
38272 90773 no
59088 75051 yes
58761 94751 no
59770 15942 no
32456 36209 no
72540 02917 no
49376 52216 no
07871 25345 no
27729 27049 no
95225 10813 no
19938 87672 no
49759 91010 no
14668 84712 yes
43967 04319 yes
37607 13235 no
81096 08494 yes
15942 39500 yes
65851 82893 yes
93849 56712 yes
24261 66310 no
11446 81484 no
49395 97876 yes
50804 76416 yes
94112 68026 yes
17191 35182 yes
32627 56114 no
55256 25763 yes
07585 08819 yes
95196 37223 no
87006 11474 yes
50804 72390 no
End
