Graph
5981 7678
7688 8600
3088 0328
4920 8953
5541 4785
8979 9846
6701 2518
6701 6701
8797 2018
5860 2884
8979 7688
5359 0709
2640 2884
2884 1571
5860 4785
7688 7688
5359 8979
3587 9343
6879 7678
3587 2640
5981 6879
5144 0462
0328 5359
2640 3587
4785 3587
5359 0709
1850 9343
9846 3393
3410 0462
6879 5981
8953 6879
1571 5541
2018 7470
6879 4535
2884 5596
2018 2518
9846 7688
2074 5144
7678 4535
4785 2884
5144 2518
5541 2757
9343 1571
9863 4920
3088 3088
9343 1850
0087 2074
8979 7688
6879 7678
8953 4920
6879 6879
4535 4535
3587 5541
3393 0709
9896 5144
8797 5144
5981 6879
5541 1850
8979 0328
9849 6879
3088 3393
6701 2518
7470 3410
2074 3410
5359 8979
2757 3587
8979 3088
8979 3393
0328 9846
3410 6701
4920 6879
8797 5144
4785 2757
9846 7688
5359 3393
9146 8979
5596 5860
9343 9343
5860 9343
1850 3587
3410 6701
3393 8600
9343 2884
6701 2018
5359 8600
0328 8600
0709 9146
1571 2757
0328 3393
5981 9863
9146 8979
9146 8979
Queries
7678 7678
5359 9896
4920 5541
0328 7470
3410 6701
7678 0462
7678 9849
5981 6879
0462 5359
3393 3393
0087 0328
9343 6879
8979 7688
9146 3587
3393 3587
7688 2518
4920 6701
4535 5541
5860 7470
7688 3393
9146 5981
9863 4920
9343 0462
3393 7470
8600 2757
5144 1850
5359 2640
6879 7688
9896 9896
9146 4920
4535 0709
2884 9849
2518 2518
0462 5144
9896 9846
5596 6701
6879 3088
4535 0462
2018 2018
2518 5144
2884 5860
2074 8797
1850 5596
7678 6879
9863 1571
4920 5981
8953 5359
5860 2640
8953 7678
7688 9146
9863 9863
0462 0462
0462 8979
9896 9863
5596 0087
9849 4920
9863 9849
9863 2518
9849 2518
4535 4920
9863 2884
2018 9849
7678 2074
9896 0328
0328 7688
1850 5860
7678 2640
5541 5359
8979 9846
5860 6879
7688 5144
5144 8797
2018 2518
0709 9896
8953 8600
3587 4785
5860 1571
0709 5981
9343 5144
2518 0462
8953 5144
Thinking
start 3088 src 3088
3088 0328 src 3088
3088 3393 src 3088
3088 8979 src 3088
0328 5359 src 3088
0328 9846 src 3088
0328 8600 src 3088
3393 0709 src 3088
8979 7688 src 3088
8979 9146 src 3088
start 5144 src 5144
5144 0462 src 5144
5144 2074 src 5144
5144 2518 src 5144
5144 9896 src 5144
5144 8797 src 5144
0462 3410 src 5144
2074 0087 src 5144
2518 6701 src 5144
2518 2018 src 5144
3410 7470 src 5144
start 5860 src 5860
5860 2884 src 5860
5860 4785 src 5860
5860 5596 src 5860
5860 9343 src 5860
2884 2640 src 5860
2884 1571 src 5860
4785 5541 src 5860
4785 3587 src 5860
4785 2757 src 5860
9343 1850 src 5860
start 9863 src 9863
9863 4920 src 9863
9863 5981 src 9863
4920 8953 src 9863
4920 6879 src 9863
5981 7678 src 9863
6879 4535 src 9863
6879 9849 src 9863
Output
7678 7678 yes
5359 9896 no
4920 5541 no
0328 7470 no
3410 6701 yes
7678 0462 no
7678 9849 yes
5981 6879 yes
0462 5359 no
3393 3393 yes
0087 0328 no
9343 6879 no
8979 7688 yes
9146 3587 no
3393 3587 no
7688 2518 no
4920 6701 no
4535 5541 no
5860 7470 no
7688 3393 yes
9146 5981 no
9863 4920 yes
9343 0462 no
3393 7470 no
8600 2757 no
5144 1850 no
5359 2640 no
6879 7688 no
9896 9896 yes
9146 4920 no
4535 0709 no
2884 9849 no
2518 2518 yes
0462 5144 yes
9896 9846 no
5596 6701 no
6879 3088 no
4535 0462 no
2018 2018 yes
2518 5144 yes
2884 5860 yes
2074 8797 yes
1850 5596 yes
7678 6879 yes
9863 1571 no
4920 5981 yes
8953 5359 no
5860 2640 yes
8953 7678 yes
7688 9146 yes
9863 9863 yes
0462 0462 yes
0462 8979 no
9896 9863 no
5596 0087 no
9849 4920 yes
9863 9849 yes
9863 2518 no
9849 2518 no
4535 4920 yes
9863 2884 no
2018 9849 no
7678 2074 no
9896 0328 no
0328 7688 yes
1850 5860 yes
7678 2640 no
5541 5359 no
8979 9846 yes
5860 6879 no
7688 5144 no
5144 8797 yes
2018 2518 yes
0709 9896 no
8953 8600 no
3587 4785 yes
5860 1571 yes
0709 5981 no
9343 5144 no
2518 0462 yes
8953 5144 no
End
