Graph
68679 70333
89055 97405
51928 74138
92026 02723
38902 69530
36297 57384
43280 68701
53396 15757
85840 64451
75337 90779
74211 14534
76558 49505
70333 33203
70430 50811
82852 83559
72148 80388
08275 52290
16634 18311
85962 51435
27445 78574
24465 63704
31762 15801
75267 71758
40111 21598
51855 66523
54359 63189
89094 14007
36841 08188
16243 43107
56347 45146
43280 40246
64929 36730
23309 41982
21969 20949
66198 38902
04897 35769
13593 01365
40246 36912
89094 51928
53560 39217
14232 00865
80388 01344
13593 56687
53442 93942
94272 80217
74682 83782
24274 30131
00099 29634
96907 35564
04897 04061
92973 78931
16243 02723
39327 39327
35564 16545
02723 46975
13824 79106
61527 82646
67727 15371
74211 18075
55035 42421
01344 53056
05202 53056
86349 50181
73318 50811
46255 51855
43539 62444
70036 63731
18400 82646
70036 15996
15757 97378
50811 82852
52754 68552
83368 53253
02723 15760
12644 35769
77523 66523
15328 33880
10753 00917
58692 06978
73778 30898
13042 58780
63731 72332
06978 27357
26129 21087
33203 27357
14845 70036
83782 27494
72148 29712
51928 74138
67727 51677
93567 75741
18540 42421
13042 15105
93942 82646
59965 66440
68969 97586
73000 66440
56009 37488
49996 75337
39877 12894
42277 46411
37974 56347
02518 37680
00415 27931
39217 35595
49814 87914
36730 39877
04061 68701
70333 47437
89476 40290
42277 55162
92973 28560
60862 19782
94762 66859
77453 90036
90779 23309
06978 51240
90845 15801
73849 36841
08275 04810
12712 89002
36912 17759
41966 39862
29634 00099
17759 53396
64929 17759
15105 78624
17841 15801
41484 13994
87539 74404
00099 76806
77001 81527
50811 80217
82846 47946
64929 53560
13593 99566
10753 26491
20449 57304
66021 58409
00121 59911
90845 93431
84539 44219
04941 28190
04061 43280
77846 51855
07514 02819
69084 51928
58780 13593
13772 89055
96907 89094
46975 92026
37046 13824
39877 12894
77523 28699
83368 78223
43539 59911
13994 78574
17841 00415
12712 41994
68701 49374
18070 33203
29712 66440
75509 53442
81853 62444
21087 13675
98031 29634
39327 18070
85163 15105
08275 21599
44219 62279
79123 59181
87914 30238
00121 83109
37680 74959
58385 97095
47350 92957
00442 92973
12378 31872
60862 27951
64929 36730
74404 48351
32672 58385
10759 66021
72494 80217
31762 47731
47437 97586
89002 29717
70430 16243
11966 30898
90036 97095
07514 44848
18314 60222
77453 27358
29539 83782
02147 29563
14435 90383
21029 18311
02147 18075
63892 98031
26491 72494
41484 19191
26503 46411
07514 15771
11394 15757
36730 05423
30806 87914
71874 06012
13042 72148
63473 13610
40111 60188
53442 49374
41375 49996
56009 23778
09569 89599
33286 80577
74682 15771
22322 86025
53056 00865
28190 90779
16634 44848
48597 12894
13675 29712
86288 82725
48597 55317
15760 63731
30806 46125
56687 47437
39877 60222
58898 64929
47768 13593
09569 58898
60188 46125
89599 39877
73778 11966
74404 70036
04897 04061
76806 66021
68701 40246
27357 10623
84037 31872
62181 47946
58780 29712
46411 48304
18261 26503
62181 80388
16634 44848
62444 17841
76558 18540
28699 62279
41484 42277
54359 53199
00442 26503
89055 13824
33203 66440
13880 42421
00121 74067
27357 70544
34811 16634
74682 71151
59429 72494
70333 56687
66021 83782
87914 73778
10781 00917
27951 59911
90779 86288
70036 62279
46125 97956
49996 45146
78624 92940
62444 24924
11202 05202
00099 00099
15757 81129
46975 13772
43539 83109
35595 11394
78222 67727
80289 34811
92957 69084
58382 12894
68969 50181
45935 78624
97378 40290
52754 24274
75741 62279
18063 00415
63892 71151
13824 90036
63473 86288
81527 48304
69084 63704
28560 55162
09569 61527
66198 67236
08275 00099
32036 44848
15771 04810
92973 64451
27357 89094
53056 29712
13675 80670
66440 32260
61527 76558
66859 42277
89055 70412
26129 72148
59965 24465
63892 71151
58198 00442
79476 61527
32672 26491
10623 96907
07514 75337
27576 59181
58385 43484
92681 58382
48351 94168
04810 83782
37046 48351
86288 78223
16634 13610
59911 08188
12644 04061
17759 37392
01344 75267
72332 62279
80670 69084
56347 14534
02723 41966
23309 27494
31872 53056
38902 70430
60880 53253
48497 46255
14534 52290
72494 84539
85915 94189
89055 77846
00415 84275
95641 46255
26129 28846
58382 35769
13675 80670
68701 77905
41484 00442
15760 67841
71151 02819
82646 79476
62181 47768
00865 36824
41982 04941
58382 22096
50811 92026
28190 14534
43107 43107
29717 52754
30806 97941
40111 11966
62181 06216
52630 85840
90779 07514
85163 37958
60188 41484
79106 94272
90383 13772
74067 43539
73318 95641
03293 05423
77001 84275
37680 89002
19782 92973
59458 62757
66440 06216
21087 13675
14007 82846
12612 04897
58382 18087
36297 41322
40290 22322
63892 22912
60222 75509
11394 68701
84992 28190
95641 90383
28699 77846
00917 13824
12712 47861
40111 41484
71151 92361
22689 01344
56009 24465
31872 34605
23309 21599
15996 65018
53512 41484
22912 76806
13604 43107
51435 90383
48597 18314
45146 27494
14435 62279
79123 24924
21969 85915
06978 50181
47731 81853
82725 22912
81527 97956
13610 84992
85915 93431
20449 59911
22912 90779
15757 42421
21599 02147
71874 04810
67236 51855
04897 64929
40111 81341
82852 51346
43484 58385
92361 63473
46125 81853
74404 58385
70036 69599
26129 92957
98031 63892
36297 33286
51240 31872
84275 00415
95641 92026
39327 47437
00099 45146
60188 27576
81853 36841
41982 23309
13880 48597
36824 93897
21087 85858
84037 18070
52630 42277
46411 60188
59911 60188
08188 82077
28560 97956
92026 15760
77905 68701
72494 90193
82725 21029
02518 18540
52754 75509
58385 13604
74959 12712
27951 26503
82646 97378
90779 63473
49377 37046
37006 34811
73354 90036
53253 90779
83559 70412
56009 70333
16634 00099
92973 60188
11966 15801
42421 89476
97253 87539
32036 98031
78931 79123
79106 38902
21598 08188
06216 78624
85915 31762
62444 90845
40111 41484
43539 00121
55755 74064
76806 07514
75337 21029
19191 41484
58409 76806
44848 13610
14534 41982
82846 50181
23778 35564
99566 88202
35769 58382
31872 50181
71758 14007
89002 41994
55162 00415
18075 98031
90383 59429
48497 59429
97253 59429
29563 35521
28190 37974
13675 63704
02383 45146
70333 13675
04897 18400
21087 86349
99267 45146
06978 51240
81341 18261
27931 30238
60862 52630
32672 95641
26503 40111
61218 56347
82852 40334
66523 46255
89094 65499
78574 85840
29563 63892
40334 74404
37046 67865
37974 63473
10623 68951
46411 81853
76806 71874
47731 47731
19191 87914
36509 69599
43107 54359
49996 16634
12894 97378
84275 98821
63731 94272
31762 19782
85163 36824
36841 48304
68701 29717
87914 00121
30806 74067
18261 47731
17841 78574
98031 21599
47946 01344
32672 14435
68679 28846
94168 26491
86288 32036
92026 97405
78624 56687
79123 27445
79476 09569
44848 82725
71388 30888
93431 44608
51084 92940
63704 32260
36912 24274
81527 92973
98031 25197
16634 71874
66859 81853
03293 39877
51240 68969
86288 16634
58385 77846
57033 40290
73318 66523
16545 59458
81341 59181
35521 32036
11394 55755
41994 64361
21598 73778
84275 31762
47437 13593
36509 43107
29712 47350
60222 11394
16545 85858
27951 82077
87539 32672
19191 46125
13675 33286
53056 97727
51677 12712
24924 73778
82852 10781
04810 45049
49996 49996
10759 25197
59965 80577
55755 57033
62181 01344
84275 28560
10781 66198
16634 02819
47768 56009
16634 15771
75337 25197
62279 70036
07330 82302
49377 45921
27576 82077
19191 81853
00121 83109
70333 80388
41375 90779
06012 53253
84275 85915
16634 08275
59429 92026
74959 75509
77001 79123
40246 91328
00917 51435
13880 02518
48351 16243
61527 05423
15771 71151
64451 30806
64361 47861
70544 37488
51240 18070
92361 27494
45935 27357
13604 51346
97956 08188
23309 00099
27357 96907
00865 35564
46975 58385
03293 51717
06216 32260
07330 90383
72332 90036
48351 07330
53253 10759
13042 13593
02147 27494
81853 00442
08275 90779
76558 68552
89094 51084
53560 49374
99267 86288
42110 34605
57304 81853
36912 12612
33286 32260
52754 12712
37974 56347
69599 75741
75337 34811
49814 00442
89476 89002
63189 69599
02147 76806
90779 58409
74959 91328
87539 77453
45049 21029
08275 49996
27576 73778
42110 29712
44848 28190
84275 58198
67865 77453
47731 36841
58382 67727
30888 90383
51346 65018
67841 87539
48351 94272
35521 56347
85402 02723
55755 37392
15105 57384
72332 67236
00099 06012
30238 30806
32260 72148
66440 92957
85915 08188
15371 74959
76806 66021
25663 00442
71388 51855
83368 28190
74138 33880
02518 60222
49374 04897
92026 94272
75267 80577
76806 75337
71874 61218
28846 59510
71874 61218
13824 71388
89599 29717
87539 70412
59458 58692
48597 78222
66198 82302
27357 29712
51717 55317
27951 52630
04941 27494
39217 12712
34811 28190
21969 77001
27357 53056
16634 28190
97941 52630
78931 53512
05202 51084
63704 63704
42110 47350
01365 66440
27445 97941
22322 64361
27576 85915
81341 94762
31762 62444
00865 36297
93431 55162
65499 62757
15105 90410
00121 97956
92973 15801
65018 39862
21598 79123
71151 07514
80289 37006
82646 53560
46125 73849
58198 21598
28846 72430
72494 26491
13610 25197
83782 60880
66523 58385
11202 80388
56009 39327
27931 53512
67727 78222
51346 14845
00442 62444
28190 66021
65499 13042
37974 76806
74404 70430
21599 23309
42277 85840
82077 13994
29712 56687
55035 03293
89002 93942
59429 43484
15771 99267
85915 48304
86025 35769
71388 00917
31872 56687
58898 12644
18540 49505
59458 47768
75509 51677
50181 47437
04061 53560
28560 66859
37974 06012
27357 13675
18314 53442
18261 59181
52290 37974
81527 30806
89094 01365
98031 84992
90410 93897
58409 86288
82646 04061
84275 44608
42421 17759
47768 01344
76806 83782
82852 89074
03293 53560
03031 85402
21598 27951
47768 62181
58692 92940
31872 86349
68701 55317
18540 22322
18314 40290
04810 66021
53512 46411
61218 66021
24924 00442
58382 55317
00099 21029
97586 59965
06462 30131
00865 62757
53560 06462
35564 13042
73778 40111
70977 48351
47768 18070
77905 75509
62444 97941
39327 28846
11202 05202
18070 71758
70412 89074
84992 82725
13610 06012
28873 42421
27357 68951
76806 10759
53056 80577
62181 35564
55317 68552
49505 36730
70544 97727
56009 65499
85915 85915
51717 40290
81853 30806
82077 81341
95641 66523
66859 60188
75267 96907
82846 42110
36509 45921
15105 35564
33286 15328
73318 48497
32672 73318
27494 37006
25663 59181
78624 11202
92973 52630
48497 73318
61527 12712
02518 89002
04061 37392
18063 85915
15105 51084
72430 14007
39877 18540
58898 51677
32036 86288
51346 70430
48497 92026
36912 18540
51677 55755
30806 41484
21599 14534
30806 92973
46975 51435
43484 85962
68679 47437
93431 48304
47946 66440
78223 53253
60880 13610
18311 63473
42421 29717
60188 43539
73318 87539
37046 51346
86288 74682
29563 07514
21969 26503
86288 21599
48304 78931
27445 93431
52290 74211
50811 39862
59965 90410
37006 29563
77905 59245
58198 27445
49814 13994
20449 87914
95641 70977
07330 70412
69084 39327
67236 80217
05202 15328
57304 92973
85858 10623
29712 72430
45049 15771
25663 30898
76806 82725
41484 59181
13610 71874
00121 84275
34811 15771
99566 56009
15760 73318
67865 93567
61218 02819
01365 62757
29563 98031
01344 21087
70036 87539
29634 99267
98031 32036
44848 14534
34811 83782
50181 36824
43484 51493
10623 14232
60880 83368
89055 94615
85962 77453
25197 04941
36841 25663
75741 67865
29712 45935
87914 97956
59965 39327
44848 76806
84275 62444
63892 02147
84037 34605
01344 80670
42421 78222
20949 41484
10623 31872
63473 13610
34811 08275
29539 07514
12612 28873
48351 67865
24465 80670
30888 65018
39877 22096
97727 62181
96907 12378
49814 30898
45921 94615
73000 65499
68552 52754
37046 45921
43280 09569
60862 00415
71758 89094
51493 71388
51717 04061
83559 44219
29634 04810
99267 66021
12894 04061
21598 47731
67865 69530
41322 59458
82725 49996
19782 25663
11394 68132
51717 49505
70977 54359
11202 62757
78931 30238
67236 85962
58198 43539
72494 97405
15801 81341
85163 33880
53560 74064
97095 16243
28873 92681
00099 45146
85163 80577
13604 69530
81853 36841
62444 42277
82646 37680
44848 45146
51084 72430
39862 73354
22322 12894
86349 29712
89476 53396
92957 13042
67727 61527
40290 81129
12612 52754
78223 00099
00442 60188
00442 43539
54359 72494
92681 60222
44608 60188
14845 51493
02147 45146
88202 47768
92957 37488
68969 50825
18314 51677
42277 83109
30238 25663
57033 06462
18087 22322
42277 48304
97253 28699
18075 23309
33203 85163
94615 51346
15801 60188
37488 50825
29539 14534
12644 89476
21969 77001
94762 00442
15760 03031
42110 90410
58409 52290
26129 05202
16545 06216
73778 60862
74064 35595
33203 62181
66523 67236
13042 93897
63731 71388
59245 18540
02147 63473
89002 18087
68132 17759
79106 10781
31762 46125
60862 97956
96907 34605
37046 62279
29712 36824
78223 80289
11966 46411
14232 13042
65499 66440
72332 72494
89599 04061
16545 73000
18087 89476
21599 44848
30806 73778
80577 32260
90410 27357
47350 74138
60188 97941
39327 11202
00099 86288
13880 60222
09569 74959
47768 47946
29539 18075
39327 93897
53560 74064
46975 51346
43107 85962
37488 65499
21599 60880
04941 04941
18261 97956
62279 41966
56687 47768
00442 18261
22689 01365
43107 37046
55035 04061
00099 44848
89094 23778
03031 63189
63189 66523
11966 19782
29717 97378
82852 82302
53560 89599
37680 81129
97941 15801
59181 20449
18314 41994
85163 96907
08275 04810
15105 51928
04897 78222
43107 51435
86349 50181
67865 73318
05423 22096
49996 29539
71388 69530
14435 07330
29634 07514
59458 82846
81341 58198
59245 75509
89476 43280
18311 02147
44848 49996
97956 15801
41375 63473
02383 16634
53199 73318
73000 53056
73849 20449
29539 71874
44608 60188
97095 53199
10753 70430
15105 45935
62444 81341
41322 26129
01344 39327
10781 73318
15801 53512
51855 90036
45935 05202
41966 46255
06462 37680
02147 71151
25663 62444
51717 53442
90845 94189
13812 15105
47861 49374
99566 01344
27576 93431
43107 87539
50825 39327
40111 94189
62279 83559
19191 42277
12612 59245
22689 70544
04897 53396
82302 71388
98821 21969
59458 68969
93431 60862
28560 00121
46411 66859
28873 68552
Queries
63892 35769
56347 67727
83109 31762
55317 97405
98031 02819
51855 10623
89094 39217
21029 45921
46975 20449
58409 04810
25663 78223
77523 13824
49377 51928
97095 54359
51435 78574
40290 49374
16634 63892
68679 59965
74067 18063
84037 52290
74959 15757
83782 44848
13604 70036
44608 71388
93567 65499
53253 13880
22096 12644
29712 24465
00121 36841
10753 93567
29563 08275
04941 15371
85163 56009
24274 61218
37958 49996
64451 85840
20449 13994
12612 12894
85962 51493
63731 15328
02147 50825
31762 64451
52290 12894
96907 59458
99267 90845
35595 90779
59911 33203
89074 13824
04810 12378
49377 93431
82852 41966
44608 43539
14845 94762
83559 32036
08188 85915
21969 82302
51717 24465
12378 59965
53442 89002
58198 84539
18400 42277
58409 80577
00415 79123
10781 93567
47437 51928
50181 46125
31762 99267
70412 46411
89094 04810
29563 06012
31762 74959
17841 74067
74064 60188
94189 45146
06978 85163
51677 66523
81341 79123
00917 65018
18063 46975
13994 15757
97253 16243
15760 84539
85402 75741
30238 19191
32260 69084
06012 21029
41982 18075
49505 64361
41982 56347
51240 62757
52290 36841
42277 14534
26491 97941
94168 81341
82846 58692
28560 11966
83368 84539
53056 90410
83782 70977
80388 60880
94189 86288
12712 77523
77453 83559
60880 68969
74959 60222
56347 53253
68132 02518
51084 00121
58382 85915
44219 71388
67727 02819
21969 28560
44219 85840
21599 64361
28873 11202
68701 85402
59510 85858
71151 84539
36912 92681
27951 27494
82646 96907
70412 63189
63473 26491
35521 84992
13675 15371
14534 97586
13880 27951
10759 11202
23309 21969
63189 15757
13994 62181
90036 59429
26503 44608
49996 92361
78222 37680
51084 47437
48304 06012
05423 56347
66440 15801
92026 73354
56687 65499
36730 64361
52290 52290
93431 47350
57033 55035
03031 70977
68132 47861
89055 04897
32672 56009
02147 97253
51240 99566
89599 37392
82846 69599
10759 14007
59181 60862
71388 43107
13593 65499
48351 43539
55317 32672
95641 53512
58409 52290
94762 73778
14845 71388
42110 51240
02819 80217
90410 15328
52630 59911
50811 62279
71758 62757
82646 77905
78223 14534
25197 60188
27931 36730
02518 64361
40111 39877
26129 69530
36509 47946
76806 84992
77453 86288
10623 32036
47861 36730
90036 61218
00415 96907
97253 13994
15105 89055
82646 18314
25663 44608
23778 84037
19782 68701
41982 66021
69084 00121
64361 48597
16634 79476
72148 63473
70333 84037
21087 35521
39862 26503
63704 28846
81527 20449
39327 44848
19782 47946
45049 92681
53560 99267
30806 81853
38902 59429
62181 04810
76558 55317
22689 72148
89055 40290
12644 78222
15771 04941
58692 00099
92973 72494
62181 00865
89055 74211
98031 74211
22689 51084
66021 44219
77523 22689
56009 26129
51677 00917
08188 07514
23309 74138
15371 85962
70036 51346
76806 85163
97378 74211
27931 69530
77001 28560
63731 65018
42421 36912
01344 42277
39877 43280
59429 18063
94762 85840
85962 75509
58409 39877
56347 58409
68132 33880
81527 21599
15801 81853
83782 02383
12894 17759
15771 92361
18087 63189
98031 49374
62444 14534
94189 88202
90845 71151
22912 28190
92957 73354
36730 28873
80289 82725
11394 59911
28846 94189
97095 55162
59181 10623
58409 27951
66198 51084
92973 21598
02819 18400
97378 13772
11966 02723
14845 97727
15801 26129
74067 73778
40334 36509
05202 80670
97095 63189
37680 09569
28873 34811
37680 67841
63473 60880
75509 62444
31872 57384
63473 31762
93567 75741
74067 04941
93431 58692
85915 74067
47861 68552
39877 29539
93897 02819
71151 47731
29634 18314
22689 85962
49374 37974
70430 24274
53560 81527
49996 87914
53442 48497
94762 32036
84992 84992
05423 54359
05423 49505
68132 89002
10753 07330
55755 24274
96907 38902
10759 81527
72430 66440
97956 66859
95641 82302
02147 45146
89055 39217
30888 37046
86349 80577
64451 44608
18314 71388
74211 16634
15996 33286
13610 74138
69530 61218
65499 14845
70412 89074
92026 11202
17841 59429
Thinking
start 75337 src 75337
75337 90779 src 75337
75337 49996 src 75337
75337 07514 src 75337
75337 21029 src 75337
75337 25197 src 75337
75337 34811 src 75337
75337 76806 src 75337
90779 23309 src 75337
90779 28190 src 75337
90779 86288 src 75337
90779 22912 src 75337
90779 63473 src 75337
90779 53253 src 75337
90779 41375 src 75337
90779 08275 src 75337
90779 58409 src 75337
49996 45146 src 75337
49996 16634 src 75337
49996 82725 src 75337
49996 29539 src 75337
49996 44848 src 75337
07514 02819 src 75337
07514 15771 src 75337
07514 71151 src 75337
07514 29563 src 75337
07514 29634 src 75337
21029 18311 src 75337
21029 45049 src 75337
21029 00099 src 75337
25197 98031 src 75337
25197 10759 src 75337
25197 13610 src 75337
25197 04941 src 75337
34811 80289 src 75337
34811 37006 src 75337
34811 83782 src 75337
76806 66021 src 75337
76806 71874 src 75337
76806 02147 src 75337
76806 37974 src 75337
23309 41982 src 75337
23309 27494 src 75337
23309 21599 src 75337
23309 18075 src 75337
28190 14534 src 75337
28190 84992 src 75337
28190 83368 src 75337
86288 78223 src 75337
86288 32036 src 75337
86288 99267 src 75337
86288 74682 src 75337
22912 63892 src 75337
63473 92361 src 75337
53253 60880 src 75337
53253 06012 src 75337
08275 52290 src 75337
08275 04810 src 75337
45146 56347 src 75337
45146 02383 src 75337
02819 61218 src 75337
29563 35521 src 75337
18075 74211 src 75337
start 15105 src 15105
15105 13042 src 15105
15105 78624 src 15105
15105 85163 src 15105
15105 57384 src 15105
15105 90410 src 15105
15105 35564 src 15105
15105 51084 src 15105
15105 51928 src 15105
15105 45935 src 15105
15105 13812 src 15105
13042 58780 src 15105
13042 72148 src 15105
13042 13593 src 15105
13042 65499 src 15105
13042 92957 src 15105
13042 93897 src 15105
13042 14232 src 15105
78624 92940 src 15105
78624 06216 src 15105
78624 56687 src 15105
78624 11202 src 15105
85163 37958 src 15105
85163 36824 src 15105
85163 33880 src 15105
85163 80577 src 15105
85163 33203 src 15105
85163 96907 src 15105
57384 36297 src 15105
90410 59965 src 15105
90410 42110 src 15105
90410 27357 src 15105
35564 16545 src 15105
35564 23778 src 15105
35564 00865 src 15105
35564 62181 src 15105
51084 89094 src 15105
51084 05202 src 15105
51084 72430 src 15105
51928 74138 src 15105
51928 69084 src 15105
45935 29712 src 15105
72148 80388 src 15105
72148 26129 src 15105
72148 32260 src 15105
13593 01365 src 15105
13593 99566 src 15105
13593 47768 src 15105
13593 47437 src 15105
65499 62757 src 15105
65499 56009 src 15105
65499 73000 src 15105
65499 66440 src 15105
65499 37488 src 15105
92957 47350 src 15105
93897 39327 src 15105
14232 10623 src 15105
92940 58692 src 15105
56687 70333 src 15105
56687 31872 src 15105
36824 50181 src 15105
33880 15328 src 15105
80577 33286 src 15105
80577 75267 src 15105
80577 53056 src 15105
33203 18070 src 15105
96907 12378 src 15105
96907 34605 src 15105
36297 41322 src 15105
59965 24465 src 15105
59965 97586 src 15105
42110 82846 src 15105
27357 06978 src 15105
27357 70544 src 15105
27357 13675 src 15105
27357 68951 src 15105
16545 59458 src 15105
16545 85858 src 15105
62181 47946 src 15105
62181 01344 src 15105
62181 97727 src 15105
89094 14007 src 15105
89094 71758 src 15105
72430 28846 src 15105
69084 63704 src 15105
69084 80670 src 15105
29712 86349 src 15105
26129 21087 src 15105
01365 22689 src 15105
99566 88202 src 15105
47437 68679 src 15105
37488 50825 src 15105
31872 84037 src 15105
31872 51240 src 15105
50181 68969 src 15105
28846 59510 src 15105
start 41484 src 41484
41484 13994 src 41484
41484 19191 src 41484
41484 42277 src 41484
41484 00442 src 41484
41484 60188 src 41484
41484 40111 src 41484
41484 53512 src 41484
41484 30806 src 41484
41484 59181 src 41484
41484 20949 src 41484
13994 78574 src 41484
13994 82077 src 41484
13994 49814 src 41484
19191 87914 src 41484
19191 46125 src 41484
19191 81853 src 41484
42277 46411 src 41484
42277 55162 src 41484
42277 66859 src 41484
42277 52630 src 41484
42277 85840 src 41484
42277 62444 src 41484
42277 83109 src 41484
42277 48304 src 41484
00442 92973 src 41484
00442 26503 src 41484
00442 58198 src 41484
00442 25663 src 41484
00442 24924 src 41484
00442 43539 src 41484
00442 94762 src 41484
00442 18261 src 41484
60188 27576 src 41484
60188 59911 src 41484
60188 44608 src 41484
60188 15801 src 41484
60188 97941 src 41484
40111 21598 src 41484
40111 11966 src 41484
40111 81341 src 41484
40111 73778 src 41484
40111 94189 src 41484
53512 78931 src 41484
53512 27931 src 41484
30806 74067 src 41484
30806 64451 src 41484
30806 30238 src 41484
30806 81527 src 41484
59181 79123 src 41484
59181 20449 src 41484
20949 21969 src 41484
78574 27445 src 41484
78574 17841 src 41484
82077 08188 src 41484
82077 27951 src 41484
49814 30898 src 41484
87914 00121 src 41484
87914 97956 src 41484
46125 73849 src 41484
46125 31762 src 41484
81853 47731 src 41484
81853 36841 src 41484
81853 57304 src 41484
55162 28560 src 41484
55162 00415 src 41484
55162 93431 src 41484
52630 60862 src 41484
62444 90845 src 41484
62444 84275 src 41484
48304 85915 src 41484
92973 19782 src 41484
81527 77001 src 41484
21969 98821 src 41484
00415 18063 src 41484
start 51346 src 51346
51346 82852 src 51346
51346 13604 src 51346
51346 65018 src 51346
51346 14845 src 51346
51346 70430 src 51346
51346 37046 src 51346
51346 94615 src 51346
51346 46975 src 51346
82852 83559 src 51346
82852 50811 src 51346
82852 40334 src 51346
82852 10781 src 51346
82852 89074 src 51346
82852 82302 src 51346
13604 43107 src 51346
13604 58385 src 51346
13604 69530 src 51346
65018 15996 src 51346
65018 39862 src 51346
65018 30888 src 51346
14845 70036 src 51346
14845 51493 src 51346
70430 16243 src 51346
70430 38902 src 51346
70430 74404 src 51346
70430 10753 src 51346
37046 13824 src 51346
37046 48351 src 51346
37046 49377 src 51346
37046 67865 src 51346
37046 45921 src 51346
37046 62279 src 51346
94615 89055 src 51346
46975 02723 src 51346
46975 92026 src 51346
46975 13772 src 51346
46975 51435 src 51346
83559 70412 src 51346
83559 44219 src 51346
50811 73318 src 51346
50811 80217 src 51346
10781 00917 src 51346
10781 66198 src 51346
10781 79106 src 51346
82302 07330 src 51346
82302 71388 src 51346
43107 54359 src 51346
43107 36509 src 51346
43107 85962 src 51346
43107 87539 src 51346
58385 97095 src 51346
58385 32672 src 51346
58385 43484 src 51346
58385 77846 src 51346
58385 66523 src 51346
39862 41966 src 51346
39862 73354 src 51346
30888 90383 src 51346
70036 63731 src 51346
70036 69599 src 51346
10753 26491 src 51346
13824 90036 src 51346
48351 94168 src 51346
48351 94272 src 51346
48351 70977 src 51346
67865 77453 src 51346
67865 93567 src 51346
67865 75741 src 51346
62279 28699 src 51346
62279 72332 src 51346
62279 14435 src 51346
89055 97405 src 51346
02723 15760 src 51346
02723 85402 src 51346
92026 95641 src 51346
92026 59429 src 51346
92026 48497 src 51346
44219 84539 src 51346
73318 53199 src 51346
80217 72494 src 51346
80217 67236 src 51346
71388 51855 src 51346
54359 63189 src 51346
87539 97253 src 51346
87539 67841 src 51346
66523 77523 src 51346
66523 46255 src 51346
77453 27358 src 51346
15760 03031 src 51346
72494 90193 src 51346
start 53560 src 53560
53560 39217 src 53560
53560 64929 src 53560
53560 49374 src 53560
53560 82646 src 53560
53560 04061 src 53560
53560 03293 src 53560
53560 06462 src 53560
53560 74064 src 53560
53560 89599 src 53560
39217 35595 src 53560
39217 12712 src 53560
64929 36730 src 53560
64929 17759 src 53560
64929 58898 src 53560
64929 04897 src 53560
49374 68701 src 53560
49374 53442 src 53560
49374 47861 src 53560
82646 61527 src 53560
82646 18400 src 53560
82646 93942 src 53560
82646 79476 src 53560
82646 97378 src 53560
82646 37680 src 53560
04061 43280 src 53560
04061 12644 src 53560
04061 37392 src 53560
04061 51717 src 53560
04061 12894 src 53560
04061 55035 src 53560
03293 05423 src 53560
03293 39877 src 53560
06462 30131 src 53560
06462 57033 src 53560
74064 55755 src 53560
89599 09569 src 53560
89599 29717 src 53560
35595 11394 src 53560
12712 89002 src 53560
12712 41994 src 53560
12712 74959 src 53560
12712 51677 src 53560
12712 52754 src 53560
36730 49505 src 53560
17759 36912 src 53560
17759 53396 src 53560
17759 42421 src 53560
17759 68132 src 53560
04897 35769 src 53560
04897 12612 src 53560
04897 78222 src 53560
68701 40246 src 53560
68701 77905 src 53560
68701 55317 src 53560
53442 75509 src 53560
53442 18314 src 53560
47861 64361 src 53560
61527 76558 src 53560
61527 67727 src 53560
97378 15757 src 53560
97378 40290 src 53560
37680 02518 src 53560
37680 81129 src 53560
43280 89476 src 53560
12894 48597 src 53560
12894 58382 src 53560
12894 22322 src 53560
05423 22096 src 53560
39877 60222 src 53560
39877 18540 src 53560
30131 24274 src 53560
89002 18087 src 53560
74959 91328 src 53560
74959 15371 src 53560
52754 68552 src 53560
42421 13880 src 53560
42421 28873 src 53560
35769 86025 src 53560
12612 59245 src 53560
58382 92681 src 53560
Output
63892 35769 no
56347 67727 no
83109 31762 yes
55317 97405 no
98031 02819 yes
51855 10623 no
89094 39217 no
21029 45921 no
46975 20449 no
58409 04810 yes
25663 78223 no
77523 13824 yes
49377 51928 no
97095 54359 yes
51435 78574 no
40290 49374 yes
16634 63892 yes
68679 59965 yes
74067 18063 yes
84037 52290 no
74959 15757 yes
83782 44848 yes
13604 70036 yes
44608 71388 no
93567 65499 no
53253 13880 no
22096 12644 yes
29712 24465 yes
00121 36841 yes
10753 93567 yes
29563 08275 yes
04941 15371 no
85163 56009 yes
24274 61218 no
37958 49996 no
64451 85840 yes
20449 13994 yes
12612 12894 yes
85962 51493 yes
63731 15328 no
02147 50825 no
31762 64451 yes
52290 12894 no
96907 59458 yes
99267 90845 no
35595 90779 no
59911 33203 no
89074 13824 yes
04810 12378 no
49377 93431 no
82852 41966 yes
44608 43539 yes
14845 94762 no
83559 32036 no
08188 85915 yes
21969 82302 no
51717 24465 no
12378 59965 yes
53442 89002 yes
58198 84539 no
18400 42277 no
58409 80577 no
00415 79123 yes
10781 93567 yes
47437 51928 yes
50181 46125 no
31762 99267 no
70412 46411 no
89094 04810 no
29563 06012 yes
31762 74959 no
17841 74067 yes
74064 60188 no
94189 45146 no
06978 85163 yes
51677 66523 no
81341 79123 yes
00917 65018 yes
18063 46975 no
13994 15757 no
97253 16243 yes
15760 84539 yes
85402 75741 yes
30238 19191 yes
32260 69084 yes
06012 21029 yes
41982 18075 yes
49505 64361 yes
41982 56347 yes
51240 62757 yes
52290 36841 no
42277 14534 no
26491 97941 no
94168 81341 no
82846 58692 yes
28560 11966 yes
83368 84539 no
53056 90410 yes
83782 70977 no
80388 60880 no
94189 86288 no
12712 77523 no
77453 83559 yes
60880 68969 no
74959 60222 yes
56347 53253 yes
68132 02518 yes
51084 00121 no
58382 85915 no
44219 71388 yes
67727 02819 no
21969 28560 yes
44219 85840 no
21599 64361 no
28873 11202 no
68701 85402 no
59510 85858 yes
71151 84539 no
36912 92681 yes
27951 27494 no
82646 96907 no
70412 63189 yes
63473 26491 no
35521 84992 yes
13675 15371 no
14534 97586 no
13880 27951 no
10759 11202 no
23309 21969 no
63189 15757 no
13994 62181 no
90036 59429 yes
26503 44608 yes
49996 92361 yes
78222 37680 yes
51084 47437 yes
48304 06012 no
05423 56347 no
66440 15801 no
92026 73354 yes
56687 65499 yes
36730 64361 yes
52290 52290 yes
93431 47350 no
57033 55035 yes
03031 70977 yes
68132 47861 yes
89055 04897 no
32672 56009 no
02147 97253 no
51240 99566 yes
89599 37392 yes
82846 69599 no
10759 14007 no
59181 60862 yes
71388 43107 yes
13593 65499 yes
48351 43539 no
55317 32672 no
95641 53512 no
58409 52290 yes
94762 73778 yes
14845 71388 yes
42110 51240 yes
02819 80217 no
90410 15328 yes
52630 59911 yes
50811 62279 yes
71758 62757 yes
82646 77905 yes
78223 14534 yes
25197 60188 no
27931 36730 no
02518 64361 yes
40111 39877 no
26129 69530 no
36509 47946 no
76806 84992 yes
77453 86288 no
10623 32036 no
47861 36730 yes
90036 61218 no
00415 96907 no
97253 13994 no
15105 89055 no
82646 18314 yes
25663 44608 yes
23778 84037 yes
19782 68701 no
41982 66021 yes
69084 00121 no
64361 48597 yes
16634 79476 no
72148 63473 no
70333 84037 yes
21087 35521 no
39862 26503 no
63704 28846 yes
81527 20449 yes
39327 44848 no
19782 47946 no
45049 92681 no
53560 99267 no
30806 81853 yes
38902 59429 yes
62181 04810 no
76558 55317 yes
22689 72148 yes
89055 40290 no
12644 78222 yes
15771 04941 yes
58692 00099 no
92973 72494 no
62181 00865 yes
89055 74211 no
98031 74211 yes
22689 51084 yes
66021 44219 no
77523 22689 no
56009 26129 yes
51677 00917 no
08188 07514 no
23309 74138 no
15371 85962 no
70036 51346 yes
76806 85163 no
97378 74211 no
27931 69530 no
77001 28560 yes
63731 65018 yes
42421 36912 yes
01344 42277 no
39877 43280 yes
59429 18063 no
94762 85840 yes
85962 75509 no
58409 39877 no
56347 58409 yes
68132 33880 no
81527 21599 no
15801 81853 yes
83782 02383 yes
12894 17759 yes
15771 92361 yes
18087 63189 no
98031 49374 no
62444 14534 no
94189 88202 no
90845 71151 no
22912 28190 yes
92957 73354 no
36730 28873 yes
80289 82725 yes
11394 59911 no
28846 94189 no
97095 55162 no
59181 10623 no
58409 27951 no
66198 51084 no
92973 21598 yes
02819 18400 no
97378 13772 no
11966 02723 no
14845 97727 no
15801 26129 no
74067 73778 yes
40334 36509 yes
05202 80670 yes
97095 63189 yes
37680 09569 yes
28873 34811 no
37680 67841 no
63473 60880 yes
75509 62444 no
31872 57384 yes
63473 31762 no
93567 75741 yes
74067 04941 no
93431 58692 no
85915 74067 yes
47861 68552 yes
39877 29539 no
93897 02819 no
71151 47731 no
29634 18314 no
22689 85962 no
49374 37974 no
70430 24274 no
53560 81527 no
49996 87914 no
53442 48497 no
94762 32036 no
84992 84992 yes
05423 54359 no
05423 49505 yes
68132 89002 yes
10753 07330 yes
55755 24274 yes
96907 38902 no
10759 81527 no
72430 66440 yes
97956 66859 yes
95641 82302 yes
02147 45146 yes
89055 39217 no
30888 37046 yes
86349 80577 yes
64451 44608 yes
18314 71388 no
74211 16634 yes
15996 33286 no
13610 74138 no
69530 61218 no
65499 14845 no
70412 89074 yes
92026 11202 no
17841 59429 no
End
