Graph
26756 85360
84257 01421
90685 75467
60898 71836
64267 16861
06198 47368
19511 20374
15372 61388
61388 75467
88950 58896
61682 12443
52947 63283
33588 24104
98013 49104
92374 92444
91291 17147
61388 24541
58251 48356
64515 23971
69772 50390
48356 60694
84793 26756
83040 66319
66449 24373
64267 47366
91655 66294
21821 95139
06198 61349
47368 49541
49863 08923
12443 26778
58251 69721
96631 91784
01421 49104
80914 84257
23971 52694
86093 56191
24680 06198
34600 93746
64177 72503
66449 32502
34600 43161
61349 52560
43161 43161
61388 82880
66767 15184
62592 33436
98013 88685
93302 91112
62592 58251
30345 24680
18109 48646
93302 24373
48356 91291
69772 34123
61388 05967
79729 92374
69772 24680
66294 66449
56061 01421
90685 76687
30345 43763
32312 38257
83638 00187
62592 61388
11057 43763
26972 38257
26972 84793
33588 28759
33377 49863
79322 66449
03586 32312
64177 81206
61682 69772
95139 90570
35547 75345
33588 00187
37119 76687
37119 60694
91655 90570
88685 73250
40942 62592
47289 61388
24680 43161
79322 66319
47289 75467
63283 26972
66294 91784
71449 61388
60898 78848
67909 33588
50035 76687
58896 37119
40965 26778
19511 95139
75467 50035
83040 36735
58896 08923
64267 98013
78848 56097
48646 24373
32502 35547
38257 90685
64267 73250
32502 95139
05567 40965
31691 12443
40942 88950
23971 98013
63283 21198
33588 19686
36735 00187
78803 33102
69721 71449
52560 05567
48646 21021
64479 21021
84793 07232
93746 73250
34600 08587
81345 49541
91291 61388
71026 71449
68513 17147
81206 86093
66767 83921
20374 95139
68513 76687
95139 33102
69772 40965
06085 32312
88685 23971
34123 12443
78803 86093
83040 67909
07232 21198
90106 58251
78848 32502
63283 33377
41032 88685
49104 24680
38550 66767
48646 06000
41032 21518
61682 64515
32312 90685
78848 71396
79322 60372
24680 61682
37119 47289
91655 78848
80914 01421
52560 31691
58251 58896
91112 21021
84257 06198
40965 48083
39277 33102
88685 98013
64479 36735
24680 30715
93302 75345
90685 92444
23971 43161
79729 71449
96631 91784
91112 15299
48646 15184
48022 26778
64267 40965
26756 05967
40942 82058
92444 48432
82058 47289
85360 33436
61388 71449
48356 76682
39127 50035
98013 47366
84793 92444
50390 47368
88685 34123
56191 48646
95139 55462
83452 76687
91291 92444
48646 18109
38257 28016
68513 08923
49541 50390
85360 48432
07232 08923
90570 66319
48356 33436
41032 52694
30345 64267
48083 50390
30098 64515
38257 28016
82058 91291
33102 71396
28759 15299
56061 49541
69721 71026
28759 38550
48432 47289
58896 32312
08923 24541
19686 93302
17147 15372
48356 85360
69721 90106
88685 61682
21821 19686
35584 88685
48356 62592
58896 15372
33377 85360
91291 92444
06085 39127
60898 21821
26778 48083
67909 55462
47368 30345
78848 81206
91291 37119
66449 78803
52560 30098
71395 80914
23971 48083
95329 83921
91112 81206
91784 83921
83452 52947
90685 71449
24541 82880
21518 81345
06000 56191
61349 11057
20374 66767
56097 83638
71836 19511
20374 19686
61388 39127
43161 08587
40965 06198
84257 08587
90685 75467
83452 63283
06085 26756
49104 05567
71836 06000
19686 18109
06000 56097
08587 64515
39127 91291
36735 24373
38550 23877
63283 76682
66319 24373
11467 34123
08923 38257
90106 27592
07232 63283
31691 30715
21821 66294
67909 69247
79322 95139
05567 81345
26756 76682
90570 64177
21198 33377
85360 63283
34123 88685
64267 16861
95329 20374
30345 30715
06198 23971
93746 61682
52560 35584
95139 06000
37119 26972
66767 83040
26037 33588
71395 12443
61388 08923
48432 05967
78848 32502
21821 95139
01421 08587
78803 71396
30098 06198
23971 11057
34600 12443
36735 66767
86093 15299
26972 71026
05967 92374
08587 30098
66294 66294
24680 61682
15299 15184
80914 48022
00187 39277
34123 98013
47366 30098
06000 66294
64515 05567
71395 35584
06085 32312
91291 27592
58251 52947
32502 91112
79729 88950
67909 66294
91291 75467
96631 91655
01421 64267
48646 21821
32312 49863
98013 61682
84257 71395
34600 16861
15372 92374
75345 64177
52560 48083
76687 71026
75345 91784
90106 48356
69247 78803
67909 75345
52560 43763
21518 88685
49541 16861
26756 33436
66449 38550
06198 88685
76682 79729
26972 26756
66294 38550
91784 19511
34600 49104
21518 26778
95329 66767
40942 63283
11057 47366
79322 15299
21518 93746
71836 83638
39127 58896
64479 66767
91655 56191
92444 68513
91655 64177
Queries
72503 34600
06198 33377
16861 48083
48022 81345
75345 69247
08587 52947
79322 24104
26972 43161
72503 90685
52694 08587
47368 26778
66294 40965
50035 24373
90685 24680
83040 88950
91784 69721
30715 12443
75467 21821
27592 05967
15184 48432
11057 30715
26972 05967
61388 82058
55462 47366
18109 30098
06198 24541
71026 19511
18109 64177
91112 86093
11057 34123
48083 96631
16861 40942
96631 39127
55462 40965
71396 56061
39127 08923
48356 47289
93302 69247
50035 78803
95139 06198
69772 81345
50390 75345
01421 79729
05567 16861
50390 15299
95329 15372
49863 24104
19686 21518
71026 03586
32502 36735
91291 92444
80914 88685
49541 88685
66294 28759
38550 81206
11467 11467
61349 52560
61682 11057
28016 26972
71395 56061
61388 17147
48646 81206
86093 11057
64515 79322
17147 15372
72503 38550
33436 31691
64267 18109
72503 56191
17147 41032
06000 40965
33436 98013
43763 49104
49104 56191
33436 16861
62592 28759
69772 11467
68513 03586
60372 79322
64177 67909
30715 24541
69247 11057
49863 61388
28016 62592
30345 90685
32502 83040
30098 26756
90685 75467
23877 30345
21518 75467
21198 15372
71449 40965
23877 11467
08587 62592
98013 83452
24680 16861
88685 15184
26037 35584
23877 82880
33377 90685
43763 66767
21518 61349
93302 34123
19511 83638
76687 68513
34600 56097
47366 34600
93302 73250
88950 21198
21518 69772
80914 00187
50035 48646
60898 93746
05967 43161
78848 07232
08587 31691
71026 66767
83638 69721
91291 30715
52694 08587
26756 27592
64267 11467
78803 91655
48022 93302
48022 62592
49541 05567
48083 00187
93302 83452
49104 73250
26972 19511
06198 61349
35547 52694
55462 34600
50035 71836
86093 20374
Thinking
start 05967 src 05967
05967 61388 src 05967
05967 26756 src 05967
05967 48432 src 05967
05967 92374 src 05967
61388 15372 src 05967
61388 75467 src 05967
61388 24541 src 05967
61388 82880 src 05967
61388 62592 src 05967
61388 47289 src 05967
61388 71449 src 05967
61388 91291 src 05967
61388 39127 src 05967
61388 08923 src 05967
26756 85360 src 05967
26756 84793 src 05967
26756 06085 src 05967
26756 76682 src 05967
26756 33436 src 05967
26756 26972 src 05967
48432 92444 src 05967
92374 79729 src 05967
15372 17147 src 05967
15372 58896 src 05967
75467 90685 src 05967
75467 50035 src 05967
62592 58251 src 05967
62592 40942 src 05967
62592 48356 src 05967
47289 37119 src 05967
47289 82058 src 05967
71449 69721 src 05967
71449 71026 src 05967
91291 27592 src 05967
08923 49863 src 05967
08923 68513 src 05967
08923 07232 src 05967
08923 38257 src 05967
85360 33377 src 05967
85360 63283 src 05967
06085 32312 src 05967
79729 88950 src 05967
90685 76687 src 05967
58251 90106 src 05967
58251 52947 src 05967
48356 60694 src 05967
07232 21198 src 05967
38257 28016 src 05967
63283 83452 src 05967
32312 03586 src 05967
start 66294 src 66294
66294 91655 src 66294
66294 66449 src 66294
66294 91784 src 66294
66294 21821 src 66294
66294 06000 src 66294
66294 67909 src 66294
66294 38550 src 66294
91655 90570 src 66294
91655 78848 src 66294
91655 96631 src 66294
91655 56191 src 66294
91655 64177 src 66294
66449 24373 src 66294
66449 32502 src 66294
66449 79322 src 66294
66449 78803 src 66294
91784 83921 src 66294
91784 75345 src 66294
91784 19511 src 66294
21821 95139 src 66294
21821 19686 src 66294
21821 60898 src 66294
21821 48646 src 66294
06000 71836 src 66294
06000 56097 src 66294
67909 33588 src 66294
67909 83040 src 66294
67909 55462 src 66294
67909 69247 src 66294
38550 66767 src 66294
38550 28759 src 66294
38550 23877 src 66294
90570 66319 src 66294
78848 71396 src 66294
78848 81206 src 66294
56191 86093 src 66294
64177 72503 src 66294
24373 93302 src 66294
24373 36735 src 66294
32502 35547 src 66294
32502 91112 src 66294
79322 60372 src 66294
79322 15299 src 66294
78803 33102 src 66294
83921 95329 src 66294
19511 20374 src 66294
19686 18109 src 66294
48646 21021 src 66294
48646 15184 src 66294
71836 83638 src 66294
33588 24104 src 66294
33588 00187 src 66294
33588 26037 src 66294
66767 64479 src 66294
33102 39277 src 66294
start 98013 src 98013
98013 49104 src 98013
98013 88685 src 98013
98013 64267 src 98013
98013 23971 src 98013
98013 47366 src 98013
98013 34123 src 98013
98013 61682 src 98013
49104 01421 src 98013
49104 24680 src 98013
49104 05567 src 98013
49104 34600 src 98013
88685 73250 src 98013
88685 41032 src 98013
88685 35584 src 98013
88685 21518 src 98013
88685 06198 src 98013
64267 16861 src 98013
64267 40965 src 98013
64267 30345 src 98013
23971 64515 src 98013
23971 52694 src 98013
23971 43161 src 98013
23971 48083 src 98013
23971 11057 src 98013
47366 30098 src 98013
34123 69772 src 98013
34123 12443 src 98013
34123 11467 src 98013
61682 93746 src 98013
01421 84257 src 98013
01421 56061 src 98013
01421 80914 src 98013
01421 08587 src 98013
24680 30715 src 98013
05567 52560 src 98013
05567 81345 src 98013
35584 71395 src 98013
21518 26778 src 98013
06198 47368 src 98013
06198 61349 src 98013
16861 49541 src 98013
30345 43763 src 98013
48083 50390 src 98013
12443 31691 src 98013
80914 48022 src 98013
Output
72503 34600 no
06198 33377 no
16861 48083 yes
48022 81345 yes
75345 69247 yes
08587 52947 no
79322 24104 yes
26972 43161 no
72503 90685 no
52694 08587 yes
47368 26778 yes
66294 40965 no
50035 24373 no
90685 24680 no
83040 88950 no
91784 69721 no
30715 12443 yes
75467 21821 no
27592 05967 yes
15184 48432 no
11057 30715 yes
26972 05967 yes
61388 82058 yes
55462 47366 no
18109 30098 no
06198 24541 no
71026 19511 no
18109 64177 yes
91112 86093 yes
11057 34123 yes
48083 96631 no
16861 40942 no
96631 39127 no
55462 40965 no
71396 56061 no
39127 08923 yes
48356 47289 yes
93302 69247 yes
50035 78803 no
95139 06198 no
69772 81345 yes
50390 75345 no
01421 79729 no
05567 16861 yes
50390 15299 no
95329 15372 no
49863 24104 no
19686 21518 no
71026 03586 yes
32502 36735 yes
91291 92444 yes
80914 88685 yes
49541 88685 yes
66294 28759 yes
38550 81206 yes
11467 11467 yes
61349 52560 yes
61682 11057 yes
28016 26972 yes
71395 56061 yes
61388 17147 yes
48646 81206 yes
86093 11057 no
64515 79322 no
17147 15372 yes
72503 38550 yes
33436 31691 no
64267 18109 no
72503 56191 yes
17147 41032 no
06000 40965 no
33436 98013 no
43763 49104 yes
49104 56191 no
33436 16861 no
62592 28759 no
69772 11467 yes
68513 03586 yes
60372 79322 yes
64177 67909 yes
30715 24541 no
69247 11057 no
49863 61388 yes
28016 62592 yes
30345 90685 no
32502 83040 yes
30098 26756 no
90685 75467 yes
23877 30345 no
21518 75467 no
21198 15372 yes
71449 40965 no
23877 11467 no
08587 62592 no
98013 83452 no
24680 16861 yes
88685 15184 no
26037 35584 no
23877 82880 no
33377 90685 yes
43763 66767 no
21518 61349 yes
93302 34123 no
19511 83638 yes
76687 68513 yes
34600 56097 no
47366 34600 yes
93302 73250 no
88950 21198 yes
21518 69772 yes
80914 00187 no
50035 48646 no
60898 93746 no
05967 43161 no
78848 07232 no
08587 31691 yes
71026 66767 no
83638 69721 no
91291 30715 no
52694 08587 yes
26756 27592 yes
64267 11467 yes
78803 91655 yes
48022 93302 no
48022 62592 no
49541 05567 yes
48083 00187 no
93302 83452 no
49104 73250 yes
26972 19511 no
06198 61349 yes
35547 52694 no
55462 34600 no
50035 71836 no
86093 20374 yes
End
