Graph
5351 8113
6394 1936
8747 0720
8341 7991
2689 0720
1093 4750
2575 4750
7991 2341
2771 4986
2505 7969
7940 2505
8341 2024
0383 8445
9591 0253
4980 6888
7991 2341
0313 7991
8747 7886
2505 5131
2505 5131
6394 0313
8341 7991
9763 4750
2575 8104
8113 2575
6807 5351
1352 8919
8871 0319
3477 2733
1041 5351
3032 6394
6982 2689
6394 0313
7940 1352
8747 8747
8341 4108
2024 7991
1041 5351
7969 7940
8113 5351
7584 2733
8871 0319
8104 1093
0313 2341
6982 9880
4986 4980
9080 7584
0383 7940
4750 9763
6982 0720
1352 8919
7584 6888
2689 1269
0319 8747
2575 5351
8871 1269
8341 4108
1352 0146
2771 3477
1093 6807
0958 5351
8747 0319
3840 8104
9591 0253
4108 7991
4986 3477
4980 6888
0253 2341
1269 0319
2771 4980
1936 4108
2024 3032
2505 0146
8104 0958
8341 9591
2689 0319
7437 7940
8104 9763
8113 6807
4750 1041
7250 0720
2689 1269
0313 0253
2575 3840
2771 9080
0253 3032
Queries
1093 4750
4986 1269
2733 4986
3477 9763
1041 5351
4986 8104
2024 2024
6888 4986
7250 1269
0253 2771
6394 4108
8104 2689
4108 0253
8341 6807
4986 0146
8747 9880
7940 8919
1352 4108
2505 7940
3032 0313
1093 6982
0319 2341
4108 6888
1936 2341
0253 2341
5131 7940
0319 7886
0319 2689
2575 1041
7969 2733
9880 7250
1936 5351
8871 9880
1352 4986
4108 2689
0253 0313
9763 3840
2024 1269
3477 9763
2505 2689
4986 9880
7991 2771
9080 7940
0319 0958
6807 5351
9080 2024
8341 1936
0319 8919
6888 6888
0958 8871
5131 7437
3477 4986
8113 8919
2024 6807
0958 3477
2771 5131
7437 4108
6807 8104
5131 8919
9080 1269
2733 4986
0720 4980
6394 0253
5351 2575
1093 4750
2689 6982
7584 7886
1269 8104
0720 4980
9763 0319
3032 8341
7437 7250
9591 9591
4108 8747
2341 1936
3840 6807
7969 8113
9880 7250
7886 8871
3840 1352
1041 2771
3477 3477
0319 8341
8341 0253
Thinking
start 0319 src 0319
0319 8871 src 0319
0319 8747 src 0319
0319 1269 src 0319
0319 2689 src 0319
8747 0720 src 0319
8747 7886 src 0319
2689 6982 src 0319
0720 7250 src 0319
6982 9880 src 0319
start 2575 src 2575
2575 4750 src 2575
2575 8104 src 2575
2575 8113 src 2575
2575 5351 src 2575
2575 3840 src 2575
4750 1093 src 2575
4750 9763 src 2575
4750 1041 src 2575
8104 0958 src 2575
8113 6807 src 2575
start 7940 src 7940
7940 2505 src 7940
7940 1352 src 7940
7940 7969 src 7940
7940 0383 src 7940
7940 7437 src 7940
2505 5131 src 7940
2505 0146 src 7940
1352 8919 src 7940
0383 8445 src 7940
start 3477 src 3477
3477 2733 src 3477
3477 2771 src 3477
3477 4986 src 3477
2733 7584 src 3477
2771 4980 src 3477
2771 9080 src 3477
7584 6888 src 3477
start 3032 src 3032
3032 6394 src 3032
3032 2024 src 3032
3032 0253 src 3032
6394 1936 src 3032
6394 0313 src 3032
2024 8341 src 3032
2024 7991 src 3032
0253 9591 src 3032
0253 2341 src 3032
1936 4108 src 3032
Output
1093 4750 yes
4986 1269 no
2733 4986 yes
3477 9763 no
1041 5351 yes
4986 8104 no
2024 2024 yes
6888 4986 yes
7250 1269 yes
0253 2771 no
6394 4108 yes
8104 2689 no
4108 0253 yes
8341 6807 no
4986 0146 no
8747 9880 yes
7940 8919 yes
1352 4108 no
2505 7940 yes
3032 0313 yes
1093 6982 no
0319 2341 no
4108 6888 no
1936 2341 yes
0253 2341 yes
5131 7940 yes
0319 7886 yes
0319 2689 yes
2575 1041 yes
7969 2733 no
9880 7250 yes
1936 5351 no
8871 9880 yes
1352 4986 no
4108 2689 no
0253 0313 yes
9763 3840 yes
2024 1269 no
3477 9763 no
2505 2689 no
4986 9880 no
7991 2771 no
9080 7940 no
0319 0958 no
6807 5351 yes
9080 2024 no
8341 1936 yes
0319 8919 no
6888 6888 yes
0958 8871 no
5131 7437 yes
3477 4986 yes
8113 8919 no
2024 6807 no
0958 3477 no
2771 5131 no
7437 4108 no
6807 8104 yes
5131 8919 yes
9080 1269 no
2733 4986 yes
0720 4980 no
6394 0253 yes
5351 2575 yes
1093 4750 yes
2689 6982 yes
7584 7886 no
1269 8104 no
0720 4980 no
9763 0319 no
3032 8341 yes
7437 7250 no
9591 9591 yes
4108 8747 no
2341 1936 yes
3840 6807 yes
7969 8113 no
9880 7250 yes
7886 8871 yes
3840 1352 no
1041 2771 no
3477 3477 yes
0319 8341 no
8341 0253 yes
End
