Graph
8061 7255
9369 2987
1735 0233
2509 1141
5176 8589
5176 8589
1129 7494
1735 7760
2509 5796
7760 3934
7332 0174
6835 8390
7332 2232
2987 3179
3179 8390
8589 1393
5974 5484
9780 9780
5974 0635
8565 9780
5974 5484
9317 2987
1141 8417
3019 8417
3019 2091
1393 5176
5974 5484
1393 5974
7332 5920
5974 4472
1393 5974
5916 4353
9780 8565
0759 0759
9369 2232
0233 1129
1984 3019
5920 2232
5176 1393
3236 5180
0759 6573
4472 5176
8565 0030
5916 1984
2091 2091
0233 1129
8390 5920
9780 5180
9317 8390
3236 8061
8417 5796
3236 9780
3019 2591
7255 0030
9995 7760
8390 2987
7332 2987
8061 8565
9369 2987
5796 1984
3236 8061
6573 4353
5796 2509
5484 0635
6932 0233
6932 9995
1141 2591
9995 1129
0635 5974
2067 2987
0759 1141
Queries
5974 3934
1393 9369
2987 7255
6932 7494
3179 3179
0635 1393
9317 8061
6932 9995
4472 1393
4353 6932
1393 8390
9995 9995
9995 6573
7494 3934
0759 2591
5180 8565
9780 2509
0635 6573
2232 8390
7255 0030
5176 2091
9780 4472
7255 2232
6932 0233
5916 5920
9369 5920
7332 6835
5920 5796
9995 0759
9317 8390
5176 6573
3934 8565
5920 8390
8417 0030
7494 3934
5176 0635
1735 7494
8589 6932
8417 1735
0759 1984
9995 1393
3934 3179
5484 0635
8390 5484
2232 1735
6932 3934
5920 5974
2509 0759
2509 5796
7255 9780
6573 1984
6835 1129
5796 3019
0233 1984
0030 9369
1735 9995
6573 6573
7332 0174
1735 9995
8565 4353
6932 1735
5484 9317
7332 3236
1129 6932
4472 8061
9369 4472
9780 9780
0174 3179
9369 7760
7494 9317
2509 5796
3934 8589
0635 4472
3934 5180
8565 2591
5916 8565
9780 1735
5176 3934
3179 1393
7494 8061
4472 8589
3179 2232
1129 5920
5974 1393
2987 2091
1735 2067
6573 2591
5974 2591
6835 4472
5484 4472
2232 7332
Thinking
start 5974 src 5974
5974 5484 src 5974
5974 0635 src 5974
5974 1393 src 5974
5974 4472 src 5974
1393 8589 src 5974
1393 5176 src 5974
start 8565 src 8565
8565 9780 src 8565
8565 0030 src 8565
8565 8061 src 8565
9780 5180 src 8565
9780 3236 src 8565
0030 7255 src 8565
start 7332 src 7332
7332 0174 src 7332
7332 2232 src 7332
7332 5920 src 7332
7332 2987 src 7332
2232 9369 src 7332
5920 8390 src 7332
2987 3179 src 7332
2987 9317 src 7332
2987 2067 src 7332
8390 6835 src 7332
start 3019 src 3019
3019 8417 src 3019
3019 2091 src 3019
3019 1984 src 3019
3019 2591 src 3019
8417 1141 src 3019
8417 5796 src 3019
1984 5916 src 3019
1141 2509 src 3019
1141 0759 src 3019
5916 4353 src 3019
0759 6573 src 3019
start 7760 src 7760
7760 1735 src 7760
7760 3934 src 7760
7760 9995 src 7760
1735 0233 src 7760
9995 6932 src 7760
9995 1129 src 7760
1129 7494 src 7760
Output
5974 3934 no
1393 9369 no
2987 7255 no
6932 7494 yes
3179 3179 yes
0635 1393 yes
9317 8061 no
6932 9995 yes
4472 1393 yes
4353 6932 no
1393 8390 no
9995 9995 yes
9995 6573 no
7494 3934 yes
0759 2591 yes
5180 8565 yes
9780 2509 no
0635 6573 no
2232 8390 yes
7255 0030 yes
5176 2091 no
9780 4472 no
7255 2232 no
6932 0233 yes
5916 5920 no
9369 5920 yes
7332 6835 yes
5920 5796 no
9995 0759 no
9317 8390 yes
5176 6573 no
3934 8565 no
5920 8390 yes
8417 0030 no
7494 3934 yes
5176 0635 yes
1735 7494 yes
8589 6932 no
8417 1735 no
0759 1984 yes
9995 1393 no
3934 3179 no
5484 0635 yes
8390 5484 no
2232 1735 no
6932 3934 yes
5920 5974 no
2509 0759 yes
2509 5796 yes
7255 9780 yes
6573 1984 yes
6835 1129 no
5796 3019 yes
0233 1984 no
0030 9369 no
1735 9995 yes
6573 6573 yes
7332 0174 yes
1735 9995 yes
8565 4353 no
6932 1735 yes
5484 9317 no
7332 3236 no
1129 6932 yes
4472 8061 no
9369 4472 no
9780 9780 yes
0174 3179 yes
9369 7760 no
7494 9317 no
2509 5796 yes
3934 8589 no
0635 4472 yes
3934 5180 no
8565 2591 no
5916 8565 no
9780 1735 no
5176 3934 no
3179 1393 no
7494 8061 no
4472 8589 yes
3179 2232 yes
1129 5920 no
5974 1393 yes
2987 2091 no
1735 2067 no
6573 2591 yes
5974 2591 no
6835 4472 no
5484 4472 yes
2232 7332 yes
End
