Graph
09330 64254
51795 74821
84449 48001
96674 51703
00709 32209
64732 03221
16958 52402
64254 60479
45976 78630
52205 41158
38155 00709
39152 41158
68308 23309
51795 90741
82115 02509
06738 83004
28944 77615
40992 52402
60011 54249
00967 78995
45585 50992
64139 08809
42228 51795
03221 32209
06738 04626
00967 20128
04726 31780
65611 11612
00709 64732
78630 39152
83004 75660
46318 51795
77615 48001
03245 78995
40869 54516
23555 99499
33433 97331
79891 83004
54516 30226
43054 03245
91804 79891
77615 75660
21638 64420
32209 68308
87498 11140
78995 50832
62092 52205
75389 54571
51703 19188
82367 44012
52402 08432
45585 82367
52199 55469
51856 95558
23309 23309
74599 83004
11612 44554
75983 82367
55975 45074
57364 43054
61189 52205
00709 75627
46634 61189
88854 42228
08913 06738
97034 54516
40869 45585
39152 76081
23555 04726
13516 50832
31085 39139
04644 32209
53420 76060
20353 83004
33650 31085
94135 75660
38155 86074
54516 44037
30226 31349
08809 00377
44497 97331
54249 94056
52205 78630
62754 94135
52402 31780
31349 87498
41094 55975
84449 51856
52205 78630
91804 84449
23309 68308
53420 33650
00709 42228
44434 85618
69310 06738
60479 85618
16958 49402
82367 44012
77615 69310
86074 33433
08809 66353
52199 46743
20353 51465
23408 31085
79562 43669
46318 90741
11140 54516
62092 51856
44143 31349
23309 64420
45340 45976
32905 85094
04644 51795
41158 75660
61350 23408
43054 52199
55469 55469
02790 49402
97331 32259
51703 19188
61350 11140
40869 64254
28944 50487
99336 40992
50487 91804
00377 76506
31906 52205
78630 76081
53420 16087
39139 31085
52199 50832
03245 02790
75389 45074
65338 44554
75627 42228
52205 85094
09330 53420
31349 09330
46634 79891
20353 78630
11140 23408
46318 44554
41094 23408
79891 46592
84449 50487
08809 52199
61189 48001
43669 49402
44037 60479
00709 38642
23636 41094
53186 23408
33508 16087
54516 30226
30226 23636
64254 60479
03245 04726
69310 83004
85618 54571
74821 88854
02509 86074
87216 97034
08432 49402
02509 00709
62092 06738
00967 20128
62754 39152
55975 75389
52199 43054
10336 64139
88854 64420
60011 02509
08913 52205
61189 20353
97253 57364
61350 55975
71565 31085
60479 76060
64732 79602
75983 44012
08913 94135
33650 11140
65611 97331
51703 96674
51703 23555
23555 52199
96674 20128
43669 79562
16958 99499
74821 33433
43669 97253
62092 91804
02790 99336
52199 16958
32905 74599
03245 49402
33433 42228
39152 48001
16087 40869
10336 08432
02790 13516
79562 50832
65338 51795
36285 11140
04726 30189
09330 82367
32209 42228
94268 38155
97253 20128
31906 75660
03245 97253
32905 69310
00709 38642
04626 99004
44434 23408
00377 13516
48001 46592
45074 31349
51795 23309
20128 40992
79562 64139
75627 86074
94056 32259
28944 84449
00709 44554
50992 09330
74599 91804
11140 31349
85525 79891
75627 33433
46318 44554
23555 10336
65611 21638
74821 82115
78630 83004
79891 28944
79602 38642
23309 03221
99499 30189
03245 52402
51703 76506
03245 52402
97331 21638
11612 82115
10336 23555
55469 04726
78630 62754
41094 61350
82115 42228
44434 75983
94268 02509
48001 06738
44037 82367
04644 03221
13516 13516
11140 40869
09330 85618
11140 44037
16958 19188
52402 78995
20128 66353
49402 23555
54249 97331
87216 75983
38642 32259
92227 69310
20128 43669
99499 40992
51703 03245
30226 87216
94268 54249
91804 84449
32259 79602
53186 75983
92227 41158
48001 91804
49402 20128
97253 99336
33433 23309
68308 38642
45585 50992
50487 51856
76506 64139
20353 51465
20128 02790
11140 45074
23408 44434
44554 44497
50992 44037
30226 33650
23636 31349
66353 10336
45340 78195
84449 79891
91804 28944
04626 94135
68308 74821
79891 92227
65338 23309
01158 97034
86074 02509
99004 50487
54571 75983
53420 31085
78630 95558
11140 09330
69310 78630
85618 53186
40992 52199
60011 90741
19188 40992
94033 04626
91804 48001
52402 23555
83004 94135
23555 46743
53420 41094
Queries
43669 06738
78195 00967
62754 95558
33508 41094
43054 55469
11612 44037
94033 08809
23408 44012
01158 54571
51703 76060
19188 50992
85618 16958
30226 16087
06738 03221
04726 55975
61350 46318
42228 23408
32259 51795
10336 52205
00967 96674
64254 99336
41158 69310
74599 75660
45976 19188
19188 51465
44143 44037
41158 45976
83004 20353
55469 06738
46318 32259
54249 43054
57364 78995
46634 51856
23408 40869
87498 00709
65611 61189
44143 10336
20353 44012
44143 51856
46592 46634
31349 19188
87498 83004
30189 08432
43669 64420
33433 23309
65338 38642
08432 64139
60011 90741
31906 46634
50487 31906
33650 54249
53420 44434
33508 44037
45585 82367
44497 41158
82115 02509
40869 55469
99336 75627
83004 32905
51703 33508
20128 86074
69310 39139
97331 69310
31085 00377
04644 60011
88854 10336
52199 75983
86074 45976
88854 79602
41094 23636
86074 68308
75627 38642
49402 85618
52402 87216
16087 43054
75983 13516
78995 94268
08913 95558
75660 54571
50487 50992
08913 97253
55975 88854
45340 28944
51465 04726
13516 11612
30226 44037
44497 99004
64139 30226
85525 31085
04644 44143
88854 82115
31349 44143
44497 10336
52199 20353
85525 51856
76081 52402
45585 90741
79602 46318
90741 68308
87216 23408
92227 45340
40869 53420
77615 39152
08432 03245
41158 57364
02790 43669
53186 53186
94135 38642
57364 02509
00709 41158
76081 54516
86074 32209
74599 52199
87216 97034
76060 41094
94135 77615
94135 46592
90741 38642
50487 39139
23555 91804
75660 03245
44497 20128
52402 92227
42228 43669
78195 99004
94135 31085
55469 51795
60479 20128
00709 97331
77615 79602
10336 96674
04726 75983
87216 71565
23309 97331
23555 75983
78995 57364
00967 11140
64732 23309
50487 32209
97034 16087
61350 87216
79562 50832
32259 82115
86074 03221
82115 11140
03245 01158
13516 62092
52205 46634
85525 04626
02790 96674
50832 20353
82367 74821
51703 65338
75389 31906
30189 85094
36285 45585
95558 92227
78995 13516
30226 40869
13516 94056
64732 33433
99004 43669
75983 97034
23555 38642
64139 78630
23636 19188
90741 82367
88854 43669
97331 90741
44037 45074
61350 44143
04726 20128
40869 64732
03221 44012
44434 94135
94135 94033
08913 84449
41094 99499
57364 33433
38155 04626
75627 78195
61189 62754
30226 49402
76506 57364
74821 88854
64254 39139
85618 85525
54571 60011
02509 31906
45074 85094
45340 20128
46318 02509
11140 57364
43054 88854
78630 53186
40869 53186
00967 94268
57364 31780
55469 53420
77615 54516
99499 76506
78995 41094
00967 57364
31906 78195
99004 85094
54249 33433
32905 64139
38642 68308
30189 30189
53186 60479
19188 52199
09330 54516
38642 00709
16087 65611
78630 65611
53186 23555
74821 00709
79891 62754
82367 45074
06738 06738
23636 36285
44554 21638
54571 75983
31780 39152
94135 97331
23555 16087
54249 92227
44012 31085
38642 01158
00709 00709
83004 50992
38155 64420
75660 75389
23636 36285
57364 31780
46743 44012
53186 61350
64732 64254
75660 76081
97034 68308
11612 21638
38642 87216
79602 33433
44554 32259
61189 78195
74599 31349
97331 79602
92227 32209
54571 06738
08913 95558
44143 44012
03221 64732
68308 50832
86074 75627
44012 75627
62754 32209
28944 53420
02790 84449
39152 95558
82367 39139
99499 96674
28944 94033
53420 01158
32259 32905
52205 68308
08809 46318
60011 04726
64420 54249
00709 88854
86074 79602
38155 75627
94033 44554
02790 16958
49402 23636
76506 40992
03221 68308
52402 96674
49402 66353
75983 75389
44037 94135
82367 01158
31906 99004
04726 69310
74599 83004
53420 50832
08809 50992
08432 46743
61189 23309
46318 44143
97034 82367
32905 41094
54516 33650
00377 55469
82367 90741
62092 65338
66353 44037
75660 33650
79891 79891
94033 23555
84449 96674
94033 91804
28944 01158
85525 65338
85094 52205
28944 46634
74599 94033
45074 53420
44143 85525
85618 99336
85094 87498
04644 77615
87498 97253
46318 33508
99499 39152
69310 96674
75627 48001
92227 75660
55975 76506
51795 64732
51856 74599
44554 40869
02790 45585
02509 49402
20353 78630
23555 88854
68308 16958
79562 32259
50992 46743
74821 74599
33433 74821
51465 85525
04726 55469
44143 44143
64420 85525
78995 66353
94268 44497
86074 45074
32259 64420
44554 11612
91804 21638
61189 03245
44434 53186
03245 13516
52199 76081
41094 97331
64254 79562
00709 00967
64139 09330
46743 83004
53420 28944
82367 61350
03221 00709
51795 74821
91804 40992
31349 33508
61350 55469
02509 85618
64732 44554
87498 85618
40992 55469
Thinking
start 79891 src 79891
79891 83004 src 79891
79891 91804 src 79891
79891 46634 src 79891
79891 46592 src 79891
79891 85525 src 79891
79891 28944 src 79891
79891 84449 src 79891
79891 92227 src 79891
83004 06738 src 79891
83004 75660 src 79891
83004 74599 src 79891
83004 20353 src 79891
83004 69310 src 79891
83004 78630 src 79891
83004 94135 src 79891
91804 50487 src 79891
91804 62092 src 79891
91804 48001 src 79891
46634 61189 src 79891
28944 77615 src 79891
84449 51856 src 79891
92227 41158 src 79891
06738 04626 src 79891
06738 08913 src 79891
75660 31906 src 79891
74599 32905 src 79891
20353 51465 src 79891
78630 45976 src 79891
78630 39152 src 79891
78630 52205 src 79891
78630 76081 src 79891
78630 62754 src 79891
78630 95558 src 79891
50487 99004 src 79891
04626 94033 src 79891
32905 85094 src 79891
45976 45340 src 79891
45340 78195 src 79891
start 33433 src 33433
33433 97331 src 33433
33433 86074 src 33433
33433 74821 src 33433
33433 42228 src 33433
33433 75627 src 33433
33433 23309 src 33433
97331 44497 src 33433
97331 32259 src 33433
97331 65611 src 33433
97331 21638 src 33433
97331 54249 src 33433
86074 38155 src 33433
86074 02509 src 33433
74821 51795 src 33433
74821 88854 src 33433
74821 82115 src 33433
74821 68308 src 33433
42228 00709 src 33433
42228 32209 src 33433
23309 64420 src 33433
23309 03221 src 33433
23309 65338 src 33433
44497 44554 src 33433
32259 94056 src 33433
32259 38642 src 33433
32259 79602 src 33433
65611 11612 src 33433
54249 60011 src 33433
54249 94268 src 33433
51795 90741 src 33433
51795 46318 src 33433
51795 04644 src 33433
00709 64732 src 33433
start 23555 src 23555
23555 99499 src 23555
23555 04726 src 23555
23555 51703 src 23555
23555 52199 src 23555
23555 10336 src 23555
23555 49402 src 23555
23555 52402 src 23555
23555 46743 src 23555
99499 16958 src 23555
99499 30189 src 23555
99499 40992 src 23555
04726 31780 src 23555
04726 03245 src 23555
04726 55469 src 23555
51703 96674 src 23555
51703 19188 src 23555
51703 76506 src 23555
52199 43054 src 23555
52199 50832 src 23555
52199 08809 src 23555
10336 64139 src 23555
10336 08432 src 23555
10336 66353 src 23555
49402 02790 src 23555
49402 43669 src 23555
49402 20128 src 23555
52402 78995 src 23555
40992 99336 src 23555
03245 97253 src 23555
76506 00377 src 23555
43054 57364 src 23555
50832 13516 src 23555
50832 79562 src 23555
20128 00967 src 23555
start 31349 src 31349
31349 30226 src 31349
31349 87498 src 31349
31349 44143 src 31349
31349 09330 src 31349
31349 45074 src 31349
31349 11140 src 31349
31349 23636 src 31349
30226 54516 src 31349
30226 87216 src 31349
30226 33650 src 31349
09330 64254 src 31349
09330 53420 src 31349
09330 82367 src 31349
09330 50992 src 31349
09330 85618 src 31349
45074 55975 src 31349
45074 75389 src 31349
11140 61350 src 31349
11140 23408 src 31349
11140 36285 src 31349
11140 40869 src 31349
11140 44037 src 31349
23636 41094 src 31349
54516 97034 src 31349
87216 75983 src 31349
33650 31085 src 31349
64254 60479 src 31349
53420 76060 src 31349
53420 16087 src 31349
82367 44012 src 31349
82367 45585 src 31349
85618 44434 src 31349
85618 54571 src 31349
85618 53186 src 31349
97034 01158 src 31349
31085 39139 src 31349
31085 71565 src 31349
16087 33508 src 31349
Output
43669 06738 no
78195 00967 no
62754 95558 yes
33508 41094 yes
43054 55469 yes
11612 44037 no
94033 08809 no
23408 44012 yes
01158 54571 yes
51703 76060 no
19188 50992 no
85618 16958 no
30226 16087 yes
06738 03221 no
04726 55975 no
61350 46318 no
42228 23408 no
32259 51795 yes
10336 52205 no
00967 96674 yes
64254 99336 no
41158 69310 yes
74599 75660 yes
45976 19188 no
19188 51465 no
44143 44037 yes
41158 45976 yes
83004 20353 yes
55469 06738 no
46318 32259 yes
54249 43054 no
57364 78995 yes
46634 51856 yes
23408 40869 yes
87498 00709 no
65611 61189 no
44143 10336 no
20353 44012 no
44143 51856 no
46592 46634 yes
31349 19188 no
87498 83004 no
30189 08432 yes
43669 64420 no
33433 23309 yes
65338 38642 yes
08432 64139 yes
60011 90741 yes
31906 46634 yes
50487 31906 yes
33650 54249 no
53420 44434 yes
33508 44037 yes
45585 82367 yes
44497 41158 no
82115 02509 yes
40869 55469 no
99336 75627 no
83004 32905 yes
51703 33508 no
20128 86074 no
69310 39139 no
97331 69310 no
31085 00377 no
04644 60011 yes
88854 10336 no
52199 75983 no
86074 45976 no
88854 79602 yes
41094 23636 yes
86074 68308 yes
75627 38642 yes
49402 85618 no
52402 87216 no
16087 43054 no
75983 13516 no
78995 94268 no
08913 95558 yes
75660 54571 no
50487 50992 no
08913 97253 no
55975 88854 no
45340 28944 yes
51465 04726 no
13516 11612 no
30226 44037 yes
44497 99004 no
64139 30226 no
85525 31085 no
04644 44143 no
88854 82115 yes
31349 44143 yes
44497 10336 no
52199 20353 no
85525 51856 yes
76081 52402 no
45585 90741 no
79602 46318 yes
90741 68308 yes
87216 23408 yes
92227 45340 yes
40869 53420 yes
77615 39152 yes
08432 03245 yes
41158 57364 no
02790 43669 yes
53186 53186 yes
94135 38642 no
57364 02509 no
00709 41158 no
76081 54516 no
86074 32209 yes
74599 52199 no
87216 97034 yes
76060 41094 yes
94135 77615 yes
94135 46592 yes
90741 38642 yes
50487 39139 no
23555 91804 no
75660 03245 no
44497 20128 no
52402 92227 no
42228 43669 no
78195 99004 yes
94135 31085 no
55469 51795 no
60479 20128 no
00709 97331 yes
77615 79602 no
10336 96674 yes
04726 75983 no
87216 71565 yes
23309 97331 yes
23555 75983 no
78995 57364 yes
00967 11140 no
64732 23309 yes
50487 32209 no
97034 16087 yes
61350 87216 yes
79562 50832 yes
32259 82115 yes
86074 03221 yes
82115 11140 no
03245 01158 no
13516 62092 no
52205 46634 yes
85525 04626 yes
02790 96674 yes
50832 20353 no
82367 74821 no
51703 65338 no
75389 31906 no
30189 85094 no
36285 45585 yes
95558 92227 yes
78995 13516 yes
30226 40869 yes
13516 94056 no
64732 33433 yes
99004 43669 no
75983 97034 yes
23555 38642 no
64139 78630 no
23636 19188 no
90741 82367 no
88854 43669 no
97331 90741 yes
44037 45074 yes
61350 44143 yes
04726 20128 yes
40869 64732 no
03221 44012 no
44434 94135 no
94135 94033 yes
08913 84449 yes
41094 99499 no
57364 33433 no
38155 04626 no
75627 78195 no
61189 62754 yes
30226 49402 no
76506 57364 yes
74821 88854 yes
64254 39139 yes
85618 85525 no
54571 60011 no
02509 31906 no
45074 85094 no
45340 20128 no
46318 02509 yes
11140 57364 no
43054 88854 no
78630 53186 no
40869 53186 yes
00967 94268 no
57364 31780 yes
55469 53420 no
77615 54516 no
99499 76506 yes
78995 41094 no
00967 57364 yes
31906 78195 yes
99004 85094 yes
54249 33433 yes
32905 64139 no
38642 68308 yes
30189 30189 yes
53186 60479 yes
19188 52199 yes
09330 54516 yes
38642 00709 yes
16087 65611 no
78630 65611 no
53186 23555 no
74821 00709 yes
79891 62754 yes
82367 45074 yes
06738 06738 yes
23636 36285 yes
44554 21638 yes
54571 75983 yes
31780 39152 no
94135 97331 no
23555 16087 no
54249 92227 no
44012 31085 yes
38642 01158 no
00709 00709 yes
83004 50992 no
38155 64420 yes
75660 75389 no
23636 36285 yes
57364 31780 yes
46743 44012 no
53186 61350 yes
64732 64254 no
75660 76081 yes
97034 68308 no
11612 21638 yes
38642 87216 no
79602 33433 yes
44554 32259 yes
61189 78195 yes
74599 31349 no
97331 79602 yes
92227 32209 no
54571 06738 no
08913 95558 yes
44143 44012 yes
03221 64732 yes
68308 50832 no
86074 75627 yes
44012 75627 no
62754 32209 no
28944 53420 no
02790 84449 no
39152 95558 yes
82367 39139 yes
99499 96674 yes
28944 94033 yes
53420 01158 yes
32259 32905 no
52205 68308 no
08809 46318 no
60011 04726 no
64420 54249 yes
00709 88854 yes
86074 79602 yes
38155 75627 yes
94033 44554 no
02790 16958 yes
49402 23636 no
76506 40992 yes
03221 68308 yes
52402 96674 yes
49402 66353 yes
75983 75389 yes
44037 94135 no
82367 01158 yes
31906 99004 yes
04726 69310 no
74599 83004 yes
53420 50832 no
08809 50992 no
08432 46743 yes
61189 23309 no
46318 44143 no
97034 82367 yes
32905 41094 no
54516 33650 yes
00377 55469 yes
82367 90741 no
62092 65338 no
66353 44037 no
75660 33650 no
79891 79891 yes
94033 23555 no
84449 96674 no
94033 91804 yes
28944 01158 no
85525 65338 no
85094 52205 yes
28944 46634 yes
74599 94033 yes
45074 53420 yes
44143 85525 no
85618 99336 no
85094 87498 no
04644 77615 no
87498 97253 no
46318 33508 no
99499 39152 no
69310 96674 no
75627 48001 no
92227 75660 yes
55975 76506 no
51795 64732 yes
51856 74599 yes
44554 40869 no
02790 45585 no
02509 49402 no
20353 78630 yes
23555 88854 no
68308 16958 no
79562 32259 no
50992 46743 no
74821 74599 no
33433 74821 yes
51465 85525 yes
04726 55469 yes
44143 44143 yes
64420 85525 no
78995 66353 yes
94268 44497 yes
86074 45074 no
32259 64420 yes
44554 11612 yes
91804 21638 no
61189 03245 no
44434 53186 yes
03245 13516 yes
52199 76081 no
41094 97331 no
64254 79562 no
00709 00967 no
64139 09330 no
46743 83004 no
53420 28944 no
82367 61350 yes
03221 00709 yes
51795 74821 yes
91804 40992 no
31349 33508 yes
61350 55469 no
02509 85618 no
64732 44554 yes
87498 85618 yes
40992 55469 yes
End
