Graph
5590 8862
9484 6247
0287 6938
6247 0762
4289 0881
3929 8862
9061 6657
0110 8694
0110 5764
2645 4772
4350 6564
0287 6564
6938 2725
2725 0287
8862 3559
6247 3929
7194 0287
1232 4042
0658 3340
5764 0110
0658 2645
1579 7396
2645 4788
2886 9766
9534 9766
4289 1673
3983 9484
9534 0287
6657 8694
3577 4042
2160 3158
4042 6247
6657 1579
2725 8417
2137 9061
8473 4788
9534 4289
0194 6938
3340 2376
3891 1232
3785 9061
Queries
2645 1579
0762 8694
7396 3785
8694 3340
0287 9534
0762 8694
2645 3158
3577 5590
6938 3158
5764 0194
1232 8862
2160 3158
3577 3891
0658 2645
9766 0287
2645 1232
3158 2160
3158 9766
7194 4289
3158 8862
2376 0658
1673 6938
4772 2160
3158 3158
3158 3158
8417 0881
7396 6657
1579 0881
1673 2160
1673 0658
8694 2160
3577 4042
3785 5590
3983 4788
8417 9534
3785 3158
2645 6938
7396 7396
3340 3158
5590 3158
3785 8694
3983 3559
2160 3785
3929 2376
1579 6657
0110 8694
8473 2160
9061 2160
3340 3158
3891 0658
2645 3158
3158 2160
1579 3340
2160 2725
3158 3158
3340 6657
1673 9766
0658 3158
6564 0881
9766 7194
9484 9061
8862 4042
7396 5764
0658 6247
4289 2160
0658 5764
3158 3983
0881 0881
3340 4772
6247 7194
8473 8473
2160 0762
6247 9061
3158 9534
4788 6657
8473 3340
1579 3929
3340 3340
3158 3158
4772 7396
3158 2160
2645 2645
3158 8473
6938 2725
0658 4788
3158 8417
9061 4289
3340 2376
3158 6247
8417 9766
6564 8694
3577 4772
1232 9766
6657 6657
2645 0658
Thinking
start 2160 src 2160
2160 3158 src 2160
start 6247 src 6247
6247 9484 src 6247
6247 0762 src 6247
6247 3929 src 6247
6247 4042 src 6247
9484 3983 src 6247
3929 8862 src 6247
4042 1232 src 6247
4042 3577 src 6247
8862 5590 src 6247
8862 3559 src 6247
1232 3891 src 6247
start 8694 src 8694
8694 0110 src 8694
8694 6657 src 8694
0110 5764 src 8694
6657 9061 src 8694
6657 1579 src 8694
9061 2137 src 8694
9061 3785 src 8694
1579 7396 src 8694
start 4772 src 4772
4772 2645 src 4772
2645 0658 src 4772
2645 4788 src 4772
0658 3340 src 4772
4788 8473 src 4772
3340 2376 src 4772
start 4289 src 4289
4289 0881 src 4289
4289 1673 src 4289
4289 9534 src 4289
9534 9766 src 4289
9534 0287 src 4289
9766 2886 src 4289
0287 6938 src 4289
0287 6564 src 4289
0287 2725 src 4289
0287 7194 src 4289
6938 0194 src 4289
6564 4350 src 4289
2725 8417 src 4289
Output
2645 1579 no
0762 8694 no
7396 3785 yes
8694 3340 no
0287 9534 yes
0762 8694 no
2645 3158 no
3577 5590 yes
6938 3158 no
5764 0194 no
1232 8862 yes
2160 3158 yes
3577 3891 yes
0658 2645 yes
9766 0287 yes
2645 1232 no
3158 2160 yes
3158 9766 no
7194 4289 yes
3158 8862 no
2376 0658 yes
1673 6938 yes
4772 2160 no
3158 3158 yes
3158 3158 yes
8417 0881 yes
7396 6657 yes
1579 0881 no
1673 2160 no
1673 0658 no
8694 2160 no
3577 4042 yes
3785 5590 no
3983 4788 no
8417 9534 yes
3785 3158 no
2645 6938 no
7396 7396 yes
3340 3158 no
5590 3158 no
3785 8694 yes
3983 3559 yes
2160 3785 no
3929 2376 no
1579 6657 yes
0110 8694 yes
8473 2160 no
9061 2160 no
3340 3158 no
3891 0658 no
2645 3158 no
3158 2160 yes
1579 3340 no
2160 2725 no
3158 3158 yes
3340 6657 no
1673 9766 yes
0658 3158 no
6564 0881 yes
9766 7194 yes
9484 9061 no
8862 4042 yes
7396 5764 yes
0658 6247 no
4289 2160 no
0658 5764 no
3158 3983 no
0881 0881 yes
3340 4772 yes
6247 7194 no
8473 8473 yes
2160 0762 no
6247 9061 no
3158 9534 no
4788 6657 no
8473 3340 yes
1579 3929 no
3340 3340 yes
3158 3158 yes
4772 7396 no
3158 2160 yes
2645 2645 yes
3158 8473 no
6938 2725 yes
0658 4788 yes
3158 8417 no
9061 4289 no
3340 2376 yes
3158 6247 no
8417 9766 yes
6564 8694 no
3577 4772 no
1232 9766 no
6657 6657 yes
2645 0658 yes
End
