Graph
2465 1253
5784 9590
8676 5391
5806 5530
5853 6959
2465 5213
5806 9929
9638 2465
1851 0273
7269 7344
0518 1386
4887 5530
2365 6450
5391 2465
4873 7091
0518 4887
3540 5784
6959 1107
3875 5784
9638 2465
0273 9090
7710 5784
9638 5391
2130 3875
3968 5530
7344 7091
5727 7091
4887 5530
4887 6450
7091 0155
7568 5727
5391 8676
4023 3686
1253 2465
5351 1107
5727 4873
5636 5826
5727 7269
5826 5344
1733 9929
5636 3540
3968 6450
9638 5873
4023 7568
5213 9090
7091 7344
5806 3968
5213 0273
4873 3686
9929 5530
4234 7344
4887 5530
0518 3968
3540 5826
5853 7091
9638 2465
3875 8148
5727 7091
1733 2365
2465 8676
5853 5727
2130 5636
4234 7344
6959 4023
5351 7568
3686 7269
1386 5806
7710 5636
5853 3686
9929 2365
5213 0273
3875 7021
5784 3533
Queries
9090 5530
9929 3875
0518 9929
5826 5784
0518 5391
1253 0273
5873 7710
5727 0273
7344 7091
0518 4887
8676 7710
3875 2465
1253 5344
6959 5853
7710 2130
5784 3533
5530 5806
6450 9090
4887 3968
1733 1386
3875 1733
5213 5727
4023 9090
2365 5391
7269 9638
2465 5391
4234 7269
9929 5806
8676 5213
3533 9590
5391 5213
9929 3968
5853 5351
6959 4234
5636 2465
6450 5806
1851 5873
6959 5213
1253 0273
8148 5636
1107 5727
7568 1851
7568 5873
3533 3875
4873 5351
7710 1733
5806 9929
8676 6450
3686 4023
1253 2465
0518 3968
6450 3540
5727 1851
3875 6450
0273 5636
2365 6450
3540 5784
5351 5351
2465 5530
5853 7021
3686 7091
5806 5530
3875 7091
0518 0155
7021 5530
2465 3533
5784 2130
3540 9929
9590 0518
1733 0518
2465 9638
5344 7021
4023 6959
1851 7091
1851 9090
1253 5391
1107 2365
9090 4234
3875 5784
9929 5727
1733 6450
5727 6959
9929 2365
7710 2465
5873 1733
5826 7710
2365 3875
1851 1386
7568 5391
6959 4023
7269 7021
0518 4887
5636 9090
0155 5351
3875 4234
5391 0273
0155 0155
0518 5530
7568 7091
Thinking
start 4887 src 4887
4887 5530 src 4887
4887 0518 src 4887
4887 6450 src 4887
5530 5806 src 4887
5530 3968 src 4887
5530 9929 src 4887
0518 1386 src 4887
6450 2365 src 4887
9929 1733 src 4887
start 3875 src 3875
3875 5784 src 3875
3875 2130 src 3875
3875 8148 src 3875
3875 7021 src 3875
5784 9590 src 3875
5784 3540 src 3875
5784 7710 src 3875
5784 3533 src 3875
2130 5636 src 3875
3540 5826 src 3875
5826 5344 src 3875
start 4873 src 4873
4873 7091 src 4873
4873 5727 src 4873
4873 3686 src 4873
7091 7344 src 4873
7091 0155 src 4873
7091 5853 src 4873
5727 7568 src 4873
5727 7269 src 4873
3686 4023 src 4873
7344 4234 src 4873
5853 6959 src 4873
7568 5351 src 4873
6959 1107 src 4873
start 9638 src 9638
9638 2465 src 9638
9638 5391 src 9638
9638 5873 src 9638
2465 1253 src 9638
2465 5213 src 9638
2465 8676 src 9638
5213 9090 src 9638
5213 0273 src 9638
0273 1851 src 9638
Output
9090 5530 no
9929 3875 no
0518 9929 yes
5826 5784 yes
0518 5391 no
1253 0273 yes
5873 7710 no
5727 0273 no
7344 7091 yes
0518 4887 yes
8676 7710 no
3875 2465 no
1253 5344 no
6959 5853 yes
7710 2130 yes
5784 3533 yes
5530 5806 yes
6450 9090 no
4887 3968 yes
1733 1386 yes
3875 1733 no
5213 5727 no
4023 9090 no
2365 5391 no
7269 9638 no
2465 5391 yes
4234 7269 yes
9929 5806 yes
8676 5213 yes
3533 9590 yes
5391 5213 yes
9929 3968 yes
5853 5351 yes
6959 4234 yes
5636 2465 no
6450 5806 yes
1851 5873 yes
6959 5213 no
1253 0273 yes
8148 5636 yes
1107 5727 yes
7568 1851 no
7568 5873 no
3533 3875 yes
4873 5351 yes
7710 1733 no
5806 9929 yes
8676 6450 no
3686 4023 yes
1253 2465 yes
0518 3968 yes
6450 3540 no
5727 1851 no
3875 6450 no
0273 5636 no
2365 6450 yes
3540 5784 yes
5351 5351 yes
2465 5530 no
5853 7021 no
3686 7091 yes
5806 5530 yes
3875 7091 no
0518 0155 no
7021 5530 no
2465 3533 no
5784 2130 yes
3540 9929 no
9590 0518 no
1733 0518 yes
2465 9638 yes
5344 7021 yes
4023 6959 yes
1851 7091 no
1851 9090 yes
1253 5391 yes
1107 2365 no
9090 4234 no
3875 5784 yes
9929 5727 no
1733 6450 yes
5727 6959 yes
9929 2365 yes
7710 2465 no
5873 1733 no
5826 7710 yes
2365 3875 no
1851 1386 no
7568 5391 no
6959 4023 yes
7269 7021 no
0518 4887 yes
5636 9090 no
0155 5351 yes
3875 4234 no
5391 0273 yes
0155 0155 yes
0518 5530 yes
7568 7091 yes
End
