Graph
56929 34049
97015 08908
85550 97762
97762 20336
60168 47023
86045 98029
45384 01006
44860 33713
03224 02782
79478 11686
04677 33193
62269 53909
07321 66356
88022 05575
43646 86915
68064 50246
70872 35735
75503 68582
46763 61758
35003 29660
26477 93935
86408 43352
70607 78732
91483 50929
70677 28677
72546 46938
02064 64101
50782 66356
10737 65007
59777 75120
10342 85550
96817 53136
68286 21679
87723 29660
80882 41771
10109 75214
56311 77068
99530 76817
01417 31194
30596 41182
50929 54703
15034 46786
97015 07301
43471 79478
47329 32353
88519 28141
10342 84945
24925 08941
70542 26477
55287 80405
84945 01487
86408 84972
59205 20089
98029 80388
47329 84945
35966 35230
28829 43352
77524 10173
52768 77068
54726 09514
65402 10737
92384 26278
76331 54118
08559 64774
47329 05575
31037 34119
37920 47615
20175 84077
70542 58482
37920 25790
46938 92683
10665 30280
98955 74798
40794 36377
97749 66356
01417 85174
34119 37753
13908 78700
17021 46715
50297 35735
55287 68807
46715 46715
74798 79330
19143 37753
68807 78700
76331 08490
08230 37753
46715 82743
53136 74798
92750 10118
88524 76252
33713 42387
75521 21353
20336 20336
24181 46818
93953 30280
90095 47224
75214 43646
27030 76817
10173 75407
55889 79330
96392 01417
68403 04035
63528 26468
13908 32604
33423 76331
45564 50297
85595 03840
62832 62832
32940 13270
04035 37920
85174 46938
56233 31194
80405 78700
92384 21658
68064 76331
13270 39426
90474 13908
19241 26477
11686 70861
33193 24543
70807 95771
27030 57405
28677 11915
14235 10665
33193 35735
77068 88570
87709 12177
07859 92063
04035 39426
98029 05986
98361 58482
38352 14235
74798 20167
08230 74798
86901 15021
74350 19143
31566 68783
76252 26492
13270 79478
17021 21658
68403 89113
68826 21457
31100 88229
53023 37682
92263 68334
13766 13766
01313 72646
89653 92263
86901 66356
33713 88022
90474 68806
46763 77802
02782 55287
86915 21893
25625 61875
54726 11686
15021 95672
54751 13100
30280 13100
19143 92750
11915 97015
70677 68758
06509 24925
88022 42170
76252 75503
07859 06509
18279 92263
94012 67542
25790 04035
37920 96392
05683 88519
91879 95672
87338 90095
72646 22185
01313 41182
40794 34049
92263 26477
47889 80388
95771 15021
35735 76817
07227 82415
28216 97689
68334 70542
58482 54703
74798 64247
39844 19878
21658 26215
26492 14915
66608 70677
97125 88524
75521 35966
33193 47329
14915 31064
87217 88229
41001 67542
53023 24925
62832 92141
47329 18929
25790 10737
74798 87709
01006 98554
62317 38352
53136 06509
14235 54726
46786 10173
34119 08230
73063 08230
94012 92063
40133 08490
81740 27030
61838 46938
39070 87723
39416 75214
08559 74851
35938 28677
50929 31566
61758 26508
68783 71926
94012 20167
80882 31100
14005 43471
89177 25624
26468 75214
55889 73063
13568 21457
99060 99060
46786 91486
46734 54466
68806 08549
99060 79389
19241 62832
09993 15034
68334 77802
55889 94012
43471 87723
35735 18929
32992 08559
50782 21353
66608 40133
07859 98361
01006 90236
24181 26468
35735 57475
13908 23332
24925 05683
81851 04677
71926 01006
08559 74851
94501 79389
99452 70872
98361 58482
15021 92329
33193 70872
68272 19878
86901 52428
98916 13529
87723 15379
08296 21353
97689 33193
08296 99060
56929 54466
26807 68806
62269 99530
83188 61875
67542 89653
24181 56427
87338 68667
20089 75214
60168 74350
50297 78732
19241 19143
60840 32940
85595 94012
61758 68783
35003 25790
10173 45075
87835 65799
85630 28275
12177 31037
76252 98029
09514 16081
33193 81740
88229 82431
46786 38054
89113 47615
50929 37753
19785 28677
55511 01006
68582 13908
90095 37682
82431 98029
91486 95672
21353 63343
86045 02888
01189 21893
81740 70677
68334 79330
39245 79389
92329 30280
43896 97762
70861 11686
06600 35735
04035 70598
12351 86915
13100 65799
04677 99452
08549 36377
26215 12351
20167 50929
54787 44619
61838 43471
55372 10109
31037 12177
92683 62317
79012 97762
02782 20349
94361 87723
08559 20336
97422 88524
95672 92683
68826 09993
86901 77524
97125 24181
12351 93924
61758 64090
25624 80405
02782 64085
54726 45075
92063 83201
32992 70607
70677 39754
46938 67256
63343 66356
10173 30280
64101 74798
47889 75214
47224 68783
08230 90236
70962 74350
10173 63343
82415 10118
26278 26528
01313 94012
04677 57405
92384 89177
85550 78732
35230 13270
64247 74350
98361 64101
68783 55511
68806 14915
24543 81198
77802 92063
80857 37144
01006 34119
70861 39245
33193 33713
53136 28141
02888 98029
43646 55372
40794 93924
35003 94361
91879 65799
42871 24543
42170 81740
51255 14915
32604 20089
60940 46763
85630 31064
07301 70872
76051 20175
47889 78700
62269 26556
30280 95771
09514 15379
50782 30280
70542 53023
97689 18929
08296 15379
89653 87709
84972 08908
27119 61758
13908 75503
10118 74350
39844 41182
19785 53909
85550 76331
65007 37920
05575 74851
20167 19143
95672 50782
37753 06744
05575 33423
10737 60840
92384 61420
32604 02782
91483 92063
92683 71520
46311 43352
54703 91483
12351 82743
86901 93953
85174 09514
18279 19241
41771 88229
46938 46938
89177 26528
32604 75214
46715 26528
94012 75466
75503 21893
32353 46311
88570 41771
19785 64774
68758 13394
87835 68826
92329 13100
46786 56233
35735 75263
79012 08559
92750 34119
96392 16081
31566 20167
79330 05683
07227 39844
53909 49130
39754 84945
76331 28677
03224 02782
47224 19878
55889 58482
60168 96817
92683 16325
59221 01313
80388 75175
01417 65007
47329 21679
07321 13568
05683 10118
20175 81851
08230 65047
07848 25624
77802 55008
75503 05986
54751 87835
28275 24261
15034 09993
37753 24925
74350 19143
24543 76051
06600 76051
38546 72546
84972 45564
52428 46786
51255 51255
70607 76817
94012 70962
28275 32604
96392 13100
77524 89113
08941 53136
76817 11915
42170 49130
05683 22185
75175 56311
26215 01189
85550 01487
75503 39416
63343 35003
97749 39070
54118 50246
46763 79330
70861 70807
84945 99530
83188 76051
70598 87723
79330 55008
42871 28829
26556 20175
54751 75407
86408 85550
24543 11915
43896 07301
99530 83188
46734 85630
54118 75120
09514 35230
08549 92384
60940 50929
46734 54787
19143 41182
33713 32992
94501 61838
27030 53909
59221 55511
21679 61875
24261 80388
26528 17021
14235 61838
83188 81198
68286 84945
34119 19241
87723 68826
78161 68334
84972 70607
43646 03224
75407 92329
32940 11686
55889 03840
64085 76252
02888 98029
77802 46763
55889 98916
42871 76331
68807 31100
96817 53023
26807 26468
01006 98916
97015 08908
57475 20175
38054 35003
11686 35966
64085 40794
59205 24261
39426 21457
19785 83188
74350 75466
76331 28216
88976 77068
92384 89177
63006 75214
14005 89113
35735 93869
87723 15021
07227 92063
97689 84945
21679 42170
15021 87723
86045 20349
69012 88519
87217 78700
94012 92750
38352 68403
19916 64101
91486 63343
60168 68272
43896 68286
55372 85630
22185 31037
75175 64085
47329 08490
92263 13766
10109 05986
31037 55511
15034 65799
26556 43352
08908 84945
72646 28141
69012 87709
97422 86045
68806 26468
62832 41001
91483 75466
27030 20175
61758 13766
85550 81198
73063 37753
98029 77068
76252 56427
74798 34119
52428 86901
39426 10173
38546 01417
37144 98029
55287 63528
61838 21353
60168 98361
25625 43352
16325 39070
03224 55287
20336 26556
39416 88570
92683 47615
12351 55287
72546 32902
25625 70607
21457 75521
41182 02064
46763 01006
81740 76817
77802 37682
97015 44860
40794 26807
13100 63343
86045 24181
43646 31064
42170 81851
99060 37920
10109 03224
75214 46734
82415 10118
34049 92384
80882 14915
10118 05683
02888 63006
21658 63006
33193 19785
24925 47224
55008 71926
46311 42387
47329 74851
92750 31037
89113 68826
24925 87338
72546 68403
79012 85550
56311 87217
47615 29128
11915 20175
65047 34119
27030 78732
90095 78161
88570 26468
06600 32353
76051 13394
34119 30596
01417 10665
08296 68403
42387 70677
26556 18929
65007 15021
88570 64085
60940 59221
91879 01417
68758 57405
84077 53909
97749 10665
18929 70607
79478 99060
33713 08908
76817 28829
20175 49130
91486 16081
61838 63343
95672 96392
78732 33713
70861 85963
75175 80405
54787 26528
32940 38546
97689 01487
55372 34049
75407 93953
07227 98554
60168 83201
26556 85550
49916 41182
13766 74350
68403 65799
98554 72646
60840 45075
46311 19785
08559 40133
35938 84945
08296 52428
40784 70677
66356 16081
65007 09514
12177 59221
88229 23332
26468 02782
70607 75263
74350 60168
33423 53909
36377 56427
95771 29660
46786 66356
75466 41182
54726 68826
40072 13908
93953 38546
81740 83188
47224 55889
97015 79012
23332 80857
55511 13766
10737 25790
74350 85595
34119 60940
75503 78700
37144 68806
33713 50297
71926 02064
21353 85963
70607 79012
25624 26215
74798 01313
87835 85963
55889 87709
13270 94361
83201 45384
82743 31064
93935 22185
40794 21893
26807 10109
70872 47329
09514 65402
78700 82431
32902 52428
81198 32353
34049 68807
13270 46786
61838 65799
43896 50297
92263 87709
75407 50782
63343 62317
78700 75214
78700 52768
84972 61875
56427 61420
15021 95771
10665 47615
15379 09514
64774 75263
70962 08230
68403 16081
65402 21457
99060 10173
64101 12177
56929 87217
94012 13529
45075 70807
65402 92683
85550 05575
75214 68582
19143 13766
46818 46715
07321 85963
64085 93924
96817 45384
88519 28141
51255 80882
97762 70607
01313 77802
13100 50782
49916 31037
94501 62317
61758 03840
18279 64247
45075 09514
61758 89653
31100 98029
26556 40784
15021 11686
20349 32604
63343 32940
97125 97422
70607 97689
29660 95771
18929 07301
58482 55008
08549 86915
44619 80405
02888 63006
31100 24261
21893 68806
68582 21658
19785 68064
93869 32992
31064 43646
29128 25790
40133 84945
64085 97125
31064 01189
76051 57405
19143 06509
13100 13568
46938 30280
35230 70807
79478 93953
68806 89177
50929 19143
08559 85550
80388 68806
21353 67256
31100 86915
55008 93935
07301 76051
80388 39416
11686 94501
39245 08296
11686 71520
42387 46311
81198 84077
20167 22185
32940 45075
16325 46786
04035 47615
59777 42871
12177 92263
37920 94361
17021 76252
05986 75214
99452 21679
98955 07859
81198 59777
13100 94361
75466 01313
32604 86915
27119 79330
78732 97015
82431 07848
39754 57475
15379 95771
81740 33713
49916 41182
68807 59205
44860 81740
40072 86045
02064 34119
75466 06744
26215 21893
08941 72646
47889 02888
76051 10342
20349 31100
14005 13270
46734 54466
21658 55287
55287 39416
07227 68272
55372 90474
78732 43352
75120 78732
98554 91483
74798 10118
65799 65007
54703 55889
21893 68806
43352 08559
08559 70677
68334 49916
50297 97689
60168 85595
64247 72646
49916 83201
37753 90236
21679 53909
34119 60168
85550 70872
50929 74350
80405 55372
84077 42387
62317 85174
39754 66608
97015 32353
31037 73063
35938 78732
15379 72546
36377 80882
89177 26492
61758 06744
68806 88524
59205 90474
28275 54466
94501 37920
33713 68064
20175 84945
21893 77068
65402 85963
68806 80405
88022 99530
08490 35735
97689 08559
91483 74350
98554 06509
78700 68806
37682 92263
70962 07859
38054 35003
07301 76331
76051 41637
92263 28141
29660 46938
13292 15034
46715 26492
35735 84972
74798 01006
61758 70962
68758 99452
88229 46715
68758 35938
74798 55889
24261 55287
55008 60168
97125 87217
68807 97125
21893 90474
86045 82743
18929 76331
72546 77524
70807 85963
32902 56233
95672 14235
46311 97015
93924 85630
39245 09993
86408 57405
22185 46763
34119 64090
21893 01189
13766 74798
10173 63343
44860 41637
14915 24181
92141 13766
84077 59777
67256 99060
05575 28829
62317 97749
60168 92263
61838 16325
09993 38546
90236 92063
13270 39245
94361 97749
80405 61420
08941 28141
10665 93953
77524 04035
35966 14235
14915 90474
67542 53136
78161 24925
13908 88570
21893 02782
32992 32992
91879 54751
54751 01417
68826 66356
70542 06597
31037 93935
15034 32940
24261 63006
10665 50782
13908 21893
08941 47023
92683 89113
13292 54751
10737 04035
46938 11686
96817 37682
75466 47023
88519 87709
07321 38352
98916 31037
43471 07321
46818 97125
07227 68334
80388 26215
60840 14235
04035 11686
39844 47224
79478 46786
72646 83201
38352 60840
85595 68272
81851 42387
28141 75466
64101 08941
49130 53909
89653 98361
20349 05986
70598 35003
92384 24181
53023 77802
04677 08908
85550 84077
32940 95771
35966 95771
70677 28216
67256 75407
68667 92263
01189 59205
84077 46311
45564 84077
84972 99530
90236 31566
38546 07321
97762 13394
68403 47615
39245 47615
37753 72646
15021 38352
01006 87709
64774 59777
20167 18279
27119 01006
21658 43646
86915 43646
99060 14005
96392 68826
93953 89113
61838 68403
64090 47224
51255 89177
13100 10737
21893 40072
26492 63528
96392 35003
35966 10737
08908 61875
98554 68667
54118 44860
70861 99060
39754 26556
07301 46311
10118 68334
90236 94012
70598 92683
65007 79478
62269 33193
84945 84972
88570 68807
92750 07227
01313 70542
26508 26477
92141 77802
13292 07321
73063 68334
56311 05986
40072 44619
Queries
20167 37753
46818 52428
09514 89113
26468 20167
34049 26528
38352 24181
93935 92141
68783 96392
18929 44619
18929 35003
75214 27119
59205 13766
57475 55287
69012 21679
38054 13270
75407 10665
25790 68758
61875 49130
68758 35938
81198 88570
28829 21893
35003 31566
75263 98029
20175 97762
44619 06509
87217 68403
80882 70542
56929 24261
39426 19241
77524 86901
75120 88524
36377 34049
62317 37920
92683 56233
63006 88524
03840 10665
63006 41771
84945 26528
75407 01417
14005 88519
13568 45384
28141 60940
03840 55008
10109 63006
43646 55889
46786 76817
26477 91483
25625 38546
26215 46734
46715 56311
40133 35735
90236 85595
62832 92141
72646 24925
39416 46734
54118 33193
70677 43352
66356 07301
91483 28141
35735 88524
01006 85630
81198 56311
43896 41771
39426 26492
18929 71926
84945 08549
68582 08230
35230 70807
98554 44619
53023 74350
97689 59205
18279 50782
01417 94361
25625 84077
67256 13292
78161 49916
98955 13100
57405 26278
55889 39844
87835 34049
82431 05575
67256 28216
92141 45384
26468 78700
27030 57475
55287 03224
92750 66608
77524 46818
83201 68807
28829 94361
08490 15034
44860 04677
98361 10665
77068 97422
83188 08296
21658 30280
74798 46734
79389 45075
43471 62832
88570 31064
83201 13766
63006 70962
31064 68334
27119 78161
95672 15021
75521 31100
46311 39754
10173 66356
61838 35003
42170 70872
32940 39245
66608 47224
13766 28141
37144 46734
83188 59777
68272 27119
45564 80405
70962 12351
14235 70807
92263 98554
39844 28141
79389 08296
40072 95672
20336 74851
78732 30596
46715 44619
68667 62832
04677 70872
98554 37682
35003 77068
46938 38352
10118 81198
64774 27030
24261 19916
76051 77802
37144 75503
94361 77524
65007 80857
44860 38054
25625 04677
10342 82431
28677 06600
41771 46938
90236 11915
16081 18929
54703 39844
88229 02888
43896 77524
49130 49130
13766 97762
88524 75214
26215 26556
75503 28829
38054 89177
01487 10109
94012 85630
88524 56311
26215 43646
74350 65799
18929 32992
38352 44619
34049 93924
22185 75466
31566 67542
92263 21353
99530 25625
76331 24543
39844 98916
85550 91486
91879 69012
68272 82431
06744 77802
37920 50246
98916 15021
86408 95672
26492 65799
90095 98361
68807 91483
86915 68582
26468 01487
55008 68826
83201 82431
62269 44860
92263 59205
68807 10737
17021 01006
81198 42871
31194 26528
88229 98361
70542 70872
70807 87723
56427 31100
10737 96392
63528 80857
13270 65007
20089 41771
68758 26477
87723 79478
02782 46715
47889 88524
79478 32992
09514 99060
70807 35966
70872 42170
53023 93935
33713 31100
08559 32353
43646 04677
41182 02064
28275 88524
49130 76051
57475 39070
56311 21893
37682 98554
65799 81198
35735 75466
52768 55889
78700 28275
08230 68807
30280 07301
46786 11915
13568 75521
80388 88570
35230 04035
12351 11686
07321 85963
11915 49130
54726 13100
72546 60940
28677 28141
43352 75120
35003 56311
98916 26215
19785 76051
03224 08908
44860 78700
68826 70807
08549 15021
19241 41001
46818 79012
64090 45564
86045 39070
13766 33193
84077 93924
74798 75407
10173 13270
31064 10109
93869 86408
64774 97749
56929 81740
54751 64090
62269 33423
47615 97125
43352 92329
27030 40072
06597 70542
28216 11915
28677 84945
86915 06597
75214 88976
05683 68334
90236 62269
06744 46763
96817 79330
70677 50246
70677 79330
Thinking
start 84077 src 84077
84077 20175 src 84077
84077 53909 src 84077
84077 81198 src 84077
84077 42387 src 84077
84077 59777 src 84077
84077 85550 src 84077
84077 46311 src 84077
84077 45564 src 84077
20175 76051 src 84077
20175 81851 src 84077
20175 26556 src 84077
20175 57475 src 84077
20175 27030 src 84077
20175 11915 src 84077
20175 49130 src 84077
20175 84945 src 84077
53909 62269 src 84077
53909 19785 src 84077
53909 33423 src 84077
53909 21679 src 84077
81198 24543 src 84077
81198 83188 src 84077
81198 32353 src 84077
42387 33713 src 84077
42387 70677 src 84077
59777 75120 src 84077
59777 42871 src 84077
59777 64774 src 84077
85550 97762 src 84077
85550 10342 src 84077
85550 78732 src 84077
85550 76331 src 84077
85550 01487 src 84077
85550 86408 src 84077
85550 79012 src 84077
85550 05575 src 84077
85550 08559 src 84077
85550 70872 src 84077
46311 43352 src 84077
46311 97015 src 84077
46311 07301 src 84077
45564 50297 src 84077
45564 84972 src 84077
76051 06600 src 84077
76051 13394 src 84077
76051 57405 src 84077
76051 41637 src 84077
81851 04677 src 84077
81851 42170 src 84077
26556 20336 src 84077
26556 18929 src 84077
26556 40784 src 84077
26556 39754 src 84077
57475 35735 src 84077
27030 76817 src 84077
27030 81740 src 84077
11915 28677 src 84077
84945 47329 src 84077
84945 99530 src 84077
84945 68286 src 84077
84945 97689 src 84077
84945 08908 src 84077
84945 35938 src 84077
84945 40133 src 84077
62269 33193 src 84077
19785 68064 src 84077
21679 61875 src 84077
21679 99452 src 84077
33713 44860 src 84077
33713 88022 src 84077
33713 32992 src 84077
70677 68758 src 84077
70677 66608 src 84077
70677 28216 src 84077
75120 54118 src 84077
42871 28829 src 84077
64774 75263 src 84077
97762 43896 src 84077
97762 70607 src 84077
76331 08490 src 84077
05575 74851 src 84077
43352 25625 src 84077
35735 93869 src 84077
68064 50246 src 84077
start 79478 src 79478
79478 11686 src 79478
79478 43471 src 79478
79478 13270 src 79478
79478 99060 src 79478
79478 93953 src 79478
79478 46786 src 79478
79478 65007 src 79478
11686 70861 src 79478
11686 54726 src 79478
11686 32940 src 79478
11686 35966 src 79478
11686 15021 src 79478
11686 94501 src 79478
11686 71520 src 79478
11686 46938 src 79478
11686 04035 src 79478
43471 14005 src 79478
43471 87723 src 79478
43471 61838 src 79478
43471 07321 src 79478
13270 39426 src 79478
13270 35230 src 79478
13270 94361 src 79478
13270 39245 src 79478
99060 79389 src 79478
99060 08296 src 79478
99060 37920 src 79478
99060 10173 src 79478
99060 67256 src 79478
93953 30280 src 79478
93953 86901 src 79478
93953 75407 src 79478
93953 38546 src 79478
93953 10665 src 79478
93953 89113 src 79478
46786 15034 src 79478
46786 91486 src 79478
46786 38054 src 79478
46786 56233 src 79478
46786 52428 src 79478
46786 66356 src 79478
46786 16325 src 79478
65007 10737 src 79478
65007 01417 src 79478
65007 09514 src 79478
65007 65799 src 79478
70861 70807 src 79478
70861 85963 src 79478
54726 14235 src 79478
54726 45075 src 79478
54726 68826 src 79478
32940 60840 src 79478
32940 63343 src 79478
32940 95771 src 79478
35966 75521 src 79478
15021 95672 src 79478
15021 92329 src 79478
15021 38352 src 79478
94501 62317 src 79478
71520 92683 src 79478
46938 72546 src 79478
46938 85174 src 79478
46938 29660 src 79478
04035 68403 src 79478
04035 25790 src 79478
04035 70598 src 79478
04035 47615 src 79478
04035 77524 src 79478
87723 39070 src 79478
87723 15379 src 79478
61838 21353 src 79478
07321 13568 src 79478
07321 13292 src 79478
39426 21457 src 79478
94361 35003 src 79478
94361 13100 src 79478
94361 97749 src 79478
39245 09993 src 79478
37920 96392 src 79478
30280 50782 src 79478
75407 54751 src 79478
91486 16081 src 79478
56233 31194 src 79478
56233 32902 src 79478
10737 65402 src 79478
01417 91879 src 79478
65799 87835 src 79478
25790 29128 src 79478
start 34119 src 34119
34119 31037 src 34119
34119 37753 src 34119
34119 08230 src 34119
34119 01006 src 34119
34119 92750 src 34119
34119 19241 src 34119
34119 74798 src 34119
34119 65047 src 34119
34119 30596 src 34119
34119 60940 src 34119
34119 02064 src 34119
34119 60168 src 34119
34119 64090 src 34119
31037 12177 src 34119
31037 22185 src 34119
31037 55511 src 34119
31037 49916 src 34119
31037 73063 src 34119
31037 93935 src 34119
31037 98916 src 34119
37753 19143 src 34119
37753 50929 src 34119
37753 06744 src 34119
37753 24925 src 34119
37753 90236 src 34119
37753 72646 src 34119
08230 70962 src 34119
01006 45384 src 34119
01006 98554 src 34119
01006 71926 src 34119
01006 46763 src 34119
01006 87709 src 34119
01006 27119 src 34119
92750 10118 src 34119
92750 94012 src 34119
92750 07227 src 34119
19241 26477 src 34119
19241 62832 src 34119
19241 18279 src 34119
74798 98955 src 34119
74798 79330 src 34119
74798 53136 src 34119
74798 20167 src 34119
74798 64247 src 34119
74798 64101 src 34119
74798 01313 src 34119
74798 55889 src 34119
74798 13766 src 34119
30596 41182 src 34119
60940 59221 src 34119
60168 47023 src 34119
60168 74350 src 34119
60168 96817 src 34119
60168 68272 src 34119
60168 98361 src 34119
60168 83201 src 34119
60168 85595 src 34119
60168 55008 src 34119
60168 92263 src 34119
64090 61758 src 34119
64090 47224 src 34119
22185 05683 src 34119
55511 68783 src 34119
49916 68334 src 34119
98916 13529 src 34119
19143 06509 src 34119
50929 91483 src 34119
50929 54703 src 34119
50929 31566 src 34119
06744 75466 src 34119
24925 08941 src 34119
24925 53023 src 34119
24925 87338 src 34119
24925 78161 src 34119
90236 92063 src 34119
72646 28141 src 34119
70962 07859 src 34119
98554 68667 src 34119
46763 77802 src 34119
87709 89653 src 34119
87709 69012 src 34119
87709 88519 src 34119
10118 82415 src 34119
94012 67542 src 34119
07227 39844 src 34119
26477 70542 src 34119
26477 26508 src 34119
62832 92141 src 34119
62832 41001 src 34119
64101 19916 src 34119
55889 58482 src 34119
55889 03840 src 34119
96817 37682 src 34119
68272 19878 src 34119
47224 90095 src 34119
70542 06597 src 34119
start 68806 src 68806
68806 90474 src 68806
68806 08549 src 68806
68806 26807 src 68806
68806 14915 src 68806
68806 26468 src 68806
68806 37144 src 68806
68806 21893 src 68806
68806 89177 src 68806
68806 80388 src 68806
68806 88524 src 68806
68806 80405 src 68806
68806 78700 src 68806
90474 13908 src 68806
90474 55372 src 68806
90474 59205 src 68806
08549 36377 src 68806
08549 92384 src 68806
08549 86915 src 68806
26807 40794 src 68806
26807 10109 src 68806
14915 26492 src 68806
14915 31064 src 68806
14915 51255 src 68806
14915 80882 src 68806
14915 24181 src 68806
26468 63528 src 68806
26468 75214 src 68806
26468 88570 src 68806
26468 02782 src 68806
37144 80857 src 68806
37144 98029 src 68806
21893 01189 src 68806
21893 75503 src 68806
21893 26215 src 68806
21893 77068 src 68806
21893 40072 src 68806
89177 25624 src 68806
89177 26528 src 68806
80388 47889 src 68806
80388 75175 src 68806
80388 24261 src 68806
80388 39416 src 68806
88524 76252 src 68806
88524 97125 src 68806
88524 97422 src 68806
80405 55287 src 68806
80405 44619 src 68806
80405 61420 src 68806
78700 68807 src 68806
78700 87217 src 68806
78700 82431 src 68806
78700 52768 src 68806
13908 32604 src 68806
13908 23332 src 68806
13908 68582 src 68806
55372 43646 src 68806
55372 85630 src 68806
55372 34049 src 68806
59205 20089 src 68806
36377 56427 src 68806
92384 26278 src 68806
92384 21658 src 68806
86915 12351 src 68806
86915 31100 src 68806
40794 93924 src 68806
40794 64085 src 68806
10109 05986 src 68806
10109 03224 src 68806
26492 46715 src 68806
31064 82743 src 68806
80882 41771 src 68806
24181 46818 src 68806
24181 86045 src 68806
75214 63006 src 68806
75214 46734 src 68806
02782 20349 src 68806
98029 02888 src 68806
77068 56311 src 68806
77068 88976 src 68806
25624 07848 src 68806
26528 17021 src 68806
26528 54787 src 68806
24261 28275 src 68806
87217 88229 src 68806
87217 56929 src 68806
46734 54466 src 68806
Output
20167 37753 yes
46818 52428 no
09514 89113 yes
26468 20167 no
34049 26528 yes
38352 24181 no
93935 92141 yes
68783 96392 no
18929 44619 no
18929 35003 no
75214 27119 no
59205 13766 no
57475 55287 no
69012 21679 no
38054 13270 yes
75407 10665 yes
25790 68758 no
61875 49130 yes
68758 35938 yes
81198 88570 no
28829 21893 no
35003 31566 no
75263 98029 no
20175 97762 yes
44619 06509 no
87217 68403 no
80882 70542 no
56929 24261 yes
39426 19241 no
77524 86901 yes
75120 88524 no
36377 34049 yes
62317 37920 yes
92683 56233 yes
63006 88524 yes
03840 10665 no
63006 41771 yes
84945 26528 no
75407 01417 yes
14005 88519 no
13568 45384 no
28141 60940 yes
03840 55008 yes
10109 63006 yes
43646 55889 no
46786 76817 no
26477 91483 yes
25625 38546 no
26215 46734 yes
46715 56311 yes
40133 35735 yes
90236 85595 yes
62832 92141 yes
72646 24925 yes
39416 46734 yes
54118 33193 yes
70677 43352 yes
66356 07301 no
91483 28141 yes
35735 88524 no
01006 85630 no
81198 56311 no
43896 41771 no
39426 26492 no
18929 71926 no
84945 08549 no
68582 08230 no
35230 70807 yes
98554 44619 no
53023 74350 yes
97689 59205 no
18279 50782 no
01417 94361 yes
25625 84077 yes
67256 13292 yes
78161 49916 yes
98955 13100 no
57405 26278 no
55889 39844 yes
87835 34049 no
82431 05575 no
67256 28216 no
92141 45384 yes
26468 78700 yes
27030 57475 yes
55287 03224 yes
92750 66608 no
77524 46818 no
83201 68807 no
28829 94361 no
08490 15034 no
44860 04677 yes
98361 10665 no
77068 97422 yes
83188 08296 no
21658 30280 no
74798 46734 no
79389 45075 yes
43471 62832 no
88570 31064 yes
83201 13766 yes
63006 70962 no
31064 68334 no
27119 78161 yes
95672 15021 yes
75521 31100 no
46311 39754 yes
10173 66356 yes
61838 35003 yes
42170 70872 yes
32940 39245 yes
66608 47224 no
13766 28141 yes
37144 46734 yes
83188 59777 yes
68272 27119 yes
45564 80405 no
70962 12351 no
14235 70807 yes
92263 98554 yes
39844 28141 yes
79389 08296 yes
40072 95672 no
20336 74851 yes
78732 30596 no
46715 44619 yes
68667 62832 yes
04677 70872 yes
98554 37682 yes
35003 77068 no
46938 38352 yes
10118 81198 no
64774 27030 yes
24261 19916 no
76051 77802 no
37144 75503 yes
94361 77524 yes
65007 80857 no
44860 38054 no
25625 04677 yes
10342 82431 no
28677 06600 yes
41771 46938 no
90236 11915 no
16081 18929 no
54703 39844 yes
88229 02888 yes
43896 77524 no
49130 49130 yes
13766 97762 no
88524 75214 yes
26215 26556 no
75503 28829 no
38054 89177 no
01487 10109 no
94012 85630 no
88524 56311 yes
26215 43646 yes
74350 65799 no
18929 32992 yes
38352 44619 no
34049 93924 yes
22185 75466 yes
31566 67542 yes
92263 21353 no
99530 25625 yes
76331 24543 yes
39844 98916 yes
85550 91486 no
91879 69012 no
68272 82431 no
06744 77802 yes
37920 50246 no
98916 15021 no
86408 95672 no
26492 65799 no
90095 98361 yes
68807 91483 no
86915 68582 yes
26468 01487 no
55008 68826 no
83201 82431 no
62269 44860 yes
92263 59205 no
68807 10737 no
17021 01006 no
81198 42871 yes
31194 26528 no
88229 98361 no
70542 70872 no
70807 87723 yes
56427 31100 yes
10737 96392 yes
63528 80857 yes
13270 65007 yes
20089 41771 yes
68758 26477 no
87723 79478 yes
02782 46715 yes
47889 88524 yes
79478 32992 no
09514 99060 yes
70807 35966 yes
70872 42170 yes
53023 93935 yes
33713 31100 no
08559 32353 yes
43646 04677 no
41182 02064 yes
28275 88524 yes
49130 76051 yes
57475 39070 no
56311 21893 yes
37682 98554 yes
65799 81198 no
35735 75466 no
52768 55889 no
78700 28275 yes
08230 68807 no
30280 07301 no
46786 11915 no
13568 75521 yes
80388 88570 yes
35230 04035 yes
12351 11686 no
07321 85963 yes
11915 49130 yes
54726 13100 yes
72546 60940 no
28677 28141 no
43352 75120 yes
35003 56311 no
98916 26215 no
19785 76051 yes
03224 08908 no
44860 78700 no
68826 70807 yes
08549 15021 no
19241 41001 yes
46818 79012 no
64090 45564 no
86045 39070 no
13766 33193 no
84077 93924 no
74798 75407 no
10173 13270 yes
31064 10109 yes
93869 86408 yes
64774 97749 no
56929 81740 no
54751 64090 no
62269 33423 yes
47615 97125 no
43352 92329 no
27030 40072 no
06597 70542 yes
28216 11915 yes
28677 84945 yes
86915 06597 no
75214 88976 yes
05683 68334 yes
90236 62269 no
06744 46763 yes
96817 79330 yes
70677 50246 yes
70677 79330 no
End
