Graph
58991 67772
56609 24152
98515 61484
44902 61484
27232 84932
09532 38964
95129 05580
17853 10200
23191 23146
54714 94839
60298 18197
93632 95564
78956 78275
38074 05172
94401 30221
87492 04908
59316 01288
28573 76454
80060 98515
29992 31828
62203 43860
33367 33367
29330 39670
99005 46343
17496 17661
77640 02603
41389 00708
52461 56799
57934 46943
19383 65647
33427 28573
20320 48514
38829 94401
98660 71355
92446 44902
96237 86683
09532 25524
34695 97050
51346 74151
24045 02976
80204 18480
64764 49189
36689 22769
92497 60128
21648 90537
07912 39884
65857 17949
09475 04908
61484 38964
77551 38833
05953 32033
58122 09403
33367 25220
18053 71677
74903 56609
05943 69104
03705 84932
64764 23585
78956 06976
17136 61564
54234 51918
17430 38263
17286 17496
10227 92044
64972 43405
86683 69792
69061 40641
17115 71980
91541 27245
09643 64972
04908 05773
29595 05953
09475 33261
82058 85431
89615 38441
78745 54039
99642 92141
60128 20575
94823 79942
66113 30221
71780 25063
38964 86683
20320 96992
18016 98515
78102 77900
94401 53524
55051 17747
88630 87333
09403 24045
90203 56375
07269 92826
96534 38263
98980 59748
75338 72668
17430 43860
66508 17430
33156 50306
64938 07783
54714 06222
72823 19383
74451 16674
12415 39884
63799 07291
95830 65730
17286 48666
45470 92516
23568 19221
37993 16674
01826 22438
03595 85872
84562 56039
97790 29330
19383 77175
67772 57770
34695 69412
60128 45289
75017 16347
75760 57672
99642 57401
74151 17384
43451 69792
21259 69061
61512 16674
94283 18016
56039 95195
25149 14347
77558 65078
94823 31203
07867 95564
86765 88833
96788 63952
31560 17136
56039 22438
39943 87578
61662 75760
07867 10379
80204 69104
49692 01303
91547 79939
92826 27232
92826 06976
05953 63535
54517 53048
32033 17681
65536 88833
61755 91781
14008 40245
87578 47562
21510 63133
61755 61577
30603 25063
66469 54915
59087 26548
56230 77558
87639 60044
77405 67749
87448 23191
87600 56806
47562 59087
50610 66333
75997 78745
52979 37443
12366 13723
80204 20575
04252 15594
49175 59316
94850 55900
07158 25220
62046 91541
54073 84562
20575 64859
00736 66333
54835 22515
71629 13723
25524 07158
16158 39943
05172 47208
04273 89983
39943 12415
94850 62203
60128 67749
01692 99011
50870 27232
30603 63952
58321 03813
27232 61662
69792 07291
35359 44000
66318 79939
57060 12366
17661 17542
84860 97845
04811 79942
56609 56799
49189 51924
37993 36130
66906 73441
19383 80204
34051 47562
65647 98980
63778 87639
61512 10739
95195 07291
20320 65730
12415 66906
66508 21510
75017 72823
68519 05433
27245 09532
85309 00708
50348 53048
45470 18016
61577 95924
60267 97790
00736 64731
54073 97072
97050 85984
39954 75997
12415 50348
61651 17542
63952 69757
03490 20575
28573 10619
56039 57401
43405 92345
30221 24203
12415 03595
92141 43511
32838 49189
56806 86765
44902 43511
25232 10619
14756 54073
64938 56039
28573 67132
92104 63133
17496 30466
82058 03813
67132 93630
66089 52461
50870 71959
90537 78275
56039 18016
77428 71541
43998 01303
11887 78102
82058 94128
96788 54587
75997 63535
43511 64938
50610 29992
95129 45470
67967 43405
82057 64972
86162 51242
56375 93630
71629 38263
07981 97647
65647 33156
26548 65857
00708 89879
59164 33261
10422 53314
63133 13723
79939 23464
06976 38934
49175 44465
91541 18016
91005 94911
71677 58321
65233 19630
88630 43860
76454 17949
97647 17853
77900 39164
35359 07981
37885 90134
87600 33156
71980 07867
69430 47208
47208 69430
99005 57770
76313 40245
65064 72495
64859 18480
02549 97072
65647 86765
38441 30414
69061 94128
29992 43998
84502 63535
86765 22769
32033 15594
10200 93632
71959 44767
66857 03997
36689 37443
09643 21259
06222 23525
20320 84502
66857 98099
23585 19755
33427 32033
00506 48514
03813 63778
09643 53524
20167 38074
17661 65033
64387 55051
65078 97072
07783 35359
55459 96051
86765 20167
03724 66469
25232 25232
53524 24203
16158 28573
29595 77640
87600 51346
68340 64731
96788 28211
51918 20320
23585 69104
25063 94911
36873 43860
96992 84502
07912 28559
26310 17661
33543 05943
10619 75851
97845 45470
99061 17853
43611 77551
31560 68086
82057 58991
77405 18296
94283 21648
59087 78745
34051 26636
66508 19221
23146 43860
25222 54234
74249 63952
17136 02603
48666 25868
03813 66113
40641 40641
61493 39164
85439 99675
10739 66113
50348 65233
60731 77640
34695 96728
71355 24045
24203 49692
65536 68519
30371 56799
64938 27245
02785 54587
68549 85070
20320 95208
65668 57060
71677 03437
95564 21648
33156 77175
92497 30371
23585 40738
31560 60298
38263 92104
29992 71541
10414 85431
03419 85872
60128 38074
30603 24045
89095 77405
50610 71541
09475 88630
01826 06976
79939 94839
43451 43511
13723 14347
33261 91005
65647 75330
65730 02603
28559 86397
10379 94823
71959 33367
79939 38829
17853 99642
86397 28559
63535 93630
00736 29330
59164 13723
05773 87492
78745 65857
65734 65064
66508 23191
69840 52979
25220 99642
68086 19630
54747 05578
21259 30221
66868 69757
63571 95129
53048 20320
23568 09475
61493 75338
17681 90323
26310 96788
56609 05943
38441 16945
60044 64972
89879 23525
90689 74249
54039 04252
29595 42974
39510 98660
17681 19630
86683 84932
85872 75997
35652 02603
38270 13185
85984 37443
97072 17747
17136 39954
91547 36130
74249 88630
61755 74749
92826 02549
90537 10379
06222 71541
74451 92345
61577 61564
65647 33543
38964 02828
36130 16674
68351 17853
25303 75338
55459 80152
76313 96992
44767 61662
60267 66113
99011 33367
05773 34433
61755 12415
38833 31828
77175 40738
07783 44767
51242 64731
03437 97790
56799 66469
25923 43080
23464 85309
25220 30116
45289 03724
03595 51918
06222 66113
20575 34695
19383 50306
78745 05953
10539 04811
53524 01303
02785 13723
10422 66225
07410 73565
62046 78956
87639 58991
10619 78071
35359 92141
20320 40245
23585 74151
69104 56799
43080 43405
33630 96051
25220 22457
44465 77640
71677 38829
54587 66225
50601 05580
50348 35652
11460 89095
77796 78082
06976 92446
78275 95195
09475 25868
99011 78956
60351 92044
03437 29992
14347 94850
56799 19383
97647 50601
26636 86397
65857 95830
95564 99061
59087 83255
21259 13088
47208 02799
26310 40208
34695 96979
27930 84562
09403 22515
85431 36130
23525 64972
96788 30603
14945 33261
13723 33261
61512 71541
24014 64972
25232 35652
90689 94911
47208 16347
90715 38263
13445 53314
07783 61484
57934 74249
25063 39930
04908 25149
33261 13445
24152 38074
16347 38270
69840 88833
10227 28573
95924 85439
17384 20575
99005 38829
38441 85872
17747 56039
94839 21259
87333 83917
90134 50840
40208 83917
03828 20575
17762 74451
64859 75330
39166 37214
55051 33719
69412 56799
03705 80060
29992 00736
65078 99061
99011 43451
87756 48514
97647 18016
75017 23904
39884 03419
18053 79939
92446 92141
74249 66454
72668 65734
54517 48493
95923 64859
30954 33630
03595 56375
52131 10414
27600 96992
18197 90203
40641 87639
13088 53524
03813 67772
96534 13445
18053 71541
74249 04273
87448 36873
47562 27600
68086 16158
69757 63133
75997 60351
72823 36342
21259 21259
23525 57770
90715 03997
90537 44902
17430 90715
05773 79145
27930 07291
92516 01692
21259 21259
36342 88833
50601 07783
00708 89989
39954 39954
71980 92516
63571 06434
97647 61484
14008 93630
43451 32949
69792 75760
65033 65668
39164 96979
58321 43998
56799 66114
96992 34051
66225 03198
66469 23585
61564 44465
28082 87600
92345 00708
25063 66454
12415 05953
54587 59463
66480 12800
09403 04908
09643 10414
66113 82057
71629 09403
65064 05433
96237 80060
64859 19383
20575 69412
71780 66857
23191 96534
00708 89989
91541 64938
10539 50840
24045 57060
09403 91005
58321 85070
38074 12800
59463 65033
24152 03490
84860 71959
77605 39930
89863 65064
38074 56806
80152 87492
59087 51918
39510 17496
25923 31828
23146 63952
78956 61662
72668 04361
31560 16945
28573 01288
05172 52979
74151 88028
61484 54073
38829 05578
38964 14756
30954 77796
31203 44000
64731 29330
66114 85984
33427 25232
36195 27232
02785 55900
77900 36689
05953 28559
55900 03198
30954 62203
75851 32033
43860 43860
99061 22438
46943 62203
39164 95923
10200 38934
17496 30954
66906 74749
66906 16945
35359 71959
33543 59748
96237 80060
90119 50348
87639 57770
63952 46943
02828 63799
78275 77558
27600 77640
86162 57770
07291 32949
73441 35652
74749 95830
07269 99642
56039 38934
60267 51242
87333 63133
96788 33630
98980 23904
52461 16347
03490 66480
39670 85309
97790 66113
86683 56039
02603 03419
07158 99011
71677 24014
99011 17115
90689 87448
53524 77206
28573 04252
79145 90689
09403 63133
91547 00736
85070 74451
59463 38263
82058 38833
03828 19383
27930 29243
30954 26310
91005 96534
92104 91005
94850 96534
03724 20575
00736 85309
43998 41389
01826 92446
97647 27232
52131 61512
69061 85309
23525 41389
61651 66454
51918 61577
21510 87448
64938 86683
87578 87578
75997 83255
65857 56375
28573 29595
20167 16347
77405 96979
66480 28082
01288 16158
67749 72495
43405 29330
33997 04361
56609 52979
54517 20320
39954 85439
02553 30221
85309 43611
68549 43998
46943 74249
69757 66857
30954 73565
77796 30954
75997 44465
83917 33261
17681 14008
02799 36342
17542 05773
63535 76454
33427 03595
47562 28559
64764 23904
39930 94850
71959 94823
66906 50348
85309 54747
12800 75330
28573 85439
39166 39943
18296 52979
27930 56039
94823 44902
10739 87639
38270 66114
65734 51346
52461 38074
92104 10422
07783 17853
05172 95923
89879 39670
23585 25303
05172 03724
63952 55459
86765 54915
04252 85439
43511 92141
66225 71355
13723 71355
74249 98099
04661 56799
53314 69757
19630 05953
88630 21510
29595 68086
48666 14347
03490 23585
39510 03997
17681 39166
54747 01239
43511 02828
22438 62046
66469 92497
27930 29243
90203 90203
94839 77428
12366 39930
96979 20575
25303 34695
55260 88833
95924 91781
34695 59400
03828 20575
32033 61577
18197 25222
28573 87998
66508 26310
50348 60298
17136 47562
56806 16347
43511 95129
22515 03997
13445 05773
23585 03828
75851 86397
03705 36195
23525 58321
17430 21510
51242 61512
51346 74151
24045 48666
59463 90715
60267 61512
82057 71541
96051 09475
95830 85271
61493 67749
10200 09532
65857 76454
23464 46343
77175 12800
37942 86683
61755 78071
26548 17949
90134 84860
17430 77796
89863 54915
30414 60298
04361 18296
54517 25232
77640 61564
26636 65730
00736 37993
76313 54039
05773 65668
95923 86765
03198 78082
94839 77206
66113 10739
44000 04811
77175 65064
56039 06108
43405 86162
36342 72823
13185 04661
43860 70178
74249 66454
96788 30466
69061 21259
48493 03419
43405 58321
58122 05773
43998 57770
96728 77900
33427 37214
30116 98515
90689 46943
86397 07912
84932 64387
78082 66508
50601 43451
78082 28211
66469 78102
77175 49189
51242 00736
90119 42974
60267 29992
54747 54747
50870 95129
54587 22515
90537 29243
96728 65536
58122 21510
54915 98468
13088 66318
03198 03198
17136 03419
07158 93632
39943 00506
91547 40641
40208 66868
04811 10919
29799 30954
78745 25232
57672 10379
12415 59316
97072 17115
90323 46592
98515 43511
38270 69430
03198 13723
23568 73737
64938 10200
48493 90323
21510 96534
63535 51918
67155 60128
66508 79145
24203 60044
75851 48514
33367 84860
90537 43775
29595 65730
22515 14945
63461 61493
77640 84502
77796 12366
17681 56375
88028 86765
44465 39166
43511 22438
79942 01692
55051 27245
91781 93630
05773 83917
80204 66469
44000 92826
62046 10379
66857 62203
54714 23464
18480 63461
84847 09475
17762 54747
37885 64387
19221 98660
36130 39670
92345 03437
60267 60267
58991 13088
54234 59316
39930 34433
87639 85309
30371 14533
03437 01239
52461 88028
71780 96788
83255 35652
28559 10227
90134 43775
99005 89879
83255 56375
95564 17853
74451 29992
09643 26844
43611 23464
46943 72251
20320 75851
56806 97050
59748 19383
35652 03419
37443 02799
05433 04361
87998 17136
01826 33367
07981 07291
82057 30221
12366 53314
23904 77175
37942 92141
29330 85431
40208 96788
57934 39510
19383 97050
19630 16945
04811 56230
24014 49692
76313 56375
19383 66089
39954 85271
03724 38270
23191 28211
99642 92516
07867 50601
64859 04361
25222 10227
57432 12415
55900 71780
53048 18197
17430 89983
93632 98515
27232 92446
61662 56039
46592 60731
77551 85070
58321 29330
13723 25149
13185 19755
06108 97647
11887 85984
54234 78745
89863 11460
17762 57770
94911 61651
52461 87600
37885 61662
64859 65734
37214 03595
44767 10379
39510 59166
61512 02384
02603 54039
73737 94911
43405 66113
82058 97790
50306 11460
44465 68086
01826 31203
45470 99061
18480 65064
32949 44767
30221 91547
69430 75330
50840 99011
43511 01826
60731 65233
27245 61662
11887 55260
09643 09643
93632 90537
61662 65078
59166 03198
10200 71980
01826 99642
73441 38441
68549 63855
77900 19383
24203 69061
85872 83255
86683 64387
75017 36342
54517 16945
02384 94128
59316 12415
96788 30954
61564 12415
76454 48514
87492 30603
40208 12366
77796 46943
60731 27600
21510 43860
65857 01288
69061 31828
38270 92497
23568 98660
11887 51346
47562 14008
75997 26548
98099 66868
66333 01303
50610 58321
16347 51924
17286 77796
89879 85431
53314 96788
95830 05953
28082 77900
03437 29330
29330 21259
92516 91541
66318 91547
74249 30603
95923 52979
78745 67132
13723 63133
58321 37993
87756 15594
03437 09643
90119 34051
54039 35652
61512 06222
51346 11887
61755 56375
64938 30116
76313 59316
03437 86162
30371 04661
88630 98660
Queries
59087 20320
39930 16674
67132 32838
66089 13185
67772 83917
24045 97050
32033 12415
61564 85271
66333 05578
76313 10227
67967 03198
94283 92345
06222 05578
10200 03997
14008 33427
03437 68549
87492 87333
95564 97790
30954 15594
73441 29595
35359 68351
20575 54835
96788 77900
74249 43405
95208 35652
88833 33543
24045 13088
07912 49175
66114 59316
89983 17430
99642 50610
93630 15594
03198 96728
25923 30221
66225 27232
61651 96992
39930 03198
02976 25149
75760 25524
16347 25868
16158 68086
69430 36689
03705 17115
37443 88028
87333 66318
29992 22515
52979 49189
44000 64387
37443 59400
87639 29992
27930 06108
92345 67132
96992 87756
50870 58991
27930 43775
56799 36130
54073 57060
61484 55260
85070 45470
17542 28573
28559 44465
33543 66469
63535 28559
57401 03705
66318 93632
75997 19630
87639 02799
26548 61755
39943 30954
06976 66333
64972 84502
14347 29330
83917 91005
30466 17747
21259 41389
33630 24045
95208 32949
83917 65668
19630 26548
39930 01692
64938 78956
17115 75338
35359 84860
19755 68519
26844 67967
09643 93630
75017 69412
58991 82057
35359 03437
54835 30954
33719 99642
30603 03997
87639 92044
99005 38833
12415 48666
92104 28082
75338 89095
54073 57672
38074 94283
07981 90203
73565 59166
91541 69430
88028 55260
78275 33261
10227 51924
83917 59164
86683 95564
39954 37885
69412 38074
43511 61493
30221 78745
30414 03813
75851 75851
79145 89863
05172 75997
84847 92516
92141 63571
22515 63133
84860 90134
50348 19221
75338 28573
95208 37993
55260 76454
18296 57672
24045 75851
51346 69104
60044 99061
82058 68549
54234 35359
21648 71980
78275 61651
66114 96051
05578 99005
64387 29330
17115 05433
63952 65078
75017 03828
31560 67967
65233 59316
47562 94850
71677 63952
59400 93632
57060 68086
40641 17681
25923 63778
19383 64387
33543 29799
65730 78071
95830 21259
66857 84932
40738 75330
71355 43080
04361 59748
24014 96237
98980 97050
29330 66508
97790 85984
77175 69104
87600 78082
02603 60351
45289 09643
21510 99005
29330 66114
20167 13088
92345 96051
86683 92141
10414 13088
55900 96788
03828 26310
65033 09403
43775 57934
54915 75330
71980 30116
90203 85439
53314 66508
27930 26636
50610 28559
71677 82057
65078 89983
66868 39510
67155 45289
66333 77206
33997 00506
56375 74749
17384 77405
31560 27245
75017 18296
38441 35652
67155 93630
63461 02799
01239 93630
84502 47562
05953 01288
79942 40208
82058 53524
11887 87639
12415 96728
24014 60267
72251 01303
85984 92497
24203 54747
46592 29595
92345 94839
51924 30603
55260 20167
00736 23464
77605 54234
17853 01288
11460 20575
65536 63461
56799 58321
54587 17496
43511 35359
93632 92446
25149 99005
03724 91005
51346 12415
52131 50306
77900 03705
05433 61493
43405 71541
95923 20575
01826 60351
72668 56609
43451 17747
65233 90119
03595 00736
10739 02384
69792 95564
64731 54747
40641 00708
39884 33427
82058 11887
02799 66454
37993 43080
94850 66906
87448 90134
38074 46343
74249 74749
61512 64731
94401 23585
17762 71780
39166 40245
89615 16158
43998 72823
33156 50348
33367 93632
67155 31828
54747 66333
59400 71355
60128 65033
07912 01303
54517 90119
63778 41389
33367 84860
22769 69412
60731 52461
82057 39670
60298 54517
04252 23191
57934 97050
35359 71959
89095 88833
94283 40208
07981 91781
82057 89989
76313 61577
28082 33997
44767 07912
46592 95830
73737 54714
38934 02549
36873 44465
15594 67132
51918 39670
38441 59316
61484 78071
84562 75760
77405 16674
94850 74903
94128 64972
03997 69840
37993 30466
62046 78956
49692 87639
75338 36342
10379 52461
69430 75997
38833 67967
38934 92497
32838 18296
74451 17136
03705 14347
49692 57770
72495 06222
59748 63461
59087 91541
03595 91781
23568 30414
22515 01288
29330 05578
97647 64938
38829 29992
74451 97845
20575 38270
70178 09403
57432 64972
14945 04273
97845 06108
75997 17949
36689 89879
38934 86162
72823 66114
23146 25222
10919 17542
95564 90134
64859 38074
65647 75338
16158 51918
13445 06976
53314 78071
53314 39670
54714 38833
89095 61577
48493 40208
28559 39954
06976 38934
91541 21648
94823 72668
39930 92104
78102 01288
57401 03705
54747 77428
96728 61651
97790 88833
65033 61564
82057 14347
39164 96728
10200 99011
36195 69757
60731 01288
74151 54587
85070 51924
44465 37214
25063 43405
38074 11460
45289 89095
02976 96237
63461 98468
96788 55900
56609 56039
31828 03437
13088 65730
57401 64938
53314 14347
36195 07867
17949 92826
46943 10227
89095 78102
53048 33427
31560 83917
73441 37214
63571 22769
37214 61755
94128 63778
79145 59166
65668 43611
03198 65064
60044 13088
22457 04661
25149 04811
12366 87578
23191 73565
40208 77206
04273 82058
56039 36195
89989 02553
09403 36689
66480 65064
67155 02799
69430 64764
79145 87492
18016 19630
66225 10414
02976 69840
74249 63535
80060 97072
39954 60044
03198 92345
16674 37214
59463 71780
12800 24045
57672 31828
77175 22769
31560 66906
84562 30371
97647 19630
68086 54039
90689 17286
72495 38829
73737 66868
66318 66333
40738 77551
77405 98980
38829 80060
33997 23191
18197 47562
33997 65064
50601 34695
74249 30603
10379 02785
05943 26548
38964 29243
77428 66868
04908 33630
40738 51346
38441 31560
02799 10919
91547 30466
94128 66333
01288 17949
61651 57401
45470 38270
18296 31560
84847 31828
34051 77428
92345 71541
04811 22457
18053 09643
34695 69061
65536 66480
55051 98515
78102 60044
18053 39670
03595 34051
44465 65857
00708 34433
61662 09475
13445 19755
54517 96534
61564 07912
07912 85271
89863 69104
12800 05172
49692 96979
68086 92141
84562 87333
39670 02799
30221 29992
75330 04661
92826 96728
66089 13445
87639 61662
50840 14008
64859 66480
24203 09532
96979 40208
91781 85309
06222 51346
77605 28559
37214 02553
99675 60298
Thinking
start 03595 src 03595
03595 85872 src 03595
03595 12415 src 03595
03595 51918 src 03595
03595 56375 src 03595
03595 33427 src 03595
03595 37214 src 03595
85872 03419 src 03595
85872 75997 src 03595
85872 38441 src 03595
85872 83255 src 03595
12415 39884 src 03595
12415 39943 src 03595
12415 66906 src 03595
12415 50348 src 03595
12415 61755 src 03595
12415 05953 src 03595
12415 59316 src 03595
12415 57432 src 03595
12415 61564 src 03595
51918 54234 src 03595
51918 20320 src 03595
51918 59087 src 03595
51918 61577 src 03595
51918 63535 src 03595
56375 90203 src 03595
56375 93630 src 03595
56375 65857 src 03595
56375 17681 src 03595
56375 76313 src 03595
33427 28573 src 03595
33427 32033 src 03595
33427 25232 src 03595
37214 39166 src 03595
03419 02603 src 03595
03419 48493 src 03595
03419 17136 src 03595
03419 35652 src 03595
75997 78745 src 03595
75997 39954 src 03595
75997 60351 src 03595
75997 44465 src 03595
75997 26548 src 03595
38441 89615 src 03595
38441 30414 src 03595
38441 16945 src 03595
38441 73441 src 03595
39884 07912 src 03595
39943 87578 src 03595
39943 16158 src 03595
39943 00506 src 03595
66906 74749 src 03595
50348 53048 src 03595
50348 65233 src 03595
50348 90119 src 03595
50348 60298 src 03595
61755 91781 src 03595
61755 78071 src 03595
05953 29595 src 03595
05953 28559 src 03595
05953 19630 src 03595
05953 95830 src 03595
59316 01288 src 03595
59316 49175 src 03595
61564 77640 src 03595
54234 25222 src 03595
20320 48514 src 03595
20320 96992 src 03595
20320 65730 src 03595
20320 84502 src 03595
20320 95208 src 03595
20320 40245 src 03595
20320 54517 src 03595
20320 75851 src 03595
59087 47562 src 03595
61577 95924 src 03595
63535 76454 src 03595
90203 18197 src 03595
93630 67132 src 03595
93630 14008 src 03595
65857 17949 src 03595
17681 90323 src 03595
76313 54039 src 03595
28573 10619 src 03595
28573 10227 src 03595
28573 04252 src 03595
28573 85439 src 03595
28573 87998 src 03595
32033 15594 src 03595
17136 31560 src 03595
39954 85271 src 03595
60351 92044 src 03595
44465 68086 src 03595
07912 86397 src 03595
65233 60731 src 03595
90119 42974 src 03595
90119 34051 src 03595
77640 27600 src 03595
48514 87756 src 03595
65730 26636 src 03595
90323 46592 src 03595
85439 99675 src 03595
start 86683 src 86683
86683 96237 src 86683
86683 69792 src 86683
86683 38964 src 86683
86683 84932 src 86683
86683 56039 src 86683
86683 64938 src 86683
86683 37942 src 86683
86683 64387 src 86683
96237 80060 src 86683
69792 43451 src 86683
69792 07291 src 86683
69792 75760 src 86683
38964 09532 src 86683
38964 61484 src 86683
38964 02828 src 86683
38964 14756 src 86683
84932 27232 src 86683
84932 03705 src 86683
56039 84562 src 86683
56039 95195 src 86683
56039 22438 src 86683
56039 57401 src 86683
56039 18016 src 86683
56039 17747 src 86683
56039 38934 src 86683
56039 27930 src 86683
56039 06108 src 86683
56039 61662 src 86683
64938 07783 src 86683
64938 43511 src 86683
64938 27245 src 86683
64938 91541 src 86683
64938 10200 src 86683
64938 30116 src 86683
37942 92141 src 86683
64387 55051 src 86683
64387 37885 src 86683
80060 98515 src 86683
43451 99011 src 86683
43451 32949 src 86683
43451 50601 src 86683
07291 63799 src 86683
07291 07981 src 86683
75760 57672 src 86683
09532 25524 src 86683
61484 44902 src 86683
61484 97647 src 86683
61484 54073 src 86683
27232 92826 src 86683
27232 50870 src 86683
27232 36195 src 86683
27232 92446 src 86683
95195 78275 src 86683
22438 01826 src 86683
22438 99061 src 86683
22438 62046 src 86683
57401 99642 src 86683
18016 94283 src 86683
18016 45470 src 86683
17747 97072 src 86683
38934 06976 src 86683
27930 29243 src 86683
61662 44767 src 86683
61662 78956 src 86683
61662 65078 src 86683
07783 35359 src 86683
07783 17853 src 86683
43511 95129 src 86683
91541 92516 src 86683
10200 93632 src 86683
10200 71980 src 86683
30116 25220 src 86683
55051 33719 src 86683
37885 90134 src 86683
99011 01692 src 86683
99011 33367 src 86683
99011 07158 src 86683
99011 17115 src 86683
99011 50840 src 86683
50601 05580 src 86683
50601 07867 src 86683
57672 10379 src 86683
44902 90537 src 86683
44902 94823 src 86683
92826 07269 src 86683
92826 02549 src 86683
92826 44000 src 86683
50870 71959 src 86683
78275 77558 src 86683
01826 31203 src 86683
99061 95564 src 86683
94283 21648 src 86683
45470 97845 src 86683
17853 68351 src 86683
95129 63571 src 86683
25220 22457 src 86683
90134 84860 src 86683
90134 43775 src 86683
01692 79942 src 86683
50840 10539 src 86683
44000 04811 src 86683
77558 56230 src 86683
63571 06434 src 86683
04811 10919 src 86683
start 56799 src 56799
56799 52461 src 56799
56799 56609 src 56799
56799 30371 src 56799
56799 66469 src 56799
56799 69104 src 56799
56799 19383 src 56799
56799 69412 src 56799
56799 66114 src 56799
56799 04661 src 56799
52461 66089 src 56799
52461 16347 src 56799
52461 38074 src 56799
52461 88028 src 56799
52461 87600 src 56799
56609 24152 src 56799
56609 74903 src 56799
56609 05943 src 56799
56609 52979 src 56799
30371 92497 src 56799
30371 14533 src 56799
66469 54915 src 56799
66469 03724 src 56799
66469 23585 src 56799
66469 78102 src 56799
66469 80204 src 56799
19383 65647 src 56799
19383 72823 src 56799
19383 77175 src 56799
19383 50306 src 56799
19383 64859 src 56799
19383 03828 src 56799
19383 59748 src 56799
19383 97050 src 56799
19383 77900 src 56799
69412 34695 src 56799
69412 20575 src 56799
66114 85984 src 56799
66114 38270 src 56799
04661 13185 src 56799
16347 75017 src 56799
16347 47208 src 56799
16347 20167 src 56799
16347 56806 src 56799
16347 51924 src 56799
38074 05172 src 56799
38074 60128 src 56799
38074 12800 src 56799
88028 74151 src 56799
88028 86765 src 56799
87600 33156 src 56799
87600 51346 src 56799
87600 28082 src 56799
24152 03490 src 56799
05943 33543 src 56799
52979 37443 src 56799
52979 69840 src 56799
52979 18296 src 56799
52979 95923 src 56799
54915 89863 src 56799
54915 98468 src 56799
03724 45289 src 56799
23585 64764 src 56799
23585 19755 src 56799
23585 40738 src 56799
23585 25303 src 56799
78102 11887 src 56799
80204 18480 src 56799
65647 98980 src 56799
65647 75330 src 56799
72823 36342 src 56799
77175 65064 src 56799
77175 49189 src 56799
77175 23904 src 56799
50306 11460 src 56799
64859 04361 src 56799
64859 65734 src 56799
77900 39164 src 56799
77900 36689 src 56799
77900 96728 src 56799
34695 96979 src 56799
34695 59400 src 56799
20575 17384 src 56799
38270 69430 src 56799
47208 02799 src 56799
60128 67749 src 56799
60128 67155 src 56799
12800 66480 src 56799
86765 88833 src 56799
86765 22769 src 56799
18296 77405 src 56799
25303 75338 src 56799
11887 55260 src 56799
18480 63461 src 56799
65064 72495 src 56799
65064 05433 src 56799
49189 32838 src 56799
11460 89095 src 56799
04361 72668 src 56799
04361 33997 src 56799
39164 61493 src 56799
96728 65536 src 56799
05433 68519 src 56799
start 29330 src 29330
29330 39670 src 29330
29330 97790 src 29330
29330 00736 src 29330
29330 64731 src 29330
29330 43405 src 29330
29330 85431 src 29330
29330 58321 src 29330
29330 03437 src 29330
29330 21259 src 29330
39670 85309 src 29330
39670 89879 src 29330
39670 36130 src 29330
97790 60267 src 29330
97790 66113 src 29330
97790 82058 src 29330
00736 66333 src 29330
00736 29992 src 29330
00736 91547 src 29330
00736 37993 src 29330
00736 51242 src 29330
64731 68340 src 29330
43405 64972 src 29330
43405 92345 src 29330
43405 67967 src 29330
43405 43080 src 29330
43405 86162 src 29330
85431 10414 src 29330
58321 03813 src 29330
58321 71677 src 29330
58321 43998 src 29330
58321 85070 src 29330
58321 23525 src 29330
58321 50610 src 29330
03437 01239 src 29330
03437 09643 src 29330
21259 69061 src 29330
21259 30221 src 29330
21259 13088 src 29330
21259 94839 src 29330
85309 00708 src 29330
85309 23464 src 29330
85309 43611 src 29330
85309 54747 src 29330
85309 87639 src 29330
89879 99005 src 29330
36130 16674 src 29330
60267 61512 src 29330
66113 10739 src 29330
66113 06222 src 29330
66113 82057 src 29330
82058 94128 src 29330
82058 38833 src 29330
66333 01303 src 29330
29992 31828 src 29330
29992 71541 src 29330
29992 74451 src 29330
91547 79939 src 29330
91547 40641 src 29330
91547 66318 src 29330
64972 60044 src 29330
64972 24014 src 29330
43080 25923 src 29330
86162 57770 src 29330
10414 52131 src 29330
03813 63778 src 29330
03813 67772 src 29330
71677 18053 src 29330
71677 38829 src 29330
43998 41389 src 29330
43998 68549 src 29330
85070 77551 src 29330
09643 53524 src 29330
09643 26844 src 29330
69061 24203 src 29330
30221 94401 src 29330
30221 02553 src 29330
13088 58991 src 29330
94839 54714 src 29330
94839 77428 src 29330
94839 77206 src 29330
00708 89989 src 29330
23464 46343 src 29330
54747 05578 src 29330
54747 17762 src 29330
61512 02384 src 29330
01303 49692 src 29330
68549 63855 src 29330
start 94850 src 94850
94850 55900 src 94850
94850 62203 src 94850
94850 14347 src 94850
94850 96534 src 94850
94850 39930 src 94850
55900 02785 src 94850
55900 03198 src 94850
55900 71780 src 94850
62203 43860 src 94850
62203 30954 src 94850
62203 46943 src 94850
62203 66857 src 94850
14347 25149 src 94850
14347 13723 src 94850
14347 48666 src 94850
96534 38263 src 94850
96534 13445 src 94850
96534 23191 src 94850
96534 91005 src 94850
96534 21510 src 94850
39930 25063 src 94850
39930 77605 src 94850
39930 12366 src 94850
39930 34433 src 94850
02785 54587 src 94850
03198 66225 src 94850
03198 78082 src 94850
03198 59166 src 94850
71780 96788 src 94850
43860 17430 src 94850
43860 88630 src 94850
43860 36873 src 94850
43860 23146 src 94850
43860 70178 src 94850
30954 33630 src 94850
30954 77796 src 94850
30954 17496 src 94850
30954 26310 src 94850
30954 73565 src 94850
30954 29799 src 94850
46943 57934 src 94850
46943 63952 src 94850
46943 74249 src 94850
46943 90689 src 94850
46943 72251 src 94850
66857 03997 src 94850
66857 98099 src 94850
66857 69757 src 94850
25149 04908 src 94850
13723 71629 src 94850
13723 63133 src 94850
13723 59164 src 94850
13723 33261 src 94850
13723 71355 src 94850
48666 17286 src 94850
48666 25868 src 94850
48666 24045 src 94850
38263 92104 src 94850
38263 90715 src 94850
38263 59463 src 94850
13445 53314 src 94850
13445 05773 src 94850
23191 87448 src 94850
23191 66508 src 94850
23191 28211 src 94850
91005 94911 src 94850
91005 09403 src 94850
21510 58122 src 94850
25063 30603 src 94850
25063 66454 src 94850
12366 57060 src 94850
12366 40208 src 94850
54587 22515 src 94850
66225 10422 src 94850
59166 39510 src 94850
96788 30466 src 94850
17430 89983 src 94850
88630 87333 src 94850
88630 09475 src 94850
88630 98660 src 94850
33630 96051 src 94850
17496 17661 src 94850
73565 07410 src 94850
63952 55459 src 94850
74249 04273 src 94850
90689 79145 src 94850
98099 66868 src 94850
04908 87492 src 94850
33261 14945 src 94850
33261 83917 src 94850
24045 02976 src 94850
59463 65033 src 94850
05773 17542 src 94850
05773 65668 src 94850
66508 19221 src 94850
94911 61651 src 94850
94911 73737 src 94850
22515 54835 src 94850
09475 23568 src 94850
09475 84847 src 94850
55459 80152 src 94850
Output
59087 20320 yes
39930 16674 no
67132 32838 no
66089 13185 yes
67772 83917 no
24045 97050 no
32033 12415 yes
61564 85271 yes
66333 05578 yes
76313 10227 yes
67967 03198 no
94283 92345 no
06222 05578 yes
10200 03997 no
14008 33427 yes
03437 68549 yes
87492 87333 yes
95564 97790 no
30954 15594 no
73441 29595 yes
35359 68351 yes
20575 54835 no
96788 77900 no
74249 43405 no
95208 35652 yes
88833 33543 yes
24045 13088 no
07912 49175 yes
66114 59316 no
89983 17430 yes
99642 50610 no
93630 15594 yes
03198 96728 no
25923 30221 yes
66225 27232 no
61651 96992 no
39930 03198 yes
02976 25149 yes
75760 25524 yes
16347 25868 no
16158 68086 yes
69430 36689 yes
03705 17115 yes
37443 88028 yes
87333 66318 no
29992 22515 no
52979 49189 yes
44000 64387 yes
37443 59400 yes
87639 29992 yes
27930 06108 yes
92345 67132 no
96992 87756 yes
50870 58991 no
27930 43775 yes
56799 36130 no
54073 57060 no
61484 55260 no
85070 45470 no
17542 28573 no
28559 44465 yes
33543 66469 yes
63535 28559 yes
57401 03705 yes
66318 93632 no
75997 19630 yes
87639 02799 no
26548 61755 yes
39943 30954 no
06976 66333 no
64972 84502 no
14347 29330 no
83917 91005 yes
30466 17747 no
21259 41389 yes
33630 24045 yes
95208 32949 no
83917 65668 yes
19630 26548 yes
39930 01692 no
64938 78956 yes
17115 75338 no
35359 84860 yes
19755 68519 yes
26844 67967 yes
09643 93630 no
75017 69412 yes
58991 82057 yes
35359 03437 no
54835 30954 yes
33719 99642 yes
30603 03997 yes
87639 92044 no
99005 38833 yes
12415 48666 no
92104 28082 no
75338 89095 yes
54073 57672 yes
38074 94283 no
07981 90203 no
73565 59166 yes
91541 69430 no
88028 55260 yes
78275 33261 no
10227 51924 no
83917 59164 yes
86683 95564 yes
39954 37885 no
69412 38074 yes
43511 61493 no
30221 78745 no
30414 03813 no
75851 75851 yes
79145 89863 no
05172 75997 no
84847 92516 no
92141 63571 yes
22515 63133 yes
84860 90134 yes
50348 19221 no
75338 28573 no
95208 37993 no
55260 76454 no
18296 57672 no
24045 75851 no
51346 69104 yes
60044 99061 no
82058 68549 yes
54234 35359 no
21648 71980 yes
78275 61651 no
66114 96051 no
05578 99005 yes
64387 29330 no
17115 05433 no
63952 65078 no
75017 03828 yes
31560 67967 no
65233 59316 yes
47562 94850 no
71677 63952 no
59400 93632 no
57060 68086 no
40641 17681 no
25923 63778 yes
19383 64387 no
33543 29799 no
65730 78071 yes
95830 21259 no
66857 84932 no
40738 75330 yes
71355 43080 no
04361 59748 yes
24014 96237 no
98980 97050 yes
29330 66508 no
97790 85984 no
77175 69104 yes
87600 78082 no
02603 60351 yes
45289 09643 no
21510 99005 no
29330 66114 no
20167 13088 no
92345 96051 no
86683 92141 yes
10414 13088 yes
55900 96788 yes
03828 26310 no
65033 09403 yes
43775 57934 no
54915 75330 yes
71980 30116 yes
90203 85439 yes
53314 66508 yes
27930 26636 no
50610 28559 no
71677 82057 yes
65078 89983 no
66868 39510 yes
67155 45289 yes
66333 77206 yes
33997 00506 no
56375 74749 yes
17384 77405 yes
31560 27245 no
75017 18296 yes
38441 35652 yes
67155 93630 no
63461 02799 yes
01239 93630 no
84502 47562 yes
05953 01288 yes
79942 40208 no
82058 53524 yes
11887 87639 no
12415 96728 no
24014 60267 yes
72251 01303 no
85984 92497 yes
24203 54747 yes
46592 29595 yes
92345 94839 yes
51924 30603 no
55260 20167 yes
00736 23464 yes
77605 54234 no
17853 01288 no
11460 20575 yes
65536 63461 yes
56799 58321 no
54587 17496 yes
43511 35359 yes
93632 92446 yes
25149 99005 no
03724 91005 no
51346 12415 no
52131 50306 no
77900 03705 no
05433 61493 yes
43405 71541 yes
95923 20575 yes
01826 60351 no
72668 56609 yes
43451 17747 yes
65233 90119 yes
03595 00736 no
10739 02384 yes
69792 95564 yes
64731 54747 yes
40641 00708 yes
39884 33427 yes
82058 11887 no
02799 66454 no
37993 43080 yes
94850 66906 no
87448 90134 no
38074 46343 no
74249 74749 no
61512 64731 yes
94401 23585 no
17762 71780 no
39166 40245 yes
89615 16158 yes
43998 72823 no
33156 50348 no
33367 93632 yes
67155 31828 no
54747 66333 yes
59400 71355 no
60128 65033 no
07912 01303 no
54517 90119 yes
63778 41389 yes
33367 84860 yes
22769 69412 yes
60731 52461 no
82057 39670 yes
60298 54517 yes
04252 23191 no
57934 97050 no
35359 71959 yes
89095 88833 yes
94283 40208 no
07981 91781 no
82057 89989 yes
76313 61577 yes
28082 33997 yes
44767 07912 no
46592 95830 yes
73737 54714 no
38934 02549 yes
36873 44465 no
15594 67132 yes
51918 39670 no
38441 59316 yes
61484 78071 no
84562 75760 yes
77405 16674 no
94850 74903 no
94128 64972 yes
03997 69840 no
37993 30466 no
62046 78956 yes
49692 87639 yes
75338 36342 yes
10379 52461 no
69430 75997 no
38833 67967 yes
38934 92497 no
32838 18296 yes
74451 17136 no
03705 14347 no
49692 57770 yes
72495 06222 no
59748 63461 yes
59087 91541 no
03595 91781 yes
23568 30414 no
22515 01288 no
29330 05578 yes
97647 64938 yes
38829 29992 yes
74451 97845 no
20575 38270 yes
70178 09403 yes
57432 64972 no
14945 04273 yes
97845 06108 yes
75997 17949 yes
36689 89879 no
38934 86162 no
72823 66114 yes
23146 25222 no
10919 17542 no
95564 90134 yes
64859 38074 yes
65647 75338 yes
16158 51918 yes
13445 06976 no
53314 78071 no
53314 39670 no
54714 38833 yes
89095 61577 no
48493 40208 no
28559 39954 yes
06976 38934 yes
91541 21648 yes
94823 72668 no
39930 92104 yes
78102 01288 no
57401 03705 yes
54747 77428 yes
96728 61651 no
97790 88833 no
65033 61564 no
82057 14347 no
39164 96728 yes
10200 99011 yes
36195 69757 no
60731 01288 yes
74151 54587 no
85070 51924 no
44465 37214 yes
25063 43405 no
38074 11460 yes
45289 89095 yes
02976 96237 no
63461 98468 yes
96788 55900 yes
56609 56039 no
31828 03437 yes
13088 65730 no
57401 64938 yes
53314 14347 yes
36195 07867 yes
17949 92826 no
46943 10227 no
89095 78102 yes
53048 33427 yes
31560 83917 no
73441 37214 yes
63571 22769 no
37214 61755 yes
94128 63778 yes
79145 59166 yes
65668 43611 no
03198 65064 no
60044 13088 yes
22457 04661 no
25149 04811 no
12366 87578 no
23191 73565 yes
40208 77206 no
04273 82058 no
56039 36195 yes
89989 02553 yes
09403 36689 no
66480 65064 yes
67155 02799 yes
69430 64764 yes
79145 87492 yes
18016 19630 no
66225 10414 no
02976 69840 no
74249 63535 no
80060 97072 yes
39954 60044 no
03198 92345 no
16674 37214 no
59463 71780 yes
12800 24045 no
57672 31828 no
77175 22769 yes
31560 66906 yes
84562 30371 no
97647 19630 no
68086 54039 yes
90689 17286 yes
72495 38829 no
73737 66868 yes
66318 66333 yes
40738 77551 no
77405 98980 yes
38829 80060 no
33997 23191 no
18197 47562 yes
33997 65064 yes
50601 34695 no
74249 30603 yes
10379 02785 no
05943 26548 no
38964 29243 yes
77428 66868 no
04908 33630 yes
40738 51346 yes
38441 31560 yes
02799 10919 no
91547 30466 no
94128 66333 yes
01288 17949 yes
61651 57401 no
45470 38270 no
18296 31560 no
84847 31828 no
34051 77428 no
92345 71541 yes
04811 22457 yes
18053 09643 yes
34695 69061 no
65536 66480 yes
55051 98515 yes
78102 60044 no
18053 39670 yes
03595 34051 yes
44465 65857 yes
00708 34433 no
61662 09475 no
13445 19755 no
54517 96534 no
61564 07912 yes
07912 85271 yes
89863 69104 yes
12800 05172 yes
49692 96979 no
68086 92141 no
84562 87333 no
39670 02799 no
30221 29992 yes
75330 04661 yes
92826 96728 no
66089 13445 no
87639 61662 no
50840 14008 no
64859 66480 yes
24203 09532 no
96979 40208 no
91781 85309 no
06222 51346 no
77605 28559 no
37214 02553 no
99675 60298 yes
End
