Graph
80327 40779
68490 96787
87471 06597
53121 38371
37350 86477
33394 31961
02968 71203
06630 20814
90093 38782
54789 96288
93020 78281
27982 06899
74385 15422
86520 67073
22390 75706
80758 06597
73424 41214
73008 82895
42991 60065
38197 70553
62505 73149
61638 03968
84422 72937
31885 17336
15608 71831
27605 44651
82488 70747
75905 93020
33394 22999
60752 21569
99193 28280
09196 01719
06899 13052
72937 93759
56108 11906
44826 40554
86133 51263
99193 03938
96394 39120
11334 13728
95463 25567
09413 91763
49005 61570
21569 74476
68326 61638
70553 75905
95463 56072
37814 05392
07341 07616
14808 38461
22116 82136
03304 99193
48442 38783
84422 87471
68310 34476
51583 67752
28446 11826
30002 30002
28375 33763
91837 82658
12233 78795
76514 07201
55432 15422
01010 84868
90093 39224
09196 09196
83697 73521
15027 10478
84973 22999
61798 23369
84991 13494
34476 91061
16352 35271
54789 65526
13052 44287
07744 12974
01989 61638
06344 32083
44036 85334
23026 35070
31885 38153
87471 54697
82670 31804
67073 28963
50884 38371
08566 28446
19032 37350
63228 51287
99211 54450
22999 61875
89647 07423
28446 32160
27734 13883
01703 59254
02882 23694
61875 15027
44287 07108
77498 54697
84264 65526
99193 73149
52126 07341
44287 94293
84973 33759
46491 24116
07903 82136
92921 82136
52155 41708
41115 41304
79536 06174
22999 58102
26267 31911
41115 86558
83874 91958
46491 99749
46491 46491
01703 44287
84264 55432
23369 31804
12088 54158
27734 61638
90609 79536
26489 34698
37939 59120
07341 90687
07744 90609
86926 08566
85334 68490
95349 09517
76860 51108
25120 96773
56072 31911
30165 64989
11020 72937
71831 94817
73619 68310
26489 12974
75706 03304
96755 78303
47939 38621
46968 86133
94009 89614
32337 91837
54697 86903
41115 33827
78795 53087
60928 70553
33742 51263
42920 06597
03450 78281
68490 83874
10975 99766
07855 42508
82488 20814
09196 33763
54697 43354
14810 41214
31911 68708
48130 91958
89647 86903
64989 99193
47939 96288
84973 31619
67752 41115
71194 60051
64068 14810
81607 42250
33394 54450
03554 47939
54450 90665
74476 71194
28375 84868
93020 98898
46968 57723
61798 60385
44404 19539
84973 60051
67073 12088
14810 67073
87471 96982
37350 68326
84359 94293
07201 66617
39224 11977
30165 06344
61836 80327
71604 96773
11334 71604
68708 70747
07903 96489
58102 60051
96755 60065
05119 39120
07855 07744
31804 15027
07423 79479
74385 28477
94009 37083
19032 48843
05024 49006
22116 38461
21581 63681
84359 31911
51610 86133
83874 82670
60591 33827
57595 69772
02459 27690
36285 76964
51108 23674
41115 48905
46491 59120
03554 41115
43354 33742
54697 99749
55345 31885
38782 83874
22116 52158
57698 79861
86558 55432
15608 51583
17178 13728
87471 59120
38197 71604
73033 42991
32337 37814
98898 84264
00692 72063
82658 65526
44404 64337
22116 81607
01719 33763
10478 69772
45775 74950
94009 35271
52089 01010
11826 52158
52089 40210
92595 10341
80327 09196
20814 96787
75905 50471
59254 64337
23288 50934
74950 53294
48130 44651
68490 85334
20258 34698
57474 96982
60752 96176
46968 42991
70345 25567
01010 13494
01719 38461
44036 13108
44036 55345
14808 44287
74246 95349
05392 38371
51108 96787
12088 06344
91958 96787
06313 85334
33846 96982
19032 99366
29124 35369
32083 30165
96288 64068
70416 96755
51263 74185
32083 46082
33742 89647
49248 84868
89647 46082
47939 60928
05024 12233
91763 57891
79292 84868
99211 00692
24664 17544
42991 45775
68461 60591
76514 09413
99749 71203
52158 79292
76860 37083
51263 14812
90665 81502
38783 26267
15027 02882
99193 93759
07201 23288
83874 11977
36079 51287
05392 37350
60752 28446
76514 19880
39609 40779
05392 60065
61836 63681
37350 28277
19539 39609
12281 12088
82097 34476
97524 37350
22015 07792
96755 61638
80758 28280
84991 07108
44826 94009
06597 89581
01719 73521
94817 42991
61638 87471
22116 68889
05119 96787
51610 57927
56004 37903
12281 60928
12045 69941
94817 86903
75712 23288
12088 52126
73008 93020
84359 36285
82658 77498
13728 64989
47337 79479
02459 74185
23674 83874
10796 86477
46082 37814
26489 42508
77472 65726
89614 38153
74476 60385
89043 62561
24664 97524
51583 33742
19032 27734
05392 79479
81607 82097
01703 10478
58102 11515
24664 14810
96394 92921
62561 44826
07423 59120
92921 33759
06344 74385
64969 51610
55389 06597
02459 51610
20258 73122
44404 84745
02882 71194
03968 38371
15422 28277
66237 13584
03410 19880
36715 08566
89043 71194
59254 84868
41708 68708
01989 64068
43842 79536
38461 79861
90609 99366
47780 41304
06922 90687
86558 64675
06313 20792
41304 42920
74468 93174
07201 90609
34698 53121
96787 61798
72063 91958
14812 13883
49248 27982
06313 89614
52089 23674
03643 72402
56108 38621
03938 22390
52158 68490
53121 64306
33827 41304
13108 40210
43354 84422
71194 55345
55345 09001
28477 91763
06597 55389
63228 84543
82488 20792
41115 03643
01703 54450
40210 06899
07201 41214
73292 30165
10341 84991
03554 52126
62505 55389
33759 96176
28280 28477
68708 05834
33759 85334
33763 23694
84422 07423
99366 89647
76860 82097
91837 23026
55345 12833
03643 51610
79292 92921
20258 87471
65526 67073
41214 27690
54158 28963
42508 61638
61638 70416
96787 33759
35271 26267
35271 38153
42250 06899
41011 60752
15422 55432
03554 48905
79536 06344
86558 22390
28375 82097
39224 37903
17030 61798
99590 50934
75905 36292
80327 09001
24664 24664
54450 25567
83874 05834
53525 99749
08566 76860
07341 47337
12088 07616
35271 12045
93759 74185
91763 53525
69772 84745
99766 61836
68326 64989
74950 23288
28446 96787
14808 22116
13584 25921
79479 50884
41115 99749
73619 96394
80758 33395
61798 21569
62561 17336
80758 28963
10975 69941
20482 23123
68889 81502
59254 39609
48843 64989
17336 85334
91837 32337
56072 52881
84359 53087
74385 78733
17030 37903
48905 09242
64969 97524
61570 00692
20792 92921
99590 71203
86714 92595
31885 84745
47395 73149
68326 13883
78795 28446
06597 59120
37940 80327
22015 03643
84868 76964
50471 41304
24664 57891
45775 51263
04932 95463
80758 51583
59254 53087
38371 09517
70345 05024
86903 54789
85334 52155
39224 10975
91837 78281
89647 37814
27982 73521
95463 82136
52089 92595
73521 41011
96773 38371
37939 73033
13494 15027
03938 74385
19539 05119
35369 21581
80758 25921
84543 63228
01989 11906
15433 75905
79536 31935
70431 61638
86558 03410
26267 21569
10294 03643
15027 58102
72937 07201
68490 61836
99366 45775
37903 27605
47395 14812
55345 36079
23674 68310
61836 40554
15608 54697
13052 84359
47395 50820
09001 72063
50934 37814
31804 42250
14810 07744
13494 83697
11474 39609
99366 99193
45775 13728
15422 78303
81502 63681
66617 70553
57927 43354
27982 10478
94009 84973
66271 90093
38461 05834
40779 68708
46491 53294
79536 19032
81607 01010
99211 35369
08566 42250
55345 68490
47939 28477
03643 03643
43842 93759
44651 15027
40210 94293
15027 44036
11906 42508
78303 50934
43842 73149
53294 24536
52766 05024
78733 30867
48442 17030
17178 64306
49248 17030
33759 20792
10341 21569
52158 42250
89614 99211
36715 16783
57891 96755
22999 31804
73122 74950
79536 55432
10975 29124
66237 72402
52089 06630
25120 54158
92921 05024
41115 12088
09242 07792
92595 60385
23694 06313
17544 84264
76514 13584
03938 03968
86558 97524
61798 27605
56004 63228
47939 33395
40554 40554
77498 60065
70345 90093
12233 35369
22116 17336
03450 97524
61836 61570
19880 28477
76514 51263
06597 78281
61570 89043
31885 28375
80327 30002
44404 54450
57723 53525
09413 09242
27734 42109
94009 11977
90093 31804
82097 96489
96982 90609
06597 53294
96176 76964
28375 62561
79861 38461
24664 74385
30002 52766
71831 28277
13108 10975
96787 49248
91061 06630
37814 73149
26267 12233
68326 03938
51263 60065
48442 23674
27690 93759
08566 16352
23369 35271
84991 01703
02459 12281
09517 07616
10341 44404
82488 10975
54450 84868
05024 83874
35369 20814
33394 07108
10776 42109
61570 27982
77498 48843
84264 80758
03304 60928
02484 05834
15608 86558
13494 49005
15027 68708
07341 47780
25921 99366
73424 94817
25921 23026
10776 96755
24536 37939
15608 99749
59254 95463
44404 09001
57698 43424
57474 54697
72937 12974
83874 06630
31885 19684
72063 36285
10975 16352
13108 36978
07108 57285
33763 76964
25120 73292
09103 51610
11334 19880
26489 09517
81607 20792
72402 65526
90093 01719
06899 01010
64337 01719
24742 52158
91958 61875
32337 73292
01989 42991
12974 11334
45775 10796
36978 01703
77472 70431
99749 19880
72937 76045
73292 03304
12233 33763
86520 67073
22999 36285
87097 06630
53087 81607
39172 21581
48442 51108
53525 74246
84868 29124
39224 31619
01010 30002
68490 70345
52089 58102
56004 69941
52089 86926
47395 83416
86558 02968
44036 00692
36715 68490
84359 39224
75905 90687
56108 79536
16352 20482
09001 68490
41304 96755
06344 06922
38782 10341
32160 38782
16751 17178
03968 50884
34282 44036
76964 49005
27734 41115
32160 52158
28477 53525
27982 37083
67073 28477
70431 24116
74476 79861
11782 10975
68310 49005
64969 17178
14812 60591
84868 52089
67073 55389
07792 74246
39172 12833
40554 09001
27734 68326
27605 33759
73122 56108
91763 11906
33802 79479
06899 26267
14812 48905
94293 33763
43842 45775
03643 33395
78795 91061
46968 64306
42920 57474
93020 51263
12233 07903
27982 07903
05119 43424
83697 96787
03643 50820
24116 31935
52881 53087
17178 87471
27605 35369
22015 32337
16352 82097
13108 74476
48905 03450
54158 60928
33846 53294
84543 14808
82895 72402
10796 12281
10975 34476
58102 83697
06174 86133
70553 64675
13052 11782
38153 93174
91837 01989
30165 11334
77498 19134
21569 31961
90609 96773
86903 51583
82488 27630
86558 42109
53121 11906
84973 39120
78281 25921
53525 06174
57285 91958
37350 23288
57927 10796
07855 17544
31935 15608
42250 89614
03450 74185
09242 03410
68310 06630
03643 27690
12045 44826
34698 36292
91061 12233
90093 83697
11515 72063
84973 40779
78795 02484
61638 71604
66617 51583
70553 73033
30867 46491
41304 22390
28375 20814
50884 75712
12833 33763
53121 51583
39609 21569
79292 09196
30002 05834
85334 80327
60051 54450
40554 00692
33802 91599
35369 20792
13052 60051
35070 74246
96489 07108
71604 46082
74185 70431
39120 92921
84745 11515
76045 23288
31885 60385
26267 49006
90687 23026
23288 42991
27630 02484
24116 23026
05392 51610
50471 42991
12974 62505
65726 17178
64337 39609
27690 41115
99766 02882
21581 12833
64651 54697
83697 16352
56004 82670
07744 17178
74950 41214
55345 20482
66271 49006
07108 26267
20258 24536
63228 81502
33763 92952
83697 74476
41214 86477
41304 14812
37939 75712
55345 28446
07108 59254
11020 42920
43354 74185
21569 84991
63681 49006
82097 55345
32083 55591
84991 36715
92595 24742
72063 52155
33846 50884
07903 17030
20258 76045
22999 84973
38461 56072
60385 44826
13728 62505
24664 33395
96176 10341
42508 91763
78795 26267
35070 03410
42920 91763
38783 09196
38461 26267
11515 80327
93020 37350
68490 37903
11782 68490
64969 76045
74385 99749
07616 24536
94293 58102
82895 47395
59504 32337
57927 75712
14808 15027
12045 61875
10341 11474
76045 53525
73521 04932
24742 93174
10478 13108
43424 76964
82488 05834
84422 77472
45775 09517
99749 75712
11826 84359
91763 15608
40779 66271
13494 68310
52881 20482
74246 75706
33763 82488
44287 52158
78281 07792
20814 95463
40210 83697
21569 52881
23123 74476
60051 11977
90687 50884
41304 46491
16783 28446
31961 57595
99749 06344
02968 75712
23026 72937
33802 68461
96176 27605
96288 06344
07855 54789
98898 96755
03410 78281
95349 76045
11474 10975
67752 99193
83416 07201
46491 57474
79479 77472
68326 86903
49248 29124
03410 98898
09001 31804
65726 33395
36285 44287
55389 27734
13255 54158
24664 46968
70431 50820
35369 21581
51287 92921
80327 07108
60928 82895
09103 09103
38782 51108
86558 89581
03938 71604
90093 82488
91837 73008
48130 83874
04932 40779
46082 06344
60051 44287
38621 82895
09103 76514
23694 31804
84868 11474
14808 68708
90665 35271
78281 02459
33759 32160
87097 79861
23369 41011
03643 28277
32337 24664
27982 37083
39224 74468
01010 93174
27982 01010
07423 10294
81502 62561
29124 35271
68352 41115
71831 07792
89043 92595
57891 30165
86477 13255
33827 75712
69772 27630
31804 49248
36285 60385
16751 17544
57698 21569
36079 85334
73619 28375
52155 34282
83874 84991
10975 36285
14810 24664
94293 34476
50471 74950
42250 20814
32337 13883
19134 11334
61836 12045
44036 84359
01703 91958
06899 27605
87097 68490
31935 42920
33763 96394
33759 40210
86926 08566
03304 51583
86520 28477
27734 76045
20814 02484
27605 95463
71831 60928
91763 95349
93020 22390
52155 74476
33846 65526
51583 87471
73149 74246
54158 07423
37083 28446
60928 28963
15608 14810
40779 76860
27982 07108
91763 14810
06313 82488
82658 12281
76964 64337
78303 09413
78795 57595
07903 24742
96982 41214
64068 89581
91599 28477
71604 70553
76964 39172
48442 38153
39172 94293
68490 22999
78733 12974
74246 75706
37940 63228
89647 43354
41708 92952
42920 77472
20258 37814
44287 52155
06174 03643
16352 53087
73122 59504
60051 10478
89043 85334
27630 11515
42920 64989
95349 03643
14810 22390
05834 39609
84745 34476
12833 27630
91061 54450
40779 41011
73033 72402
09103 66617
24116 43354
09242 98898
86714 31885
61875 42250
02968 37814
22390 46082
41115 73149
10478 30002
46082 24664
68326 90609
39224 96787
81502 38153
09413 99193
77498 65726
11020 68461
80327 93174
21581 27605
44287 93174
72937 60928
73424 05392
54697 47780
19880 96773
28280 71604
12088 83416
27690 09413
48843 57723
60051 31885
78733 86903
44404 49006
74476 70747
42109 22015
53121 37350
84543 51287
16783 87097
23026 09103
33846 86520
30002 15027
28963 72937
55345 82097
70416 70431
16751 46082
57891 06344
22015 07855
30867 45775
70431 02968
38783 33394
68326 33395
79292 17336
28963 05392
60065 05392
10341 48442
21569 76860
98898 53525
50934 41304
73521 25567
57927 99193
57595 12233
12045 39224
57927 70416
38783 07903
87097 74476
44287 31911
33742 54697
54158 62505
23369 19539
94293 82670
22390 50471
10294 33802
10975 84991
19539 23369
43424 06313
09242 48905
80327 90665
56072 60752
39224 17030
62561 74468
02459 71203
90687 55591
96982 02459
90687 57927
31935 37350
02459 03643
61570 60385
73122 73292
15027 15027
91599 74185
20482 23123
72063 49006
07744 68352
39224 83874
83874 69941
02968 33742
63228 83874
46491 46082
09001 55345
73008 90609
55389 47939
30867 73149
80758 12974
72063 15027
11474 12833
89614 27982
02968 93759
64675 65726
24664 56108
23288 74385
74950 70431
93174 26267
60752 19539
41214 07201
02968 73033
07423 17544
64969 70416
85334 31804
28963 64675
13052 93174
35369 66271
53087 99211
79536 17178
67752 71831
33802 73149
85334 52881
79292 02882
64337 64337
34698 41214
06344 84422
72402 64989
31911 96176
11515 27982
66617 60591
84868 39120
68461 60065
36285 63228
80758 78281
26489 09103
26489 46491
28375 68490
05834 19539
60385 51108
Queries
91763 86520
11020 10294
78795 26267
97524 54697
36715 29124
52766 06597
27605 78303
56108 57927
06630 51583
17336 51583
77498 57595
22116 11782
64337 61875
44826 93020
53087 96176
11334 30165
94293 44651
10341 71604
38783 16783
68708 92595
07744 68310
33394 31911
79479 13255
89581 57595
31804 19032
57698 24664
07108 81502
03938 55389
38371 82658
24664 78281
14812 63228
97524 09517
54789 92952
90609 26267
31885 76045
13052 09242
82670 92921
49006 80327
90687 49006
80758 13584
00692 10796
13052 44651
53121 90687
40779 64337
34282 41708
91837 52126
60065 75905
10796 47337
24664 96773
24742 38783
93174 11515
23288 53294
09196 41115
14810 57891
70431 21569
36079 73424
52766 54450
70747 52881
57595 32083
37903 33763
67073 74185
83416 71203
73008 31935
87097 03643
89581 19032
58102 75712
38197 84868
37350 95349
10341 79861
46491 30867
06174 54697
73424 10478
37350 54697
36292 19134
59504 28477
17544 36292
44404 78795
59504 36978
12833 03304
32083 21569
74185 44404
26489 14810
03968 68490
65726 07201
81502 40779
10975 25567
68326 76045
71831 13052
91763 15433
30002 23026
51287 52126
86926 86133
38371 15608
65526 56072
64306 79479
59120 17030
74950 30165
59504 46968
07616 00692
12833 21581
50820 57891
55389 61875
26267 12974
91599 79292
11474 66237
82670 50471
57595 19539
65726 91599
53087 52089
64651 57595
86520 64969
12833 34476
07616 99366
32337 12088
55591 73292
76860 31935
64989 26267
99366 80327
27630 59504
67073 84422
86133 15433
23026 57285
07341 91599
69772 84359
32160 68490
96176 39609
07903 61798
42508 60051
73292 01989
15608 64651
64989 33846
55591 57698
86133 79292
28446 30002
09103 99749
16751 55432
03554 73033
42920 96489
91061 64651
91061 82488
05119 86477
38371 93174
70553 87471
53525 59120
78795 03968
84745 28375
27690 16352
20792 84543
74476 51610
28963 34698
46082 40779
78303 99211
83874 40779
55432 53121
79479 37940
36715 50934
31885 39609
96755 15027
10478 94009
52766 96394
63681 13584
73424 57698
67073 69941
12045 70553
44036 33846
79536 99749
90687 07201
06597 91763
19134 29124
71203 46082
96394 12833
78733 37814
11020 27605
36079 11782
31804 82136
27734 02484
81502 33395
31911 47939
60752 64068
04932 72063
58102 15433
47395 20814
80327 70553
03410 11906
37940 56108
68889 71194
34282 93020
60591 36079
07108 84422
57474 52881
32337 84868
78281 44826
07341 17030
10975 86133
33802 76964
91061 11474
93759 24116
68461 84868
84973 07855
90687 31885
94817 39120
89647 44404
83874 09517
34698 64675
86133 56004
23694 82097
63681 44651
64337 24116
50884 77498
84359 25921
97524 49006
05119 12974
11474 41304
17336 78303
94009 68310
71604 79861
19134 24664
51610 91599
33846 28375
33759 30002
62561 70553
35070 03968
69772 06922
12233 38371
07108 16751
47780 33742
52158 19032
27734 23369
Thinking
start 87097 src 87097
87097 06630 src 87097
87097 79861 src 87097
87097 68490 src 87097
87097 16783 src 87097
87097 74476 src 87097
06630 20814 src 87097
06630 52089 src 87097
06630 91061 src 87097
06630 83874 src 87097
06630 68310 src 87097
79861 57698 src 87097
79861 38461 src 87097
68490 96787 src 87097
68490 85334 src 87097
68490 52158 src 87097
68490 61836 src 87097
68490 55345 src 87097
68490 70345 src 87097
68490 36715 src 87097
68490 09001 src 87097
68490 37903 src 87097
68490 11782 src 87097
68490 22999 src 87097
68490 28375 src 87097
16783 28446 src 87097
74476 21569 src 87097
74476 71194 src 87097
74476 60385 src 87097
74476 13108 src 87097
74476 83697 src 87097
74476 23123 src 87097
74476 52155 src 87097
74476 70747 src 87097
20814 82488 src 87097
20814 35369 src 87097
20814 95463 src 87097
20814 42250 src 87097
20814 02484 src 87097
52089 01010 src 87097
52089 40210 src 87097
52089 23674 src 87097
52089 92595 src 87097
52089 58102 src 87097
52089 86926 src 87097
52089 84868 src 87097
91061 34476 src 87097
91061 78795 src 87097
91061 12233 src 87097
91061 54450 src 87097
83874 91958 src 87097
83874 82670 src 87097
83874 38782 src 87097
83874 11977 src 87097
83874 05834 src 87097
83874 05024 src 87097
83874 48130 src 87097
83874 84991 src 87097
83874 39224 src 87097
83874 69941 src 87097
83874 63228 src 87097
68310 73619 src 87097
68310 49005 src 87097
68310 13494 src 87097
57698 43424 src 87097
38461 14808 src 87097
38461 22116 src 87097
38461 01719 src 87097
38461 56072 src 87097
38461 26267 src 87097
96787 51108 src 87097
96787 05119 src 87097
96787 61798 src 87097
96787 33759 src 87097
96787 49248 src 87097
85334 44036 src 87097
85334 06313 src 87097
85334 17336 src 87097
85334 80327 src 87097
85334 36079 src 87097
85334 89043 src 87097
85334 31804 src 87097
85334 52881 src 87097
52158 11826 src 87097
52158 79292 src 87097
52158 24742 src 87097
52158 32160 src 87097
52158 44287 src 87097
61836 63681 src 87097
61836 99766 src 87097
61836 40554 src 87097
61836 61570 src 87097
61836 12045 src 87097
55345 31885 src 87097
55345 12833 src 87097
55345 20482 src 87097
55345 82097 src 87097
70345 25567 src 87097
70345 90093 src 87097
36715 08566 src 87097
09001 72063 src 87097
09001 44404 src 87097
37903 56004 src 87097
37903 17030 src 87097
37903 27605 src 87097
11782 10975 src 87097
11782 13052 src 87097
22999 33394 src 87097
22999 84973 src 87097
22999 61875 src 87097
22999 36285 src 87097
28375 33763 src 87097
28375 62561 src 87097
28446 60752 src 87097
28446 37083 src 87097
21569 10341 src 87097
21569 31961 src 87097
21569 39609 src 87097
21569 76860 src 87097
71194 60051 src 87097
71194 02882 src 87097
60385 44826 src 87097
13108 36978 src 87097
13108 10478 src 87097
83697 73521 src 87097
83697 16352 src 87097
52155 41708 src 87097
52155 34282 src 87097
70747 68708 src 87097
82488 20792 src 87097
82488 27630 src 87097
35369 29124 src 87097
35369 21581 src 87097
35369 99211 src 87097
35369 66271 src 87097
95463 04932 src 87097
95463 82136 src 87097
95463 59254 src 87097
42250 81607 src 87097
42250 06899 src 87097
42250 89614 src 87097
01010 30002 src 87097
01010 93174 src 87097
01010 27982 src 87097
40210 94293 src 87097
23674 48442 src 87097
92595 86714 src 87097
58102 11515 src 87097
58102 15027 src 87097
84868 76964 src 87097
84868 11474 src 87097
84868 39120 src 87097
34476 84745 src 87097
78795 53087 src 87097
78795 57595 src 87097
12233 07903 src 87097
54450 90665 src 87097
54450 01703 src 87097
91958 57285 src 87097
11977 94009 src 87097
05834 19539 src 87097
05024 49006 src 87097
05024 52766 src 87097
05024 92921 src 87097
48130 44651 src 87097
84991 07108 src 87097
39224 31619 src 87097
39224 84359 src 87097
39224 74468 src 87097
63228 51287 src 87097
63228 84543 src 87097
63228 81502 src 87097
63228 37940 src 87097
73619 96394 src 87097
22116 68889 src 87097
01719 09196 src 87097
01719 64337 src 87097
56072 31911 src 87097
26267 38783 src 87097
26267 35271 src 87097
61798 23369 src 87097
33759 96176 src 87097
44036 00692 src 87097
06313 23694 src 87097
80327 40779 src 87097
31885 38153 src 87097
31885 19684 src 87097
12833 39172 src 87097
82097 96489 src 87097
33763 92952 src 87097
60752 41011 src 87097
10478 69772 src 87097
start 41115 src 41115
41115 41304 src 41115
41115 86558 src 41115
41115 33827 src 41115
41115 67752 src 41115
41115 48905 src 41115
41115 03554 src 41115
41115 03643 src 41115
41115 99749 src 41115
41115 12088 src 41115
41115 27734 src 41115
41115 27690 src 41115
41115 68352 src 41115
41115 73149 src 41115
41304 47780 src 41115
41304 42920 src 41115
41304 50471 src 41115
41304 96755 src 41115
41304 22390 src 41115
41304 14812 src 41115
41304 46491 src 41115
41304 50934 src 41115
86558 55432 src 41115
86558 64675 src 41115
86558 03410 src 41115
86558 97524 src 41115
86558 15608 src 41115
86558 02968 src 41115
86558 42109 src 41115
86558 89581 src 41115
33827 60591 src 41115
33827 75712 src 41115
67752 51583 src 41115
67752 99193 src 41115
67752 71831 src 41115
48905 09242 src 41115
48905 03450 src 41115
03554 47939 src 41115
03554 52126 src 41115
03643 72402 src 41115
03643 51610 src 41115
03643 22015 src 41115
03643 10294 src 41115
03643 33395 src 41115
03643 50820 src 41115
03643 28277 src 41115
03643 06174 src 41115
03643 95349 src 41115
03643 02459 src 41115
99749 54697 src 41115
99749 71203 src 41115
99749 53525 src 41115
99749 19880 src 41115
99749 74385 src 41115
99749 06344 src 41115
12088 54158 src 41115
12088 67073 src 41115
12088 12281 src 41115
12088 07616 src 41115
12088 83416 src 41115
27734 13883 src 41115
27734 61638 src 41115
27734 19032 src 41115
27734 68326 src 41115
27734 55389 src 41115
27734 76045 src 41115
27690 41214 src 41115
27690 93759 src 41115
27690 09413 src 41115
68352 07744 src 41115
73149 62505 src 41115
73149 47395 src 41115
73149 43842 src 41115
73149 37814 src 41115
73149 74246 src 41115
73149 30867 src 41115
73149 33802 src 41115
47780 07341 src 41115
42920 06597 src 41115
42920 57474 src 41115
42920 11020 src 41115
42920 91763 src 41115
42920 31935 src 41115
42920 77472 src 41115
42920 64989 src 41115
50471 75905 src 41115
50471 42991 src 41115
50471 74950 src 41115
96755 78303 src 41115
96755 60065 src 41115
96755 70416 src 41115
96755 57891 src 41115
96755 10776 src 41115
96755 98898 src 41115
22390 75706 src 41115
22390 03938 src 41115
22390 93020 src 41115
22390 14810 src 41115
22390 46082 src 41115
14812 51263 src 41115
46491 24116 src 41115
46491 59120 src 41115
46491 53294 src 41115
46491 26489 src 41115
50934 23288 src 41115
50934 99590 src 41115
55432 15422 src 41115
55432 84264 src 41115
55432 79536 src 41115
64675 70553 src 41115
64675 65726 src 41115
64675 28963 src 41115
03410 35070 src 41115
03410 78281 src 41115
97524 37350 src 41115
97524 24664 src 41115
97524 64969 src 41115
02968 70431 src 41115
02968 33742 src 41115
02968 73033 src 41115
89581 64068 src 41115
60591 68461 src 41115
60591 66617 src 41115
75712 50884 src 41115
75712 37939 src 41115
75712 57927 src 41115
51583 80758 src 41115
51583 86903 src 41115
51583 53121 src 41115
51583 03304 src 41115
51583 87471 src 41115
99193 28280 src 41115
99193 99366 src 41115
71831 94817 src 41115
71831 07792 src 41115
71831 60928 src 41115
03450 74185 src 41115
47939 38621 src 41115
47939 96288 src 41115
47939 28477 src 41115
72402 66237 src 41115
72402 65526 src 41115
72402 82895 src 41115
51610 86133 src 41115
51610 09103 src 41115
51610 05392 src 41115
22015 32337 src 41115
22015 07855 src 41115
10294 07423 src 41115
95349 09517 src 41115
02459 96982 src 41115
54697 77498 src 41115
54697 43354 src 41115
54697 64651 src 41115
53525 57723 src 41115
19880 76514 src 41115
19880 11334 src 41115
19880 96773 src 41115
74385 78733 src 41115
06344 32083 src 41115
06344 30165 src 41115
06344 06922 src 41115
06344 84422 src 41115
54158 25120 src 41115
54158 13255 src 41115
67073 86520 src 41115
12281 10796 src 41115
12281 82658 src 41115
07616 24536 src 41115
83416 07201 src 41115
61638 03968 src 41115
61638 01989 src 41115
61638 42508 src 41115
61638 71604 src 41115
19032 48843 src 41115
68326 90609 src 41115
76045 72937 src 41115
76045 20258 src 41115
41214 73424 src 41115
41214 86477 src 41115
41214 34698 src 41115
07744 12974 src 41115
07744 17178 src 41115
62505 13728 src 41115
43842 45775 src 41115
37814 89647 src 41115
33802 79479 src 41115
33802 91599 src 41115
07341 90687 src 41115
07341 47337 src 41115
91763 11906 src 41115
75905 36292 src 41115
75905 15433 src 41115
42991 46968 src 41115
74950 73122 src 41115
93020 73008 src 41115
46082 16751 src 41115
24116 23026 src 41115
53294 33846 src 41115
84264 17544 src 41115
79536 56108 src 41115
70553 38197 src 41115
78281 91837 src 41115
78281 25921 src 41115
50884 38371 src 41115
86903 54789 src 41115
53121 64306 src 41115
03304 73292 src 41115
66237 13584 src 41115
32337 59504 src 41115
77498 19134 src 41115
32083 55591 src 41115
Output
91763 86520 yes
11020 10294 yes
78795 26267 yes
97524 54697 yes
36715 29124 yes
52766 06597 no
27605 78303 no
56108 57927 yes
06630 51583 no
17336 51583 no
77498 57595 no
22116 11782 yes
64337 61875 yes
44826 93020 no
53087 96176 yes
11334 30165 yes
94293 44651 yes
10341 71604 no
38783 16783 yes
68708 92595 yes
07744 68310 no
33394 31911 yes
79479 13255 yes
89581 57595 no
31804 19032 no
57698 24664 no
07108 81502 yes
03938 55389 yes
38371 82658 yes
24664 78281 yes
14812 63228 no
97524 09517 yes
54789 92952 no
90609 26267 no
31885 76045 no
13052 09242 no
82670 92921 yes
49006 80327 yes
90687 49006 no
80758 13584 yes
00692 10796 no
13052 44651 yes
53121 90687 yes
40779 64337 yes
34282 41708 yes
91837 52126 yes
60065 75905 yes
10796 47337 yes
24664 96773 yes
24742 38783 yes
93174 11515 yes
23288 53294 yes
09196 41115 no
14810 57891 yes
70431 21569 no
36079 73424 no
52766 54450 yes
70747 52881 yes
57595 32083 no
37903 33763 yes
67073 74185 yes
83416 71203 yes
73008 31935 yes
87097 03643 no
89581 19032 yes
58102 75712 no
38197 84868 no
37350 95349 yes
10341 79861 yes
46491 30867 yes
06174 54697 yes
73424 10478 no
37350 54697 yes
36292 19134 yes
59504 28477 yes
17544 36292 yes
44404 78795 yes
59504 36978 no
12833 03304 no
32083 21569 no
74185 44404 no
26489 14810 yes
03968 68490 no
65726 07201 yes
81502 40779 yes
10975 25567 yes
68326 76045 yes
71831 13052 no
91763 15433 yes
30002 23026 no
51287 52126 no
86926 86133 no
38371 15608 yes
65526 56072 no
64306 79479 yes
59120 17030 no
74950 30165 yes
59504 46968 yes
07616 00692 no
12833 21581 yes
50820 57891 yes
55389 61875 no
26267 12974 no
91599 79292 no
11474 66237 no
82670 50471 no
57595 19539 yes
65726 91599 yes
53087 52089 yes
64651 57595 no
86520 64969 yes
12833 34476 yes
07616 99366 yes
32337 12088 yes
55591 73292 yes
76860 31935 no
64989 26267 no
99366 80327 no
27630 59504 no
67073 84422 yes
86133 15433 yes
23026 57285 no
07341 91599 yes
69772 84359 yes
32160 68490 yes
96176 39609 yes
07903 61798 yes
42508 60051 no
73292 01989 yes
15608 64651 yes
64989 33846 yes
55591 57698 no
86133 79292 no
28446 30002 yes
09103 99749 yes
16751 55432 yes
03554 73033 yes
42920 96489 no
91061 64651 no
91061 82488 yes
05119 86477 no
38371 93174 no
70553 87471 yes
53525 59120 yes
78795 03968 no
84745 28375 yes
27690 16352 no
20792 84543 yes
74476 51610 no
28963 34698 yes
46082 40779 no
78303 99211 no
83874 40779 yes
55432 53121 yes
79479 37940 no
36715 50934 no
31885 39609 yes
96755 15027 no
10478 94009 yes
52766 96394 yes
63681 13584 no
73424 57698 no
67073 69941 no
12045 70553 no
44036 33846 no
79536 99749 yes
90687 07201 yes
06597 91763 yes
19134 29124 no
71203 46082 yes
96394 12833 yes
78733 37814 yes
11020 27605 no
36079 11782 yes
31804 82136 yes
27734 02484 no
81502 33395 no
31911 47939 no
60752 64068 no
04932 72063 yes
58102 15433 no
47395 20814 no
80327 70553 no
03410 11906 yes
37940 56108 no
68889 71194 yes
34282 93020 no
60591 36079 no
07108 84422 no
57474 52881 no
32337 84868 no
78281 44826 no
07341 17030 no
10975 86133 no
33802 76964 no
91061 11474 yes
93759 24116 yes
68461 84868 no
84973 07855 no
90687 31885 no
94817 39120 no
89647 44404 no
83874 09517 no
34698 64675 yes
86133 56004 no
23694 82097 yes
63681 44651 yes
64337 24116 no
50884 77498 yes
84359 25921 no
97524 49006 no
05119 12974 no
11474 41304 no
17336 78303 no
94009 68310 yes
71604 79861 no
19134 24664 yes
51610 91599 yes
33846 28375 no
33759 30002 yes
62561 70553 no
35070 03968 yes
69772 06922 no
12233 38371 no
07108 16751 no
47780 33742 yes
52158 19032 no
27734 23369 no
End
