Graph
8535 1546
7113 6691
0712 5133
1546 2765
4121 9707
4071 8986
6828 8535
1688 7113
4795 4633
9071 1688
4534 8150
0955 0423
9707 6665
1190 8986
8150 4414
9433 6828
1630 0955
9093 9071
6665 9707
2129 2729
7833 4795
4071 5132
6665 4534
2729 4071
7283 1688
8309 1630
9093 9071
6665 6591
8723 2129
6591 4534
1741 4414
2129 4702
3674 4591
5133 6691
1546 4633
6828 4961
7833 1546
7113 6957
8370 3674
4121 6591
8309 8309
1190 8986
9707 9707
0423 9071
2440 9707
4702 1190
4591 8370
2440 1741
7283 9071
8986 4071
6591 4121
1688 5133
6957 0423
9251 1546
3674 2765
4591 4961
2729 4702
1741 8150
1741 4534
6665 4121
1630 1688
9251 7833
9433 4591
8370 4633
7833 2765
4534 6665
4795 3674
3674 9433
8535 6828
2765 9433
9251 4633
4121 8150
Queries
8986 8535
4534 4534
4702 2129
8535 4633
1688 4534
5133 9093
9707 4534
2729 0712
9071 6665
4591 8309
8150 4534
6691 0712
8370 0712
2729 4534
7113 7113
4121 2440
6828 8370
9093 4633
4534 4071
2440 4534
9251 8370
9093 5133
8150 2440
9071 1688
9707 4534
1741 6957
9707 5132
2129 9251
8150 8370
1630 4071
1741 7833
8535 1741
2729 6691
8309 2729
4534 4414
9251 0423
6665 4071
6691 1190
7113 9093
0712 4071
4702 8986
8986 8986
1688 9071
1741 4121
1741 8150
1190 4702
2440 0712
8986 6691
6591 1741
5133 2129
9093 9707
9251 6957
8723 4795
6665 4121
8535 6828
7113 4633
8723 7113
6665 4591
7833 3674
8370 1190
1630 0712
7833 2765
1190 2440
4071 5132
4071 2129
6691 6957
6828 6591
3674 0955
0712 1741
4121 6591
5133 2440
6828 2765
1190 9071
8150 3674
7283 6665
6665 2440
4121 9707
5133 0955
6957 1630
1630 4414
2765 4702
6665 1741
1190 2729
2440 9433
4534 4795
4121 1190
2440 1630
2729 2729
6665 4795
8309 9433
Thinking
start 0423 src 0423
0423 0955 src 0423
0423 9071 src 0423
0423 6957 src 0423
0955 1630 src 0423
9071 1688 src 0423
9071 9093 src 0423
9071 7283 src 0423
6957 7113 src 0423
1630 8309 src 0423
1688 5133 src 0423
7113 6691 src 0423
5133 0712 src 0423
start 9433 src 9433
9433 6828 src 9433
9433 4591 src 9433
9433 3674 src 9433
9433 2765 src 9433
6828 8535 src 9433
6828 4961 src 9433
4591 8370 src 9433
3674 4795 src 9433
2765 1546 src 9433
2765 7833 src 9433
8370 4633 src 9433
1546 9251 src 9433
start 2129 src 2129
2129 2729 src 2129
2129 8723 src 2129
2129 4702 src 2129
2729 4071 src 2129
4702 1190 src 2129
4071 8986 src 2129
4071 5132 src 2129
start 8150 src 8150
8150 4534 src 8150
8150 4414 src 8150
8150 1741 src 8150
8150 4121 src 8150
4534 6665 src 8150
4534 6591 src 8150
1741 2440 src 8150
4121 9707 src 8150
Output
8986 8535 no
4534 4534 yes
4702 2129 yes
8535 4633 yes
1688 4534 no
5133 9093 yes
9707 4534 yes
2729 0712 no
9071 6665 no
4591 8309 no
8150 4534 yes
6691 0712 yes
8370 0712 no
2729 4534 no
7113 7113 yes
4121 2440 yes
6828 8370 yes
9093 4633 no
4534 4071 no
2440 4534 yes
9251 8370 yes
9093 5133 yes
8150 2440 yes
9071 1688 yes
9707 4534 yes
1741 6957 no
9707 5132 no
2129 9251 no
8150 8370 no
1630 4071 no
1741 7833 no
8535 1741 no
2729 6691 no
8309 2729 no
4534 4414 yes
9251 0423 no
6665 4071 no
6691 1190 no
7113 9093 yes
0712 4071 no
4702 8986 yes
8986 8986 yes
1688 9071 yes
1741 4121 yes
1741 8150 yes
1190 4702 yes
2440 0712 no
8986 6691 no
6591 1741 yes
5133 2129 no
9093 9707 no
9251 6957 no
8723 4795 no
6665 4121 yes
8535 6828 yes
7113 4633 no
8723 7113 no
6665 4591 no
7833 3674 yes
8370 1190 no
1630 0712 yes
7833 2765 yes
1190 2440 no
4071 5132 yes
4071 2129 yes
6691 6957 yes
6828 6591 no
3674 0955 no
0712 1741 no
4121 6591 yes
5133 2440 no
6828 2765 yes
1190 9071 no
8150 3674 no
7283 6665 no
6665 2440 yes
4121 9707 yes
5133 0955 yes
6957 1630 yes
1630 4414 no
2765 4702 no
6665 1741 yes
1190 2729 yes
2440 9433 no
4534 4795 no
4121 1190 no
2440 1630 no
2729 2729 yes
6665 4795 no
8309 9433 no
End
