Graph
41851 78720
87693 52082
40072 74300
10166 40364
33067 97089
77777 33815
78814 37269
34412 12577
99701 67335
51944 64338
49780 99701
86161 85162
55516 21366
53035 78720
51281 17874
17874 66083
05515 63324
76395 30151
51943 54675
52260 63274
11718 68881
14804 65422
03447 69072
22533 40588
07725 68881
05269 89557
74411 16096
33752 78814
82931 14137
67764 08276
10687 03189
75053 11256
84028 26354
51281 03935
40072 53080
57555 32321
11887 51943
68141 31969
70136 21366
78814 95260
59528 03447
68296 43778
73141 12365
89892 06222
98006 53009
43819 95878
34657 22066
28408 58561
95777 41644
60781 44071
63274 13955
58403 38865
75970 81869
65377 70543
94495 05515
76942 28747
07846 99248
19947 03447
55137 14502
67764 40364
89557 85439
12902 34099
80093 80093
77777 71413
76276 58983
50767 52082
43778 30100
66849 04885
68238 43795
14804 49806
98304 14399
58474 47908
07453 67868
25109 65377
98006 24298
33752 98428
89557 43778
23064 75970
58403 24865
87545 07112
99605 53598
68259 53035
02877 38865
41891 69561
91862 70403
96091 06222
14399 71407
99248 27265
88502 06201
94233 28770
88806 19053
42876 09109
47720 86514
37133 74300
53084 10501
07112 47146
30056 60413
51968 14502
95260 76395
66083 86514
65789 51281
10857 52260
80977 53221
74635 32786
43819 83854
90749 49780
66083 28672
66403 43819
94294 00387
04885 23511
80397 78416
28672 43822
30151 37133
23525 00387
05499 07433
83854 90476
53084 10501
09203 08805
47720 60781
83835 94500
60633 94204
61475 87693
79588 31801
62112 10823
89557 37279
64338 32862
24298 21266
63324 34412
08805 84028
32570 99067
40577 18338
47146 80093
59778 55362
78814 51968
37010 86514
49806 86514
99951 28408
10166 18338
93089 43819
83607 82722
06349 53461
30056 09203
78814 11852
98269 49572
62777 89730
67610 49806
04782 89313
99283 78720
67022 94500
09109 34657
65789 27296
99248 95175
89892 99283
90863 80447
47691 51943
40370 04885
64278 05499
59607 64571
12827 17874
12827 95353
46968 42876
00387 95777
47720 22478
60298 03473
57706 50843
47720 16645
83835 13620
50211 43778
51943 05269
50211 88729
04885 52859
41411 27539
64467 71989
15881 90476
12577 62746
38650 88729
54675 27296
29334 10687
15307 30100
86181 78416
41891 86126
35382 10197
44112 06222
47720 12365
71232 60413
58403 42876
97349 61562
47720 51944
09109 29334
34099 67335
83607 65155
03447 51072
15418 93089
97349 82722
69561 02877
97089 12827
52659 26410
40588 98293
59034 74635
80977 43723
65377 47146
19053 90749
48157 29089
32932 13187
11713 23794
06634 00152
07112 43500
40343 99951
19947 40391
38865 23511
73409 53712
75970 58474
60781 87010
04620 80397
58474 10501
69853 86181
66069 03302
78720 35382
67731 49195
40391 60633
44071 62777
66849 34657
61475 09705
18740 50821
68445 09203
22591 53712
71989 61821
07846 97040
41891 74300
54675 32786
71322 13401
99067 99067
69204 50821
53086 12902
60413 37965
06222 81516
52260 11718
37279 99248
16792 07433
53437 32570
99248 36580
11112 40447
80179 20203
24518 07846
25953 40577
92182 66069
88502 73141
11112 97555
70656 32570
78391 84196
34757 04620
84434 11256
31892 11718
04776 13620
96091 67610
71989 27265
65155 34775
78926 16600
10897 23794
99701 58983
23794 34657
86514 33815
74041 98006
86514 69853
62746 71349
53898 45064
69561 61475
08930 49739
69853 06229
60298 13187
09203 70403
04949 30151
74831 49195
67868 03447
37607 96491
32127 40364
78720 69512
61821 37010
19752 34142
37269 74041
10166 45064
84196 04946
53086 68793
94233 86514
68141 90707
88729 70543
46900 62777
18083 07433
13620 88814
93089 37279
15418 88729
66849 68881
63328 55362
66083 52592
50843 11852
69512 21366
52592 06875
47720 74635
05499 66083
43778 51281
36580 65422
34578 86514
16792 19752
05381 54063
28770 71407
69751 08184
51944 27296
22533 46075
51968 78829
33133 91792
69039 82931
01017 88806
69561 94743
07453 86514
53035 05102
50211 68238
78416 07453
33217 75970
15881 06222
89730 28770
80319 65377
46075 70656
98006 18740
16245 79718
99703 44112
06349 41851
72785 88729
93688 94204
26131 44112
26410 99067
12577 73794
52659 26131
53461 33133
81489 32321
53898 04885
89730 44751
60781 71322
53086 68752
59528 54891
97155 43795
85963 71322
53598 54891
10857 55137
00152 53080
78814 69039
81869 63324
72785 38650
97040 06875
26131 62784
63328 31892
44751 59528
83607 74300
41891 89313
78926 11887
51944 59034
52082 32932
81869 76395
65422 56153
95076 06634
99283 51943
27265 16641
82565 85439
46968 20894
21266 38865
37279 06875
64467 90863
12577 40447
67764 42876
03447 87010
69039 67335
69751 13401
51944 90863
67022 63328
10550 33815
26924 94495
95076 11256
87010 57555
76395 43723
27454 90802
23525 04949
09109 48157
14525 34578
32862 27296
47720 28770
06222 33067
57897 05598
04946 79588
01017 68793
04620 27539
70656 71407
40577 09109
68994 11887
97761 11112
56210 10897
68259 11659
89313 52260
86761 32932
04620 71322
99701 57706
94500 42876
84434 46968
75970 86126
68445 50843
90555 73794
65789 64467
66069 63328
51072 89892
33217 40072
37010 68259
95878 97155
86761 53086
90863 70202
55516 32786
71989 57903
09109 58310
32172 03473
77777 69072
99701 17097
47691 05598
41411 15418
87693 22066
72785 94233
46900 27539
18338 49724
78512 34757
97516 56129
85439 03447
69853 81262
34412 43723
19053 49904
47720 27704
83607 04885
28491 09203
56045 40364
68994 15881
08184 50211
05381 50211
33067 05499
53035 06880
64278 62777
35578 47908
37279 52592
38650 11659
82931 01017
95260 87980
29094 57897
26924 49195
11887 43822
79900 67764
80397 43819
40588 64278
68445 33217
32172 22591
08203 41851
05102 34142
92182 82722
07846 17461
74831 50175
10687 11852
94294 50821
95260 23794
79900 62112
87980 52082
61368 68881
58983 09109
33164 53221
55137 76395
52082 86126
82452 70656
68141 10287
28408 11256
10287 58983
55137 75970
84434 10897
39038 69512
75770 70403
32172 68793
10897 17097
51072 77777
32932 60298
57897 99248
41644 91862
11713 63324
61821 65342
32570 87010
05598 78752
10166 97349
37133 73409
66069 45271
89557 84470
50435 59778
09178 71989
37269 34657
65734 66849
06634 22591
51968 16245
56492 65155
07112 56153
66083 43795
63274 58983
04885 09705
43778 07433
53461 60781
76276 61562
49195 32127
76797 78416
57903 71477
38865 07436
83835 35578
99703 05102
05269 59528
49780 09109
65422 90863
06349 06349
33164 32999
10550 85439
33067 06201
18118 13620
31969 59400
78391 00387
76797 15418
37010 28672
33133 43778
40577 49227
03302 94294
65422 81262
57903 54063
09109 08276
74041 26924
25815 20942
34412 40577
87980 58983
65540 06875
08930 57706
50175 35578
04885 78829
89949 16245
16645 87010
55137 98006
53009 51516
32387 98293
34657 50821
90749 04949
34775 61475
97155 64571
53080 18118
22066 58897
83835 89949
73794 28408
32127 32127
84196 31969
27265 24518
78829 52260
06349 56129
50821 41118
27704 95878
04776 37607
58310 98006
65422 03447
16645 24518
09203 09109
40577 62542
99951 84196
78829 67731
95076 79900
28408 14137
80977 97349
69039 54085
24865 98763
16245 09203
40391 11887
58561 45064
37010 83854
57555 71477
12902 63324
66849 99012
11969 33752
38650 40588
84196 44737
49195 64155
28747 69561
46900 51281
76942 69561
03302 83171
83490 67868
80397 74635
10857 67764
37607 01017
03189 29089
32127 40343
80397 78720
58983 62746
66849 52859
77777 99283
59607 44112
03302 29089
53598 11659
92182 68141
91621 04949
09705 44737
65540 70136
10287 79588
04620 66403
55516 05269
04885 50435
70403 42876
07725 86126
34099 54721
23064 47908
11256 34412
86126 58474
95878 12827
43778 68238
71477 54675
86761 53080
78894 54085
67868 03447
58561 19053
10857 09203
95175 73141
51944 83490
46075 28770
59528 97040
50843 07436
93688 56153
68445 08930
59034 59034
73141 65789
70403 84028
12827 88502
51968 37133
13401 64278
49195 08276
92182 49724
15307 60781
94233 87010
38650 27265
53009 75970
66083 78416
57213 97713
17423 65342
41644 40343
75970 76942
57555 05598
90802 17461
03189 84403
10287 98006
47908 58474
25815 37010
04776 40072
08203 26131
43500 11758
69641 43778
32172 68752
78720 25815
65342 65540
28408 97349
64338 41851
52659 93089
32786 58287
32999 33217
78829 60081
18118 34559
69072 27704
87545 70656
80977 83835
42876 11256
30100 16645
26924 37133
95175 50211
10687 51968
69641 80397
85439 89557
86126 86761
40391 19947
70202 64467
26410 68296
48157 09109
24865 71232
58897 68141
71407 89892
49780 49724
03353 92124
32862 73141
80179 68881
33752 10287
69072 78720
06349 82452
06229 12827
11256 37607
06229 16792
28770 16641
71322 15307
14137 45271
29094 90863
99951 79900
34757 29094
58897 13620
73409 04885
19752 93089
63274 34559
08805 69039
91862 09203
94233 14525
14804 36580
97555 14502
90749 08930
13955 04949
20203 49227
60081 64155
69641 06201
74041 78814
35382 69072
62542 04776
78752 78926
64278 43108
03473 04776
96091 32321
41118 38865
86161 59528
03925 67868
51281 03447
18118 68752
82931 75053
67335 90749
70543 47691
58474 35578
43108 97516
09818 02877
11887 89892
43723 73794
08276 73839
69751 68296
54721 94495
98428 53084
53084 41891
58474 29860
18083 51944
53035 14399
95175 69641
88729 28770
65734 23794
64155 53712
90707 35578
61383 53712
49780 01017
40072 76449
08184 71322
06634 97349
06634 83171
96491 76276
70136 65540
11713 29334
80397 86181
52082 30056
18118 16245
50175 33164
33133 51281
58897 94294
78894 82722
82565 66403
17097 76449
42244 11659
40072 79900
50843 99012
60633 95353
14525 57555
07453 80447
19202 94233
03447 53598
46900 04620
76276 03473
86761 67731
05598 59513
14804 67868
40370 28491
95777 31801
06201 62777
16645 81516
47720 59607
90476 12365
74831 71232
11758 97155
05598 34142
81489 06875
10897 06634
76395 50435
27704 80447
90749 69204
40343 62746
07112 95175
57903 68296
37607 37133
71413 52592
90476 35382
42244 70543
56492 32932
80093 87010
42876 37166
31892 68881
09109 91621
58474 73409
07433 97516
81262 72785
99701 88806
16792 44751
69039 69204
95353 51944
87545 99605
10197 03925
78814 58310
14525 71989
27454 80397
43819 26410
62777 33133
95353 68259
79588 67022
34412 91862
38650 14804
31801 49058
42876 71349
23794 87980
36580 41411
95260 75770
53712 65734
84028 09203
53898 41644
10823 18740
43108 41411
34578 27539
70543 99703
83171 31969
97089 65422
85162 64278
63274 94743
82452 62777
95076 80977
07725 84028
50843 18740
63328 79588
14137 84434
78752 25109
70136 47691
86161 80093
77235 95777
84196 81869
05102 44112
40447 52859
96091 53461
63324 95260
61368 82722
24298 11718
50767 26924
66849 58474
78752 43822
86161 89892
89730 32570
25815 21366
52082 79718
06880 53461
03302 69204
71477 98269
78720 33815
59528 66678
05269 70202
73141 47691
12577 03302
89730 14525
89313 58474
94204 14525
28009 31801
25815 99283
86761 22591
65789 78752
51944 90802
88729 71407
74300 95076
46968 38865
71413 55516
03353 65734
90707 37133
03447 67610
89892 90802
11852 23794
60413 62112
23511 33926
19053 28491
97349 40364
33133 86514
58403 08805
69512 80447
04885 34657
07112 71322
76276 49195
22478 29094
29094 43500
03447 71322
16645 77777
06229 40391
90476 64571
61562 42876
78814 42876
78416 06222
89313 33752
29089 37965
46900 68259
83607 55137
06880 51281
97555 41891
28408 30151
89730 66083
53461 80319
77777 05102
69512 32570
23064 40447
06875 06201
40577 32127
98304 26131
19202 80397
53461 04620
99605 81516
40391 70656
37166 90707
11256 61383
05269 57897
79900 32172
11758 46075
66678 69751
52859 34657
07846 19202
59034 32321
87010 57213
98304 85439
66083 13401
11112 55137
28442 37607
82452 43778
54085 73839
30056 49058
84196 14137
29860 31969
06201 35382
76449 58983
14525 37279
38650 03925
77235 73839
24518 98592
10501 28408
49806 61821
69751 06880
89892 12451
69512 16792
85963 68259
05381 05499
34578 14399
13620 86126
91621 33926
51516 68881
83607 16245
32321 59528
51968 58403
80397 57903
21266 89949
86126 03189
66678 71322
99012 10287
15881 27704
78416 90863
58897 11718
41891 65155
40343 75970
88806 55137
53080 18740
45271 00152
11969 25953
44751 73141
76797 70202
89949 23525
07725 62542
78512 46900
44112 75415
06875 16645
13401 71322
85963 32321
32999 40072
99283 05381
80093 16645
53712 37166
71322 10197
45064 13955
08276 50435
83490 90802
03302 44737
97155 93688
98006 55137
07453 43819
88729 06229
54891 15307
42876 31969
09178 54063
56153 33067
78391 68793
10897 29860
10501 10823
43795 06201
05102 12365
46075 19752
75053 32172
59528 80447
70543 06201
13955 29089
81262 37279
13187 34412
78512 82565
68296 12451
83607 30056
98293 51281
22533 07453
47146 95878
39038 99283
98269 05499
72785 97516
07433 03447
76797 25109
04946 29860
64571 54675
34099 87693
57555 38650
66678 03935
12365 47146
82931 68793
49806 97155
41891 69514
34099 91621
34099 03353
49572 05269
28009 08805
06880 57903
51281 15418
79900 49780
36580 67868
01017 34559
44794 04885
06349 78720
35382 11887
06880 66678
31801 98763
42244 65540
44794 28491
50435 99701
68259 90476
99248 06201
24518 16645
90863 36580
05598 16600
77235 95777
05102 82565
93919 99951
43778 15881
00152 02877
64467 97155
33067 16792
37166 84434
52859 53086
33752 56210
15881 30100
91621 74041
44112 67868
06349 83854
58287 52592
97713 19752
25815 43819
05499 57213
71989 71989
15307 99605
08276 13620
22533 86161
70656 90802
58983 94743
53080 23794
46968 48157
34578 98592
10166 79900
17423 69751
99283 70656
21266 53221
92182 67731
65155 71349
07436 28408
71349 84196
94294 79718
40577 59778
23064 12577
07453 29094
64155 70403
54891 87010
49806 53598
98304 49806
94743 11713
65540 46900
20203 40072
09178 32387
27454 88502
12451 64467
76276 90707
03935 51281
03302 71232
68296 57903
31801 28747
16641 22533
23511 84403
25953 09818
18338 73794
94294 32999
66403 68296
05499 12365
30151 13955
94500 28009
59513 14804
15418 32387
37279 68994
06880 85162
12365 12451
84196 69039
90802 12451
27265 16792
57555 06349
43500 11887
63324 34657
75415 68238
69039 34099
88806 75770
32127 04782
82565 12365
81516 57897
82565 80319
05102 32387
09705 07725
12365 37010
06201 28770
94294 73839
58983 23794
99283 26131
96091 08203
99605 94204
33217 55362
16792 98304
53898 55137
34559 97761
16245 40370
73794 90707
17874 53461
84434 73794
90707 31969
69072 09178
11887 32786
17097 92124
04782 45271
18740 18118
53461 78926
67362 59607
96491 43723
65155 46968
54675 39038
10287 83171
41644 22591
54063 69853
25815 36580
05748 63274
05748 09818
95878 06875
40577 02877
37010 35382
34559 58983
97761 61475
24518 81489
88814 68881
24518 52659
95353 24518
78720 46900
09705 84403
09818 35578
27454 97040
98304 22478
80319 29094
11852 23064
03935 65342
34757 90802
34775 06634
27296 51281
03925 71413
11659 15881
80397 64338
54063 49806
11713 86761
79718 67335
62784 95175
85963 89892
53598 16600
46968 52859
82931 94294
73409 74411
50843 40364
32570 44071
67731 89949
34099 49739
90707 02877
87010 17874
34578 97155
04949 49227
50211 91792
15418 71989
32321 70543
16245 49780
14502 09203
09109 68793
26410 80447
70403 76449
34578 71413
58310 94495
56045 45064
95076 34657
69751 40391
37166 05748
03302 63328
49780 44794
79718 40364
87010 03925
05598 46900
53035 88502
58403 98763
44751 68994
12577 14502
34775 10687
18338 60413
71407 86514
97089 89730
60633 12365
76942 33752
34099 57706
17461 69641
80319 39038
65155 33926
40072 51516
25109 32570
94204 64571
71477 43778
29089 23064
34412 33217
86126 08276
66083 64278
84196 37607
43819 65377
65734 11969
58897 67022
38650 71413
12365 44112
09818 19053
91862 23794
90749 45271
44751 83490
60081 90707
67764 28491
28747 91621
70136 09178
69072 26131
08203 51072
63274 49195
10823 53086
32786 12365
66403 28672
37607 53084
12451 11887
30100 89892
32127 03473
07846 65422
63328 98006
00152 14137
82722 63328
67868 24518
79588 28442
87010 56129
68994 87545
45271 99701
98304 56129
60781 19947
97713 72785
10550 80447
80397 98293
82931 45064
71413 27704
49724 43723
73839 87980
79588 23511
08276 83835
63328 99951
49058 77235
48157 11969
43723 66849
83490 06349
95777 99951
10287 57706
85439 36580
68881 81869
09818 31801
18118 74300
49227 58310
12902 78814
98293 54891
54085 21266
68994 95353
22478 32786
34412 53221
90749 41891
16096 77235
40577 60298
33926 49195
55137 65155
51968 38865
24865 40447
54721 28747
46968 53009
71413 85439
65734 09109
23511 20203
30056 24298
33133 12365
44794 68141
80447 06229
34099 68445
76276 99012
08203 80093
94500 04782
46968 59778
98763 14502
33067 43819
95076 33164
06875 32862
89557 49806
98269 27539
80447 21366
40072 13955
99605 51943
01017 10501
64467 32570
10166 94500
97555 40447
17874 70543
10550 05598
69561 31892
17461 67868
41891 63324
10287 91621
97040 16645
93688 44071
33164 76276
78752 47146
67362 66083
72785 88729
08203 72785
51943 54891
06222 03447
56210 86240
71407 46075
29860 69514
04949 34775
24865 04776
28442 88814
32387 95353
65540 89892
89557 37279
74300 41118
92124 82722
97349 90707
48157 40343
06875 32387
74300 69561
83607 49227
62746 31969
20942 07846
20942 27296
87010 82452
75415 90802
91621 74411
29860 67731
08203 32862
97761 63274
43108 58287
39038 69853
43819 27296
16245 90555
34578 95878
95175 40391
60298 68793
86514 17874
10897 40364
88814 74041
18118 49058
78416 52659
00152 47908
51516 18740
53437 58287
53461 07846
74041 18740
79900 89949
49058 40343
66083 93688
32570 07433
60298 98006
50767 25953
68259 57555
80093 78416
88502 14804
99067 24518
09178 59034
37166 60081
37965 23794
77235 91621
53598 17874
69751 03935
26410 44112
18338 11256
69072 32387
98304 03935
82931 30056
32172 53009
50211 62784
71232 78829
12451 97713
11112 33217
12365 98592
31969 62746
32862 27265
84028 53221
03302 80977
45271 29334
Queries
17874 13401
63324 41118
78926 66403
71322 11713
03189 46968
99248 67362
32321 95260
81262 94500
78752 59034
47691 49739
69512 06880
66403 67764
89730 26354
52260 09109
06349 58310
10897 52260
87010 96491
89949 05102
84470 80977
67868 66403
86126 29334
98592 12365
49904 37133
51944 04620
35578 67362
85439 62777
94500 04946
28747 03302
32570 37279
68752 37166
69512 01017
62777 73409
86761 57706
07433 58561
45271 10197
68141 49904
28408 54085
83490 68752
52859 49739
71232 54063
11852 24518
05499 05102
10897 02877
73409 66403
69072 52592
57706 05499
34099 12451
80319 95353
37965 58983
06349 97761
45064 53009
68881 63324
58561 52659
29089 85439
65789 66678
75970 39038
88729 58897
47720 40391
28770 06634
67868 56045
10550 53461
37166 06229
07436 03189
53009 70202
97761 77777
54063 57706
09109 75770
25953 30056
43500 40588
82722 67731
15881 53221
65734 54675
04949 71407
53080 89949
28770 52659
31801 68793
78829 45064
89730 65789
64571 37010
53080 51281
28491 06880
88814 84403
52260 18118
20203 94500
82565 09178
44794 10501
30100 05499
58897 23064
44751 27265
51281 24518
23525 93919
77235 37010
40391 60298
57706 09203
10166 14525
37166 69641
43723 44794
54085 57903
18083 65734
83171 12365
81262 06222
97089 23064
Thinking
start 09109 src 09109
09109 42876 src 09109
09109 34657 src 09109
09109 29334 src 09109
09109 48157 src 09109
09109 40577 src 09109
09109 58310 src 09109
09109 58983 src 09109
09109 49780 src 09109
09109 08276 src 09109
09109 09203 src 09109
09109 91621 src 09109
09109 68793 src 09109
09109 65734 src 09109
42876 46968 src 09109
42876 58403 src 09109
42876 67764 src 09109
42876 94500 src 09109
42876 70403 src 09109
42876 11256 src 09109
42876 37166 src 09109
42876 71349 src 09109
42876 61562 src 09109
42876 78814 src 09109
42876 31969 src 09109
34657 22066 src 09109
34657 66849 src 09109
34657 23794 src 09109
34657 37269 src 09109
34657 50821 src 09109
34657 04885 src 09109
34657 52859 src 09109
34657 63324 src 09109
34657 95076 src 09109
29334 10687 src 09109
29334 11713 src 09109
29334 45271 src 09109
48157 29089 src 09109
48157 11969 src 09109
48157 40343 src 09109
40577 18338 src 09109
40577 25953 src 09109
40577 49227 src 09109
40577 34412 src 09109
40577 62542 src 09109
40577 32127 src 09109
40577 59778 src 09109
40577 02877 src 09109
40577 60298 src 09109
58310 98006 src 09109
58310 94495 src 09109
58983 76276 src 09109
58983 99701 src 09109
58983 10287 src 09109
58983 63274 src 09109
58983 87980 src 09109
58983 62746 src 09109
58983 76449 src 09109
58983 94743 src 09109
58983 34559 src 09109
49780 90749 src 09109
49780 49724 src 09109
49780 01017 src 09109
49780 79900 src 09109
49780 16245 src 09109
49780 44794 src 09109
08276 49195 src 09109
08276 73839 src 09109
08276 50435 src 09109
08276 13620 src 09109
08276 86126 src 09109
08276 83835 src 09109
09203 08805 src 09109
09203 30056 src 09109
09203 68445 src 09109
09203 28491 src 09109
09203 10857 src 09109
09203 91862 src 09109
09203 84028 src 09109
09203 14502 src 09109
91621 04949 src 09109
91621 33926 src 09109
91621 34099 src 09109
91621 74041 src 09109
91621 28747 src 09109
91621 74411 src 09109
91621 77235 src 09109
68793 53086 src 09109
68793 32172 src 09109
68793 78391 src 09109
68793 82931 src 09109
65734 53712 src 09109
65734 03353 src 09109
46968 20894 src 09109
46968 84434 src 09109
46968 38865 src 09109
46968 65155 src 09109
46968 53009 src 09109
58403 24865 src 09109
58403 51968 src 09109
58403 98763 src 09109
67764 40364 src 09109
94500 67022 src 09109
94500 28009 src 09109
94500 04782 src 09109
94500 10166 src 09109
70403 75770 src 09109
70403 64155 src 09109
11256 75053 src 09109
11256 28408 src 09109
11256 37607 src 09109
11256 61383 src 09109
37166 90707 src 09109
37166 05748 src 09109
37166 60081 src 09109
71349 84196 src 09109
61562 97349 src 09109
78814 33752 src 09109
78814 95260 src 09109
78814 11852 src 09109
78814 69039 src 09109
78814 12902 src 09109
31969 68141 src 09109
31969 59400 src 09109
31969 83171 src 09109
31969 29860 src 09109
22066 87693 src 09109
22066 58897 src 09109
66849 68881 src 09109
66849 99012 src 09109
66849 58474 src 09109
66849 43723 src 09109
23794 10897 src 09109
23794 53080 src 09109
23794 37965 src 09109
50821 18740 src 09109
50821 69204 src 09109
50821 94294 src 09109
50821 41118 src 09109
04885 23511 src 09109
04885 40370 src 09109
04885 53898 src 09109
04885 83607 src 09109
04885 09705 src 09109
04885 78829 src 09109
04885 73409 src 09109
52859 40447 src 09109
63324 05515 src 09109
63324 81869 src 09109
63324 41891 src 09109
95076 06634 src 09109
95076 80977 src 09109
95076 74300 src 09109
95076 33164 src 09109
10687 03189 src 09109
10687 34775 src 09109
11713 86761 src 09109
45271 66069 src 09109
45271 14137 src 09109
45271 00152 src 09109
29089 03302 src 09109
29089 13955 src 09109
29089 23064 src 09109
40343 99951 src 09109
40343 41644 src 09109
40343 75970 src 09109
40343 49058 src 09109
18338 73794 src 09109
18338 60413 src 09109
25953 09818 src 09109
25953 50767 src 09109
49227 20203 src 09109
34412 12577 src 09109
34412 13187 src 09109
34412 33217 src 09109
34412 53221 src 09109
62542 04776 src 09109
62542 07725 src 09109
32127 03473 src 09109
59778 55362 src 09109
02877 69561 src 09109
60298 32932 src 09109
98006 24298 src 09109
98006 55137 src 09109
98006 63328 src 09109
94495 26924 src 09109
94495 54721 src 09109
76276 96491 src 09109
99701 67335 src 09109
99701 57706 src 09109
99701 17097 src 09109
99701 88806 src 09109
10287 79588 src 09109
63274 52260 src 09109
63274 97761 src 09109
87980 52082 src 09109
76449 40072 src 09109
34559 18118 src 09109
90749 19053 src 09109
90749 08930 src 09109
49724 92182 src 09109
01017 10501 src 09109
79900 62112 src 09109
79900 89949 src 09109
16245 79718 src 09109
16245 90555 src 09109
49195 67731 src 09109
49195 74831 src 09109
73839 54085 src 09109
50435 76395 src 09109
13620 88814 src 09109
83835 35578 src 09109
68445 50843 src 09109
84028 26354 src 09109
14502 97555 src 09109
04949 30151 src 09109
04949 23525 src 09109
34099 49739 src 09109
28747 76942 src 09109
28747 31801 src 09109
74411 16096 src 09109
77235 95777 src 09109
53086 68752 src 09109
53086 10823 src 09109
32172 22591 src 09109
78391 00387 src 09109
82931 45064 src 09109
03353 92124 src 09109
38865 21266 src 09109
38865 07436 src 09109
65155 56492 src 09109
53009 51516 src 09109
24865 71232 src 09109
51968 37133 src 09109
40364 56045 src 09109
04782 89313 src 09109
28408 58561 src 09109
37607 28442 src 09109
37607 53084 src 09109
84196 04946 src 09109
84196 44737 src 09109
97349 82722 src 09109
33752 98428 src 09109
33752 56210 src 09109
29860 69514 src 09109
87693 61475 src 09109
58897 11718 src 09109
68881 61368 src 09109
68881 80179 src 09109
68881 31892 src 09109
58474 47908 src 09109
94294 32999 src 09109
23511 84403 src 09109
40447 11112 src 09109
33164 50175 src 09109
99951 93919 src 09109
19053 49904 src 09109
54085 78894 src 09109
56210 86240 src 09109
start 67868 src 67868
67868 07453 src 67868
67868 03447 src 67868
67868 83490 src 67868
67868 03925 src 67868
67868 14804 src 67868
67868 36580 src 67868
67868 44112 src 67868
67868 24518 src 67868
67868 17461 src 67868
07453 86514 src 67868
07453 78416 src 67868
07453 80447 src 67868
07453 43819 src 67868
07453 22533 src 67868
07453 29094 src 67868
03447 69072 src 67868
03447 59528 src 67868
03447 19947 src 67868
03447 51072 src 67868
03447 87010 src 67868
03447 85439 src 67868
03447 65422 src 67868
03447 51281 src 67868
03447 53598 src 67868
03447 67610 src 67868
03447 71322 src 67868
03447 07433 src 67868
03447 06222 src 67868
83490 51944 src 67868
83490 90802 src 67868
83490 44751 src 67868
83490 06349 src 67868
03925 10197 src 67868
03925 38650 src 67868
03925 71413 src 67868
14804 49806 src 67868
14804 59513 src 67868
14804 88502 src 67868
36580 99248 src 67868
36580 41411 src 67868
36580 90863 src 67868
36580 25815 src 67868
44112 99703 src 67868
44112 26131 src 67868
44112 59607 src 67868
44112 05102 src 67868
44112 75415 src 67868
44112 12365 src 67868
44112 26410 src 67868
24518 07846 src 67868
24518 27265 src 67868
24518 16645 src 67868
24518 98592 src 67868
24518 81489 src 67868
24518 52659 src 67868
24518 95353 src 67868
24518 99067 src 67868
17461 69641 src 67868
86514 47720 src 67868
86514 66083 src 67868
86514 37010 src 67868
86514 33815 src 67868
86514 69853 src 67868
86514 94233 src 67868
86514 34578 src 67868
86514 33133 src 67868
86514 71407 src 67868
86514 17874 src 67868
78416 80397 src 67868
78416 86181 src 67868
78416 76797 src 67868
78416 80093 src 67868
80447 27704 src 67868
80447 69512 src 67868
80447 10550 src 67868
80447 06229 src 67868
80447 21366 src 67868
43819 95878 src 67868
43819 83854 src 67868
43819 66403 src 67868
43819 93089 src 67868
43819 65377 src 67868
43819 33067 src 67868
43819 27296 src 67868
22533 40588 src 67868
22533 46075 src 67868
22533 86161 src 67868
22533 16641 src 67868
29094 57897 src 67868
29094 34757 src 67868
29094 22478 src 67868
29094 43500 src 67868
29094 80319 src 67868
69072 77777 src 67868
69072 78720 src 67868
69072 35382 src 67868
69072 09178 src 67868
69072 32387 src 67868
59528 54891 src 67868
59528 05269 src 67868
59528 97040 src 67868
59528 66678 src 67868
59528 32321 src 67868
19947 40391 src 67868
19947 60781 src 67868
51072 89892 src 67868
51072 08203 src 67868
87010 57555 src 67868
87010 32570 src 67868
87010 57213 src 67868
87010 56129 src 67868
87010 82452 src 67868
85439 89557 src 67868
85439 82565 src 67868
85439 98304 src 67868
65422 56153 src 67868
65422 81262 src 67868
65422 97089 src 67868
51281 03935 src 67868
51281 65789 src 67868
51281 43778 src 67868
51281 46900 src 67868
51281 06880 src 67868
51281 98293 src 67868
51281 15418 src 67868
53598 99605 src 67868
53598 11659 src 67868
53598 16600 src 67868
67610 96091 src 67868
71322 13401 src 67868
71322 85963 src 67868
71322 04620 src 67868
71322 15307 src 67868
71322 08184 src 67868
71322 07112 src 67868
07433 05499 src 67868
07433 16792 src 67868
07433 18083 src 67868
07433 97516 src 67868
06222 81516 src 67868
06222 15881 src 67868
51944 64338 src 67868
51944 59034 src 67868
90802 27454 src 67868
90802 70656 src 67868
90802 12451 src 67868
44751 89730 src 67868
44751 73141 src 67868
44751 68994 src 67868
06349 53461 src 67868
06349 41851 src 67868
38650 88729 src 67868
38650 72785 src 67868
71413 52592 src 67868
71413 55516 src 67868
49806 61821 src 67868
49806 97155 src 67868
49806 54063 src 67868
59513 05598 src 67868
88502 06201 src 67868
88502 12827 src 67868
88502 53035 src 67868
99248 95175 src 67868
99248 37279 src 67868
41411 27539 src 67868
41411 43108 src 67868
90863 64467 src 67868
90863 70202 src 67868
25815 20942 src 67868
25815 99283 src 67868
99703 70543 src 67868
26131 62784 src 67868
59607 64571 src 67868
59607 67362 src 67868
05102 34142 src 67868
75415 68238 src 67868
12365 90476 src 67868
12365 47146 src 67868
12365 60633 src 67868
12365 32786 src 67868
26410 68296 src 67868
07846 19202 src 67868
27265 71989 src 67868
27265 32862 src 67868
16645 30100 src 67868
16645 06875 src 67868
95353 68259 src 67868
47720 74635 src 67868
47720 28770 src 67868
66083 28672 src 67868
66083 43795 src 67868
66083 64278 src 67868
66083 93688 src 67868
69853 39038 src 67868
94233 14525 src 67868
34578 14399 src 67868
33133 91792 src 67868
33133 62777 src 67868
80397 57903 src 67868
76797 25109 src 67868
21366 70136 src 67868
93089 19752 src 67868
27296 54675 src 67868
46075 11758 src 67868
86161 85162 src 67868
34757 78512 src 67868
43500 11887 src 67868
54891 51943 src 67868
05269 49572 src 67868
66678 69751 src 67868
60781 44071 src 67868
89892 65540 src 67868
57555 71477 src 67868
32570 53437 src 67868
57213 97713 src 67868
89557 84470 src 67868
03935 65342 src 67868
65789 78752 src 67868
43778 50211 src 67868
99605 87545 src 67868
99605 94204 src 67868
11659 42244 src 67868
16600 78926 src 67868
05499 05381 src 67868
05499 98269 src 67868
73141 47691 src 67868
52592 58287 src 67868
28672 43822 src 67868
69751 17423 src 67868
Output
17874 13401 yes
63324 41118 yes
78926 66403 yes
71322 11713 no
03189 46968 yes
99248 67362 yes
32321 95260 no
81262 94500 no
78752 59034 yes
47691 49739 no
69512 06880 yes
66403 67764 no
89730 26354 no
52260 09109 yes
06349 58310 no
10897 52260 yes
87010 96491 no
89949 05102 no
84470 80977 no
67868 66403 yes
86126 29334 yes
98592 12365 yes
49904 37133 yes
51944 04620 yes
35578 67362 no
85439 62777 yes
94500 04946 yes
28747 03302 yes
32570 37279 yes
68752 37166 yes
69512 01017 no
62777 73409 no
86761 57706 yes
07433 58561 no
45271 10197 no
68141 49904 yes
28408 54085 yes
83490 68752 no
52859 49739 yes
71232 54063 no
11852 24518 no
05499 05102 yes
10897 02877 yes
73409 66403 no
69072 52592 yes
57706 05499 no
34099 12451 no
80319 95353 yes
37965 58983 yes
06349 97761 no
45064 53009 yes
68881 63324 yes
58561 52659 no
29089 85439 no
65789 66678 yes
75970 39038 no
88729 58897 no
47720 40391 yes
28770 06634 no
67868 56045 no
10550 53461 yes
37166 06229 no
07436 03189 yes
53009 70202 no
97761 77777 no
54063 57706 no
09109 75770 yes
25953 30056 yes
43500 40588 yes
82722 67731 yes
15881 53221 no
65734 54675 no
04949 71407 no
53080 89949 yes
28770 52659 yes
31801 68793 yes
78829 45064 yes
89730 65789 yes
64571 37010 yes
53080 51281 no
28491 06880 no
88814 84403 yes
52260 18118 yes
20203 94500 yes
82565 09178 yes
44794 10501 yes
30100 05499 yes
58897 23064 yes
44751 27265 yes
51281 24518 yes
23525 93919 yes
77235 37010 no
40391 60298 no
57706 09203 yes
10166 14525 no
37166 69641 no
43723 44794 yes
54085 57903 no
18083 65734 no
83171 12365 no
81262 06222 yes
97089 23064 no
End
