Graph
9287 1651
1381 2870
9287 0887
5427 6622
9287 2736
0565 9969
5859 9969
2904 2904
3677 5427
1381 2870
1021 6622
1544 1544
1337 2904
8528 5437
1544 1651
1021 1677
3972 5427
5437 0887
9061 1381
2870 2870
0565 2736
4737 3776
3776 2236
0565 9969
1581 5427
1677 2236
5384 5427
5427 4133
1544 5589
0424 5589
8357 9686
5427 5384
9287 0887
1381 2768
2981 3776
1121 0424
5437 2736
5427 4133
1121 5859
5645 9287
1337 9686
3438 5384
3677 2236
5589 2769
2981 3438
1544 9585
0565 5589
0887 0565
1121 0887
1677 5384
5645 5589
8528 8278
2904 6622
9061 8357
2236 2870
0424 5859
5859 0887
8278 0565
5589 8278
2981 6157
1581 8357
2769 2769
4737 9722
9686 1021
1544 8528
6863 1381
0887 2736
1381 3826
9287 1544
1021 2236
4408 8137
4133 4408
8357 1677
5645 1544
6157 1381
2736 5645
2981 8137
2981 9686
6157 1677
2870 1021
0887 0565
0887 8278
8137 9722
4408 3826
4737 9686
1337 9722
1544 5437
8137 5384
1544 0424
8278 0887
4737 1581
1581 1677
4408 8357
1651 1651
8528 9585
5645 5645
6622 8106
5384 3826
5859 8278
1544 0565
3826 8106
9287 8278
1021 2236
6157 1021
1544 8278
5384 1581
1581 6863
6863 9722
1021 3972
8357 9722
2904 9722
1544 5589
8278 2707
1337 6622
9061 6863
8106 1677
5427 1581
1021 3776
5589 8278
Queries
1581 0565
6622 4408
3972 2870
5589 5859
8278 2736
5645 5589
6622 2769
8137 5427
6622 4133
2769 4408
1121 1021
1544 2768
9585 8528
9287 5645
5427 5645
8528 9722
2768 8278
8137 2769
8528 5645
2707 4737
9287 9287
0424 4133
1337 4408
6157 3677
5589 8528
5589 9686
4737 8278
1581 5859
3972 9969
5589 8106
8528 3438
3438 4133
4737 2236
9722 8357
4737 3776
5437 1677
1544 9585
4133 8106
1121 3972
9287 0887
1381 9585
2736 1121
9585 9287
3826 2981
1337 8278
2904 6863
3677 6622
2236 6863
3776 8357
2981 6157
1337 9287
2236 9969
5589 6863
0887 6157
2769 9287
2769 0565
6622 6622
2769 2768
4408 1337
1544 9585
6157 5589
0565 8106
8357 3776
2736 2707
3677 9585
1651 3677
1581 0887
3972 9061
1651 5384
4408 4133
8278 8528
0565 2768
2736 9287
4133 6157
2236 3826
5437 2736
0424 9686
0887 1121
6863 5589
1121 5437
1121 2707
2707 1121
8278 1121
5589 4737
4133 5437
6863 5437
8357 5589
6622 1651
1121 1677
9686 1581
1121 0565
1121 0565
3677 8106
3776 9585
4737 5859
9686 1021
Thinking
start 3826 src 3826
3826 1381 src 3826
3826 4408 src 3826
3826 5384 src 3826
3826 8106 src 3826
1381 2870 src 3826
1381 9061 src 3826
1381 2768 src 3826
1381 6863 src 3826
1381 6157 src 3826
4408 8137 src 3826
4408 4133 src 3826
4408 8357 src 3826
5384 5427 src 3826
5384 3438 src 3826
5384 1677 src 3826
5384 1581 src 3826
8106 6622 src 3826
2870 2236 src 3826
2870 1021 src 3826
6863 9722 src 3826
6157 2981 src 3826
8357 9686 src 3826
5427 3677 src 3826
5427 3972 src 3826
1581 4737 src 3826
6622 2904 src 3826
6622 1337 src 3826
2236 3776 src 3826
start 0565 src 0565
0565 9969 src 0565
0565 2736 src 0565
0565 5589 src 0565
0565 0887 src 0565
0565 8278 src 0565
0565 1544 src 0565
9969 5859 src 0565
2736 9287 src 0565
2736 5437 src 0565
2736 5645 src 0565
5589 0424 src 0565
5589 2769 src 0565
0887 1121 src 0565
8278 8528 src 0565
8278 2707 src 0565
1544 1651 src 0565
1544 9585 src 0565
Output
1581 0565 no
6622 4408 yes
3972 2870 yes
5589 5859 yes
8278 2736 yes
5645 5589 yes
6622 2769 no
8137 5427 yes
6622 4133 yes
2769 4408 no
1121 1021 no
1544 2768 no
9585 8528 yes
9287 5645 yes
5427 5645 no
8528 9722 no
2768 8278 no
8137 2769 no
8528 5645 yes
2707 4737 no
9287 9287 yes
0424 4133 no
1337 4408 yes
6157 3677 yes
5589 8528 yes
5589 9686 no
4737 8278 no
1581 5859 no
3972 9969 no
5589 8106 no
8528 3438 no
3438 4133 yes
4737 2236 yes
9722 8357 yes
4737 3776 yes
5437 1677 no
1544 9585 yes
4133 8106 yes
1121 3972 no
9287 0887 yes
1381 9585 no
2736 1121 yes
9585 9287 yes
3826 2981 yes
1337 8278 no
2904 6863 yes
3677 6622 yes
2236 6863 yes
3776 8357 yes
2981 6157 yes
1337 9287 no
2236 9969 no
5589 6863 no
0887 6157 no
2769 9287 yes
2769 0565 yes
6622 6622 yes
2769 2768 no
4408 1337 yes
1544 9585 yes
6157 5589 no
0565 8106 no
8357 3776 yes
2736 2707 yes
3677 9585 no
1651 3677 no
1581 0887 no
3972 9061 yes
1651 5384 no
4408 4133 yes
8278 8528 yes
0565 2768 no
2736 9287 yes
4133 6157 yes
2236 3826 yes
5437 2736 yes
0424 9686 no
0887 1121 yes
6863 5589 no
1121 5437 yes
1121 2707 yes
2707 1121 yes
8278 1121 yes
5589 4737 no
4133 5437 no
6863 5437 no
8357 5589 no
6622 1651 no
1121 1677 no
9686 1581 yes
1121 0565 yes
1121 0565 yes
3677 8106 yes
3776 9585 no
4737 5859 no
9686 1021 yes
End
