Graph
5836 8351
8491 9472
9167 1748
5354 8336
4022 3286
9207 3952
6012 8452
3739 8336
6694 8452
5493 4437
2863 5354
1993 4706
5396 6678
1222 9116
5836 3211
6292 7731
7537 1748
0400 6787
7205 3952
5836 4437
3211 9229
6676 3364
9221 9329
7205 8452
4688 9229
4706 5396
3739 1748
2663 8336
9221 9472
5354 8948
6292 7537
7619 9329
8351 4437
3364 4437
3286 9221
5396 6012
4437 0400
6292 8948
9472 4022
8452 9116
7205 6012
9329 9472
3211 9229
Queries
9221 7619
1748 6694
6676 8491
8351 8351
9229 3952
9167 5354
8336 9472
8948 8336
6292 6678
6694 3952
9229 3952
1222 3286
2863 8948
8336 1748
8491 3286
6292 9329
4437 5493
1993 9116
2663 8452
3952 3952
3211 0400
6787 6012
1748 8336
9472 9329
6676 6292
5354 6787
0400 3364
2663 2663
9167 3286
3211 7537
8336 4437
7731 5396
7731 1748
4688 5493
0400 4437
6787 5493
9116 9116
7205 5396
8491 9229
7731 5396
7619 5836
4022 9221
4706 8351
5493 7731
1993 1222
9221 3211
4706 0400
8452 9207
5396 9116
8336 8452
9472 8491
3952 9116
6787 9221
8336 1993
6676 3211
8452 4706
2863 3739
5493 4706
8336 7537
8351 2663
6292 7537
4022 6678
1993 9116
6787 7619
8491 9207
2863 6676
1748 9167
5493 4688
8351 3739
1993 3364
1993 4437
4706 9221
9167 5836
3211 8491
8351 4022
6292 8452
2663 5836
5836 9221
9221 8491
8452 7619
8336 5493
2663 7731
9207 3286
6292 9207
9329 9221
6694 8948
9116 7205
6676 3364
8491 6676
7619 9472
9167 8948
7619 8491
6676 8351
7731 2863
3739 9472
9221 3286
6676 3364
8336 1993
Thinking
start 2663 src 2663
2663 8336 src 2663
8336 5354 src 2663
8336 3739 src 2663
5354 2863 src 2663
5354 8948 src 2663
3739 1748 src 2663
8948 6292 src 2663
1748 9167 src 2663
1748 7537 src 2663
6292 7731 src 2663
start 4437 src 4437
4437 5493 src 4437
4437 5836 src 4437
4437 8351 src 4437
4437 3364 src 4437
4437 0400 src 4437
5836 3211 src 4437
3364 6676 src 4437
0400 6787 src 4437
3211 9229 src 4437
9229 4688 src 4437
start 7205 src 7205
7205 3952 src 7205
7205 8452 src 7205
7205 6012 src 7205
3952 9207 src 7205
8452 6694 src 7205
8452 9116 src 7205
6012 5396 src 7205
9116 1222 src 7205
5396 6678 src 7205
5396 4706 src 7205
4706 1993 src 7205
start 9472 src 9472
9472 8491 src 9472
9472 9221 src 9472
9472 4022 src 9472
9472 9329 src 9472
9221 3286 src 9472
9329 7619 src 9472
Output
9221 7619 yes
1748 6694 no
6676 8491 no
8351 8351 yes
9229 3952 no
9167 5354 yes
8336 9472 no
8948 8336 yes
6292 6678 no
6694 3952 yes
9229 3952 no
1222 3286 no
2863 8948 yes
8336 1748 yes
8491 3286 yes
6292 9329 no
4437 5493 yes
1993 9116 yes
2663 8452 no
3952 3952 yes
3211 0400 yes
6787 6012 no
1748 8336 yes
9472 9329 yes
6676 6292 no
5354 6787 no
0400 3364 yes
2663 2663 yes
9167 3286 no
3211 7537 no
8336 4437 no
7731 5396 no
7731 1748 yes
4688 5493 yes
0400 4437 yes
6787 5493 yes
9116 9116 yes
7205 5396 yes
8491 9229 no
7731 5396 no
7619 5836 no
4022 9221 yes
4706 8351 no
5493 7731 no
1993 1222 yes
9221 3211 no
4706 0400 no
8452 9207 yes
5396 9116 yes
8336 8452 no
9472 8491 yes
3952 9116 yes
6787 9221 no
8336 1993 no
6676 3211 yes
8452 4706 yes
2863 3739 yes
5493 4706 no
8336 7537 yes
8351 2663 no
6292 7537 yes
4022 6678 no
1993 9116 yes
6787 7619 no
8491 9207 no
2863 6676 no
1748 9167 yes
5493 4688 yes
8351 3739 no
1993 3364 no
1993 4437 no
4706 9221 no
9167 5836 no
3211 8491 no
8351 4022 no
6292 8452 no
2663 5836 no
5836 9221 no
9221 8491 yes
8452 7619 no
8336 5493 no
2663 7731 yes
9207 3286 no
6292 9207 no
9329 9221 yes
6694 8948 no
9116 7205 yes
6676 3364 yes
8491 6676 no
7619 9472 yes
9167 8948 yes
7619 8491 yes
6676 8351 yes
7731 2863 yes
3739 9472 no
9221 3286 yes
6676 3364 yes
8336 1993 no
End
