Graph
56527 84988
43901 06144
06786 23603
30602 04820
03019 93870
35340 28102
47183 54278
33720 82038
36904 29465
17969 79225
42517 77963
25369 03721
83603 39000
30579 77963
81288 20427
21844 18120
36914 50027
01977 99295
01473 12267
52054 18953
57857 02003
42067 42517
35272 22527
70977 18953
06144 87378
81713 97850
84988 85706
27533 35272
42517 70977
90203 53343
09445 83603
71150 36914
32203 27943
18120 85756
71284 70526
21438 53343
85557 26967
06144 90374
31948 66049
80947 04820
06065 06065
30881 55322
17969 83939
17969 94634
22527 20805
42067 42897
78208 54278
85557 13174
32203 81713
59569 72172
36914 03721
30881 18422
85320 47183
15843 35289
90203 25276
87264 54947
26255 93934
84551 30635
08026 94634
03308 12267
44042 11369
25276 17969
43699 27533
99942 18953
27864 81713
53645 84988
06144 23603
10670 30579
93934 27533
09042 81288
71284 42067
96452 41630
28102 09042
59569 57857
87655 80060
42517 20442
18953 70977
88940 90203
79157 75975
13855 23603
87378 01977
36614 66163
15843 11369
04820 10262
32080 85756
06668 55322
62787 02003
07747 18120
15843 96452
71150 52990
03853 55876
71284 79157
50027 95832
38136 78059
01551 43403
80172 09445
06668 30881
39000 60389
22297 03853
20805 33720
27280 11369
58901 12267
71284 91261
38136 38136
58901 20442
35272 22527
38136 13174
03019 87264
80922 27280
58901 30579
01551 53343
87378 26255
87655 71150
71849 35289
06786 90797
55876 58761
65190 20427
57857 83285
49658 87062
66453 25276
89894 32080
30881 39627
77024 87655
47231 65190
07928 21438
02003 19737
31948 53645
84988 15746
03108 03308
90269 55387
26967 65029
50372 36904
01551 50372
22527 06786
32204 58901
31868 43403
58265 13174
52990 77024
75007 90374
06144 95832
16360 96452
80172 30635
63320 03721
09445 35289
23603 20805
26556 90269
98803 69291
02565 88940
94855 16360
99942 32204
03853 03853
99942 26967
18120 33243
55103 27280
35272 99411
87378 43699
85706 07731
35626 17969
77963 75975
77024 06144
02363 01473
03308 38136
13855 03721
80922 20427
75387 18120
79225 94634
44774 99411
07731 83285
55322 97850
49437 27533
02003 21844
83531 80060
85885 43699
95746 06065
58761 03853
12267 46309
10736 21844
65190 27280
26556 16360
85557 71284
65029 77963
70907 65806
90650 02565
03108 30579
35626 76682
78208 26556
79225 21438
87378 35272
93870 95377
74532 30881
06144 20805
83285 89894
09445 81288
01551 07928
44774 06786
60389 03853
80172 20427
29465 69291
10262 84988
54947 74532
22297 47231
88940 03019
49437 89406
32204 30579
65029 71284
65190 15843
22527 50027
28102 90269
97850 21438
90797 23603
82038 36914
10670 22504
83531 87655
10670 71284
99942 20442
53343 54947
71284 99942
55322 90650
35289 41630
21438 83939
70977 58265
90797 43901
63028 09042
83939 81905
59569 04820
09445 09042
03721 85885
90203 01551
67087 07747
27280 44042
10262 59569
21710 85557
90797 99295
27280 35289
58761 84551
44042 22297
39000 09042
81905 02565
47231 35340
35289 84551
84988 30602
83939 76682
90203 29455
52054 42897
56527 18120
63028 55387
53645 19737
30635 80172
90374 83531
18120 53645
01473 13174
30602 99486
82038 87655
79157 75975
52054 58901
07747 53645
13855 36914
81905 36316
17969 17969
89406 43901
43623 99295
55322 93870
72172 19737
15746 31948
76682 29455
77963 26967
11369 85320
30635 71849
77024 95832
36316 50372
96452 88219
28243 78059
02363 79157
42067 99942
41630 35340
30579 58265
52990 90374
06786 71150
85557 78059
29455 03019
89877 70907
41630 35289
84988 33243
11369 83603
39627 29465
74532 95377
59569 02003
49658 81713
02363 71284
44042 84551
58761 20427
26556 47231
76682 29455
70907 87378
15843 16360
58901 42517
27533 63320
10670 30579
54278 60389
55103 47183
27943 03019
97850 87062
25369 43623
36614 66049
03019 43403
55322 30881
16360 20427
21710 02363
13174 77963
87062 50372
47231 71849
67087 18120
30579 42517
85756 21844
59569 07731
18953 22504
57857 18120
95746 93934
43699 99411
66163 07747
02003 31948
42897 85557
03019 31868
26967 10670
04820 84988
06144 93934
62787 85706
69291 87264
07747 83285
65029 30579
09042 35340
09042 11369
94855 15843
49437 90374
27280 47183
22297 35289
87264 27864
54278 27280
Queries
71849 55387
28102 08026
03853 33720
75387 67087
29455 99486
84988 33243
18422 06668
65029 70977
54278 96452
33243 02363
57857 46309
06144 06144
87378 90797
23603 36904
18953 58901
63320 30602
75975 85320
88219 55876
23603 27533
96452 87655
79225 42517
26967 38136
71150 10262
11369 11369
90203 93870
13855 90797
89406 27533
02003 83531
89894 63028
84988 46309
33720 94855
47231 42067
55387 20427
94855 10262
87378 89406
01977 78059
75387 35340
20805 21438
95377 32203
01551 10262
36614 18953
83939 87264
55322 54278
01473 21438
15746 88219
39627 66453
84551 17969
35289 44042
67087 26556
80922 60389
60389 26556
83939 20427
59569 80947
31948 57857
01473 83531
44042 88219
84551 03721
72172 26255
30579 66163
18120 67087
19737 66163
87062 83531
54278 58761
26255 94855
18120 66163
67087 13174
81288 13174
31948 07731
06144 10736
18422 55322
89894 57857
30881 93870
18953 42517
06065 01473
36904 70977
55103 94855
57857 21844
39000 39000
25369 85885
12267 32204
71849 03853
06144 57857
28243 35340
99486 07731
84551 22297
42067 07747
44042 07928
94855 71849
83939 39627
75007 28243
78059 10262
35340 79157
85756 84988
98803 79225
72172 57857
78059 12267
81288 69291
04820 18120
66453 81713
70977 07928
03108 21710
21844 50027
31948 32080
57857 57857
47231 44774
06786 82038
52054 88219
06065 06065
27943 95746
77024 23603
12267 29455
99942 22527
84551 27280
32204 29465
03721 85885
79225 54278
43623 70907
07731 83285
88219 94855
39000 03308
88940 90374
43403 81288
03108 02565
49437 78208
03308 42897
66163 83531
66453 81905
81905 13174
79157 35272
72172 22504
43403 77963
52054 42897
60389 99942
50372 96452
19737 67087
10262 55103
58901 42067
36614 15843
87378 52990
50027 39627
81713 30635
65806 43699
03721 80060
85706 15746
85557 18120
90797 01977
20442 43403
44774 44774
09445 65190
69291 36316
85557 27943
03108 43901
89406 85320
93870 93870
85706 90374
01551 50027
99942 25276
07731 32080
89894 88219
94855 41630
79157 10262
27533 35272
55103 52054
22297 16360
36904 74532
66163 30881
75387 80060
88219 26556
02003 19737
89877 03721
10670 12267
53645 29455
13174 20427
35272 49658
56527 66453
76682 93870
27533 27943
42517 31868
06668 95377
17969 76682
67087 35272
28102 32080
42067 70907
65806 83939
12267 74532
85557 54278
83285 03308
41630 88219
29465 30602
07928 20805
63320 17969
93870 65190
06786 07747
07928 66163
21844 08026
29465 15843
08026 38136
38136 12267
17969 53343
81905 50372
36614 55322
50027 35272
35289 99942
80922 10262
65806 06668
55322 78208
99942 63320
70977 70526
52990 35272
19737 02003
03108 52990
33720 44774
27280 27280
56527 99411
46309 58901
80060 65190
10670 78059
66163 50372
72172 22504
58265 58901
90650 69291
53645 02003
87264 43901
89894 66049
06144 87062
03308 32203
52054 20442
10670 81905
28243 70977
52990 52990
42067 87062
88940 87062
02003 99486
06144 01977
99942 79157
10670 30635
93934 01977
22527 95832
03853 10262
21710 78059
10262 15746
19737 66163
93934 33720
26967 03853
13855 71150
26967 39000
43699 27280
27864 52990
33720 06144
99295 63320
63320 06065
96452 35289
88219 70907
13174 20442
42067 10736
59569 03721
28102 90374
22504 90797
06668 22527
66163 67087
77024 99486
18120 75387
21844 83285
94634 55103
13174 29455
96452 71849
03308 85557
66163 49437
55876 96452
58761 07731
99411 42067
58901 01473
65190 63028
55103 66453
75007 06065
67087 63028
85885 10670
20442 88219
99486 33243
88219 02363
12267 20442
42517 70526
10262 49437
35272 49437
96452 47231
29455 30635
17969 78059
36316 30881
71849 81288
13174 70907
23603 44042
70907 55876
74532 96452
49658 27864
84551 93934
39000 47231
33243 57857
99486 35340
69291 69291
80922 96452
12267 26967
07731 19737
47231 78208
85885 01551
30579 21710
29455 07747
90269 16360
85885 55387
02003 75387
28102 13174
83285 54278
89894 35626
87378 30579
79225 31868
66049 19737
20442 25276
09445 26556
43901 58265
66049 09445
78059 42517
13174 21710
09445 81288
99486 52054
03721 90797
16360 15843
36316 06668
16360 06668
20805 76682
99942 65029
59569 03108
98803 06786
10736 75387
01977 90374
25369 03721
65806 65190
20427 30635
77024 33720
27864 83603
57857 46309
89894 46309
43699 67087
57857 22527
62787 67087
66049 66049
60389 26556
43699 07747
99486 85706
33243 55387
80172 35289
89406 87655
66049 30602
21438 79225
46309 46309
75387 32204
82038 90374
55876 75975
22527 75387
95746 75387
33243 07747
85320 60389
66049 94634
55103 91261
04820 95746
58901 72172
94855 18953
31948 55387
99942 83939
80060 89894
44042 15843
91261 20442
35289 81288
79157 02003
70907 63320
27943 80172
02003 09042
55387 35289
25369 85557
Thinking
start 06144 src 06144
06144 43901 src 06144
06144 87378 src 06144
06144 90374 src 06144
06144 23603 src 06144
06144 95832 src 06144
06144 77024 src 06144
06144 20805 src 06144
06144 93934 src 06144
43901 90797 src 06144
43901 89406 src 06144
87378 01977 src 06144
87378 26255 src 06144
87378 43699 src 06144
87378 35272 src 06144
87378 70907 src 06144
90374 75007 src 06144
90374 83531 src 06144
90374 52990 src 06144
90374 49437 src 06144
23603 06786 src 06144
23603 13855 src 06144
95832 50027 src 06144
77024 87655 src 06144
20805 22527 src 06144
20805 33720 src 06144
93934 27533 src 06144
93934 95746 src 06144
90797 99295 src 06144
43699 85885 src 06144
43699 99411 src 06144
70907 65806 src 06144
70907 89877 src 06144
83531 80060 src 06144
52990 71150 src 06144
06786 44774 src 06144
13855 03721 src 06144
13855 36914 src 06144
87655 82038 src 06144
27533 63320 src 06144
95746 06065 src 06144
99295 43623 src 06144
03721 25369 src 06144
start 27280 src 27280
27280 11369 src 27280
27280 80922 src 27280
27280 55103 src 27280
27280 65190 src 27280
27280 44042 src 27280
27280 35289 src 27280
27280 47183 src 27280
27280 54278 src 27280
11369 15843 src 27280
11369 85320 src 27280
11369 83603 src 27280
11369 09042 src 27280
80922 20427 src 27280
65190 47231 src 27280
44042 22297 src 27280
44042 84551 src 27280
35289 71849 src 27280
35289 09445 src 27280
35289 41630 src 27280
54278 78208 src 27280
54278 60389 src 27280
15843 96452 src 27280
15843 16360 src 27280
15843 94855 src 27280
83603 39000 src 27280
09042 81288 src 27280
09042 28102 src 27280
09042 63028 src 27280
09042 35340 src 27280
20427 80172 src 27280
20427 58761 src 27280
47231 26556 src 27280
22297 03853 src 27280
84551 30635 src 27280
96452 88219 src 27280
28102 90269 src 27280
63028 55387 src 27280
58761 55876 src 27280
start 42517 src 42517
42517 77963 src 42517
42517 42067 src 42517
42517 70977 src 42517
42517 20442 src 42517
42517 58901 src 42517
42517 30579 src 42517
77963 75975 src 42517
77963 65029 src 42517
77963 26967 src 42517
77963 13174 src 42517
42067 42897 src 42517
42067 71284 src 42517
42067 99942 src 42517
70977 18953 src 42517
70977 58265 src 42517
58901 12267 src 42517
58901 32204 src 42517
58901 52054 src 42517
30579 10670 src 42517
30579 03108 src 42517
75975 79157 src 42517
26967 85557 src 42517
13174 38136 src 42517
13174 01473 src 42517
71284 70526 src 42517
71284 91261 src 42517
71284 02363 src 42517
18953 22504 src 42517
12267 03308 src 42517
12267 46309 src 42517
85557 21710 src 42517
85557 78059 src 42517
78059 28243 src 42517
start 21844 src 21844
21844 18120 src 21844
21844 02003 src 21844
21844 10736 src 21844
21844 85756 src 21844
18120 07747 src 21844
18120 33243 src 21844
18120 75387 src 21844
18120 56527 src 21844
18120 53645 src 21844
18120 67087 src 21844
18120 57857 src 21844
02003 62787 src 21844
02003 19737 src 21844
02003 59569 src 21844
02003 31948 src 21844
85756 32080 src 21844
07747 66163 src 21844
07747 83285 src 21844
33243 84988 src 21844
62787 85706 src 21844
19737 72172 src 21844
59569 04820 src 21844
59569 10262 src 21844
59569 07731 src 21844
31948 66049 src 21844
31948 15746 src 21844
32080 89894 src 21844
66163 36614 src 21844
84988 30602 src 21844
04820 80947 src 21844
30602 99486 src 21844
start 87062 src 87062
87062 49658 src 87062
87062 97850 src 87062
87062 50372 src 87062
49658 81713 src 87062
97850 55322 src 87062
97850 21438 src 87062
50372 36904 src 87062
50372 01551 src 87062
50372 36316 src 87062
81713 32203 src 87062
81713 27864 src 87062
55322 30881 src 87062
55322 06668 src 87062
55322 90650 src 87062
55322 93870 src 87062
21438 53343 src 87062
21438 07928 src 87062
21438 79225 src 87062
21438 83939 src 87062
36904 29465 src 87062
01551 43403 src 87062
01551 90203 src 87062
36316 81905 src 87062
32203 27943 src 87062
27864 87264 src 87062
30881 18422 src 87062
30881 39627 src 87062
30881 74532 src 87062
90650 02565 src 87062
93870 03019 src 87062
93870 95377 src 87062
53343 54947 src 87062
79225 17969 src 87062
79225 94634 src 87062
83939 76682 src 87062
29465 69291 src 87062
43403 31868 src 87062
90203 25276 src 87062
90203 88940 src 87062
90203 29455 src 87062
17969 35626 src 87062
94634 08026 src 87062
69291 98803 src 87062
25276 66453 src 87062
Output
71849 55387 yes
28102 08026 no
03853 33720 no
75387 67087 yes
29455 99486 no
84988 33243 yes
18422 06668 yes
65029 70977 yes
54278 96452 yes
33243 02363 no
57857 46309 no
06144 06144 yes
87378 90797 yes
23603 36904 no
18953 58901 yes
63320 30602 no
75975 85320 no
88219 55876 yes
23603 27533 yes
96452 87655 no
79225 42517 no
26967 38136 yes
71150 10262 no
11369 11369 yes
90203 93870 yes
13855 90797 yes
89406 27533 yes
02003 83531 no
89894 63028 no
84988 46309 no
33720 94855 no
47231 42067 no
55387 20427 yes
94855 10262 no
87378 89406 yes
01977 78059 no
75387 35340 no
20805 21438 no
95377 32203 yes
01551 10262 no
36614 18953 no
83939 87264 yes
55322 54278 no
01473 21438 no
15746 88219 no
39627 66453 yes
84551 17969 no
35289 44042 yes
67087 26556 no
80922 60389 yes
60389 26556 yes
83939 20427 no
59569 80947 yes
31948 57857 yes
01473 83531 no
44042 88219 yes
84551 03721 no
72172 26255 no
30579 66163 no
18120 67087 yes
19737 66163 yes
87062 83531 no
54278 58761 yes
26255 94855 no
18120 66163 yes
67087 13174 no
81288 13174 no
31948 07731 yes
06144 10736 no
18422 55322 yes
89894 57857 yes
30881 93870 yes
18953 42517 yes
06065 01473 no
36904 70977 no
55103 94855 yes
57857 21844 yes
39000 39000 yes
25369 85885 yes
12267 32204 yes
71849 03853 yes
06144 57857 no
28243 35340 no
99486 07731 yes
84551 22297 yes
42067 07747 no
44042 07928 no
94855 71849 yes
83939 39627 yes
75007 28243 no
78059 10262 no
35340 79157 no
85756 84988 yes
98803 79225 yes
72172 57857 yes
78059 12267 yes
81288 69291 no
04820 18120 yes
66453 81713 yes
70977 07928 no
03108 21710 yes
21844 50027 no
31948 32080 yes
57857 57857 yes
47231 44774 no
06786 82038 yes
52054 88219 no
06065 06065 yes
27943 95746 no
77024 23603 yes
12267 29455 no
99942 22527 no
84551 27280 yes
32204 29465 no
03721 85885 yes
79225 54278 no
43623 70907 yes
07731 83285 yes
88219 94855 yes
39000 03308 no
88940 90374 no
43403 81288 no
03108 02565 no
49437 78208 no
03308 42897 yes
66163 83531 no
66453 81905 yes
81905 13174 no
79157 35272 no
72172 22504 no
43403 77963 no
52054 42897 yes
60389 99942 no
50372 96452 no
19737 67087 yes
10262 55103 no
58901 42067 yes
36614 15843 no
87378 52990 yes
50027 39627 no
81713 30635 no
65806 43699 yes
03721 80060 yes
85706 15746 yes
85557 18120 no
90797 01977 yes
20442 43403 no
44774 44774 yes
09445 65190 yes
69291 36316 yes
85557 27943 no
03108 43901 no
89406 85320 no
93870 93870 yes
85706 90374 no
01551 50027 no
99942 25276 no
07731 32080 yes
89894 88219 no
94855 41630 yes
79157 10262 no
27533 35272 yes
55103 52054 no
22297 16360 yes
36904 74532 yes
66163 30881 no
75387 80060 no
88219 26556 yes
02003 19737 yes
89877 03721 yes
10670 12267 yes
53645 29455 no
13174 20427 no
35272 49658 no
56527 66453 no
76682 93870 yes
27533 27943 no
42517 31868 no
06668 95377 yes
17969 76682 yes
67087 35272 no
28102 32080 no
42067 70907 no
65806 83939 no
12267 74532 no
85557 54278 no
83285 03308 no
41630 88219 yes
29465 30602 no
07928 20805 no
63320 17969 no
93870 65190 no
06786 07747 no
07928 66163 no
21844 08026 no
29465 15843 no
08026 38136 no
38136 12267 yes
17969 53343 yes
81905 50372 yes
36614 55322 no
50027 35272 yes
35289 99942 no
80922 10262 no
65806 06668 no
55322 78208 no
99942 63320 no
70977 70526 yes
52990 35272 yes
19737 02003 yes
03108 52990 no
33720 44774 yes
27280 27280 yes
56527 99411 no
46309 58901 yes
80060 65190 no
10670 78059 yes
66163 50372 no
72172 22504 no
58265 58901 yes
90650 69291 yes
53645 02003 yes
87264 43901 no
89894 66049 yes
06144 87062 no
03308 32203 no
52054 20442 yes
10670 81905 no
28243 70977 yes
52990 52990 yes
42067 87062 no
88940 87062 yes
02003 99486 yes
06144 01977 yes
99942 79157 yes
10670 30635 no
93934 01977 yes
22527 95832 yes
03853 10262 no
21710 78059 yes
10262 15746 yes
19737 66163 yes
93934 33720 yes
26967 03853 no
13855 71150 yes
26967 39000 no
43699 27280 no
27864 52990 no
33720 06144 yes
99295 63320 yes
63320 06065 yes
96452 35289 yes
88219 70907 no
13174 20442 yes
42067 10736 no
59569 03721 no
28102 90374 no
22504 90797 no
06668 22527 no
66163 67087 yes
77024 99486 no
18120 75387 yes
21844 83285 yes
94634 55103 no
13174 29455 no
96452 71849 yes
03308 85557 yes
66163 49437 no
55876 96452 yes
58761 07731 no
99411 42067 no
58901 01473 yes
65190 63028 yes
55103 66453 no
75007 06065 yes
67087 63028 no
85885 10670 no
20442 88219 no
99486 33243 yes
88219 02363 no
12267 20442 yes
42517 70526 yes
10262 49437 no
35272 49437 yes
96452 47231 yes
29455 30635 no
17969 78059 no
36316 30881 yes
71849 81288 yes
13174 70907 no
23603 44042 no
70907 55876 no
74532 96452 no
49658 27864 yes
84551 93934 no
39000 47231 yes
33243 57857 yes
99486 35340 no
69291 69291 yes
80922 96452 yes
12267 26967 yes
07731 19737 yes
47231 78208 yes
85885 01551 no
30579 21710 yes
29455 07747 no
90269 16360 yes
85885 55387 no
02003 75387 yes
28102 13174 no
83285 54278 no
89894 35626 no
87378 30579 no
79225 31868 yes
66049 19737 yes
20442 25276 no
09445 26556 yes
43901 58265 no
66049 09445 no
78059 42517 yes
13174 21710 yes
09445 81288 yes
99486 52054 no
03721 90797 yes
16360 15843 yes
36316 06668 yes
16360 06668 no
20805 76682 no
99942 65029 yes
59569 03108 no
98803 06786 no
10736 75387 yes
01977 90374 yes
25369 03721 yes
65806 65190 no
20427 30635 yes
77024 33720 yes
27864 83603 no
57857 46309 no
89894 46309 no
43699 67087 no
57857 22527 no
62787 67087 yes
66049 66049 yes
60389 26556 yes
43699 07747 no
99486 85706 yes
33243 55387 no
80172 35289 yes
89406 87655 yes
66049 30602 yes
21438 79225 yes
46309 46309 yes
75387 32204 no
82038 90374 yes
55876 75975 no
22527 75387 no
95746 75387 no
33243 07747 yes
85320 60389 yes
66049 94634 no
55103 91261 no
04820 95746 no
58901 72172 no
94855 18953 no
31948 55387 no
99942 83939 no
80060 89894 no
44042 15843 yes
91261 20442 yes
35289 81288 yes
79157 02003 no
70907 63320 yes
27943 80172 no
02003 09042 no
55387 35289 yes
25369 85557 no
End
