Graph
4223 2406
1444 0452
1444 1899
8233 8382
5820 2016
3472 6064
2297 6064
0581 4223
4965 2829
0617 4151
1444 2016
0193 9529
5820 0452
2537 9217
2016 8209
1894 0617
3472 6197
0193 9529
8664 8403
3065 4214
8209 3065
6064 4151
8382 1071
4223 2741
9426 2819
3538 1899
2016 8209
9217 9217
0452 3538
8403 8233
0991 1071
3538 0452
1444 1899
2537 9217
4788 4151
2819 4223
8233 0991
8209 1444
4788 7088
5820 3065
8403 0991
0370 0193
4788 4788
8209 1444
9269 9269
0617 4151
2819 2406
0193 7636
2741 9426
4214 2016
1071 8664
4965 0370
6064 4788
3892 0193
0452 8209
2741 2406
0193 0370
0370 3892
4788 1894
8382 9269
2016 5820
4151 4151
2016 3538
1071 8382
9426 9217
Queries
8382 8233
2819 9217
4965 3892
7636 8233
1444 8233
1899 8233
3065 9529
1071 8382
0370 7636
3065 3065
2537 9426
3472 2297
6197 6064
8209 5820
9217 2537
6064 4788
8209 5820
7088 8664
8382 2016
2016 1894
2819 3065
8382 8233
2819 2829
0370 0370
1894 0370
9217 2741
4223 8209
6064 9529
0581 2016
7088 9217
2537 2819
4214 4214
8664 2297
4965 9269
2819 4223
1071 2016
8403 0617
0581 4214
2819 0581
6197 2297
2537 9529
5820 1444
2829 9529
2829 4214
2406 0581
3472 0617
9269 8233
8664 8403
2819 9217
7088 4965
9217 8403
5820 1894
2741 2819
8403 0617
5820 2016
6064 4788
4223 0452
2406 2741
2819 2819
1071 1899
8403 8403
9269 9426
1894 2741
2819 9269
2297 3065
2406 0581
8403 9217
9217 9426
2741 4214
9269 4214
3065 3538
4788 4151
9426 2016
0370 2829
8209 1071
2829 0370
3538 6064
0452 1899
2297 6064
1444 3538
9269 9217
5820 4965
0370 4965
7636 4788
3892 2819
8664 8382
0991 4214
3892 9269
1894 4788
7636 3892
9426 0617
0370 1899
9426 8233
3892 2406
0193 3538
Thinking
start 8209 src 8209
8209 2016 src 8209
8209 3065 src 8209
8209 1444 src 8209
8209 0452 src 8209
2016 5820 src 8209
2016 4214 src 8209
2016 3538 src 8209
1444 1899 src 8209
start 3892 src 3892
3892 0193 src 3892
3892 0370 src 3892
0193 9529 src 3892
0193 7636 src 3892
0370 4965 src 3892
4965 2829 src 3892
start 3472 src 3472
3472 6064 src 3472
3472 6197 src 3472
6064 2297 src 3472
6064 4151 src 3472
6064 4788 src 3472
4151 0617 src 3472
4788 7088 src 3472
4788 1894 src 3472
start 9426 src 9426
9426 2819 src 9426
9426 2741 src 9426
9426 9217 src 9426
2819 4223 src 9426
2819 2406 src 9426
9217 2537 src 9426
4223 0581 src 9426
start 8382 src 8382
8382 8233 src 8382
8382 1071 src 8382
8382 9269 src 8382
8233 8403 src 8382
8233 0991 src 8382
1071 8664 src 8382
Output
8382 8233 yes
2819 9217 yes
4965 3892 yes
7636 8233 no
1444 8233 no
1899 8233 no
3065 9529 no
1071 8382 yes
0370 7636 yes
3065 3065 yes
2537 9426 yes
3472 2297 yes
6197 6064 yes
8209 5820 yes
9217 2537 yes
6064 4788 yes
8209 5820 yes
7088 8664 no
8382 2016 no
2016 1894 no
2819 3065 no
8382 8233 yes
2819 2829 no
0370 0370 yes
1894 0370 no
9217 2741 yes
4223 8209 no
6064 9529 no
0581 2016 no
7088 9217 no
2537 2819 yes
4214 4214 yes
8664 2297 no
4965 9269 no
2819 4223 yes
1071 2016 no
8403 0617 no
0581 4214 no
2819 0581 yes
6197 2297 yes
2537 9529 no
5820 1444 yes
2829 9529 yes
2829 4214 no
2406 0581 yes
3472 0617 yes
9269 8233 yes
8664 8403 yes
2819 9217 yes
7088 4965 no
9217 8403 no
5820 1894 no
2741 2819 yes
8403 0617 no
5820 2016 yes
6064 4788 yes
4223 0452 no
2406 2741 yes
2819 2819 yes
1071 1899 no
8403 8403 yes
9269 9426 no
1894 2741 no
2819 9269 no
2297 3065 no
2406 0581 yes
8403 9217 no
9217 9426 yes
2741 4214 no
9269 4214 no
3065 3538 yes
4788 4151 yes
9426 2016 no
0370 2829 yes
8209 1071 no
2829 0370 yes
3538 6064 no
0452 1899 yes
2297 6064 yes
1444 3538 yes
9269 9217 no
5820 4965 no
0370 4965 yes
7636 4788 no
3892 2819 no
8664 8382 yes
0991 4214 no
3892 9269 no
1894 4788 yes
7636 3892 yes
9426 0617 no
0370 1899 no
9426 8233 no
3892 2406 no
0193 3538 no
End
