Graph
38800 40715
96002 18018
12632 06548
70764 70764
78549 44277
24576 17238
89024 52423
74400 59057
61309 54996
53787 34553
46396 73655
65112 28345
39781 26470
64703 15458
24669 73315
68441 05230
91926 49819
96741 74504
01336 74730
87745 63582
29242 01719
36943 53278
15458 73396
51711 12438
10368 57611
47737 88849
90464 65337
88957 09851
62385 68020
28345 91539
32885 48000
19324 51397
82191 16282
54047 57636
50244 65112
19322 09851
35151 44287
01719 46231
72086 09289
47217 28801
82454 82613
80345 35876
28807 86973
59869 48529
15485 03827
76526 85471
68441 86261
73396 12438
94316 50244
81658 40583
64382 86631
02923 33096
06418 34796
93826 59869
48677 46231
99984 52423
58571 65892
04581 55182
35876 86261
99554 02923
29472 04954
31352 31833
34796 06926
52751 73315
23010 08821
52536 33656
51711 30731
83483 41237
65892 54047
89394 59373
24536 96009
31833 19542
33096 50032
68441 55912
99753 68982
87577 19798
23594 92948
47727 16784
60821 63906
35655 55182
99984 70764
83726 09289
62385 26470
41505 51711
91679 30854
27329 33458
30731 30169
58069 74078
91539 19206
35151 19486
99243 20664
74166 42302
96009 83726
34135 62332
53587 92591
83483 62332
94803 19542
48000 80900
05426 82234
99804 98527
93826 59114
02793 80433
89489 68130
83483 30742
51308 05426
82191 52751
78549 74221
35921 96009
83251 62573
09537 32885
91926 92943
74821 55892
57611 34553
18018 80345
80018 68982
73655 23577
57611 63958
52240 21724
80704 82613
52423 53409
61309 28345
38127 65892
40903 57379
82234 37475
18563 39781
75865 52536
02793 90696
51329 83483
73653 65337
47737 34553
86631 94316
34553 38432
36943 34553
60314 68132
74078 06418
39676 84074
47284 29050
62573 31442
90464 11258
50032 70550
82234 91679
32904 37693
87745 83251
49097 12632
54487 27165
74221 37693
43313 08493
81078 06926
79752 39143
58571 78809
58571 41505
34796 35151
43313 98741
15515 99984
40608 13358
68982 87329
74821 54498
06605 60821
52751 31418
99984 09803
04581 29472
57636 38800
32904 16046
19206 14591
40715 64450
53278 53787
96009 34553
87745 88985
67783 72999
62573 01719
20664 53587
21724 06548
18563 39781
23594 68417
81057 20696
53587 41237
74504 46396
44277 58571
67957 39126
28345 75898
31352 73655
08223 90553
38800 79752
81810 54498
23594 12510
07167 70550
34796 31352
63573 63582
02793 20696
54498 48316
21724 54487
34295 09289
46748 87053
09851 48000
34553 40903
68441 62385
86261 12510
59502 40583
33438 99992
12795 62385
37475 34796
92857 12510
74166 87053
73396 73396
90464 69580
09190 26835
74400 85745
26820 38800
68020 49819
88849 53527
92948 58571
28345 55580
48677 82830
27165 18563
47894 48000
74533 23577
34796 94316
87745 85038
41505 55912
89489 46231
20696 16282
03668 19798
70944 98984
07186 98984
47737 28801
03683 48000
31442 48677
18018 11258
62834 55892
52240 15461
21774 34796
91223 16282
47284 46231
73653 17704
33666 75699
35876 92943
54859 39781
16046 17704
33096 63582
98984 46231
69580 47727
68444 69580
08223 12795
03827 06926
17526 30780
82830 47737
32709 29050
96009 33666
53409 03827
04954 26122
01863 86092
01863 08493
19324 61936
28807 91539
40903 06605
35655 53787
66942 78809
61936 02923
55892 06926
98741 48529
62332 31442
93251 12632
62061 40608
37693 54487
35876 17526
25629 35876
08821 52751
25629 54859
87053 23594
34553 88849
91223 74504
23577 91223
63958 51397
55892 09537
04954 68982
32709 96009
09289 34295
59114 03827
46231 66622
29242 89489
51308 85170
05230 21724
91539 54498
47284 87329
81810 82234
03061 40837
93208 75865
40715 90553
39126 33458
62385 51959
92948 55229
06418 67674
87577 24536
63906 24536
67952 49819
64450 12632
48316 52751
52240 08223
44277 59502
75382 23216
63582 10368
92857 67952
14591 86092
48316 03430
92591 19324
54498 61309
55892 37475
94316 85471
68982 43143
11258 80704
54859 54487
59114 98741
52751 82276
96002 52536
30742 80018
03683 02793
96736 33656
01810 55580
07186 60821
74400 35655
39143 69580
34553 46231
92591 06605
54047 54487
21774 12952
98741 12899
20803 88957
31442 63958
04581 99554
24669 23216
92948 11258
64703 90464
67783 15688
31352 52751
33559 15173
63148 15688
63582 42109
31418 23216
75382 90696
92857 06548
44277 39143
34553 19324
06418 32885
96741 10969
94173 46231
37475 62061
83726 15102
50244 76526
40608 50244
19798 87329
08493 01810
59373 70550
39676 50032
38127 41505
54047 79022
84074 07167
91679 37475
60314 99243
84074 63958
87329 68132
61309 81057
55892 96741
52240 31998
74504 91223
58642 92948
78549 92948
63958 63906
84074 85038
21579 06418
30731 82613
33656 58571
85170 06418
19324 34923
09537 24576
99992 19206
90696 23010
53729 83251
31833 99984
26835 19206
90553 42302
12899 86631
30731 58642
14591 06418
33559 92948
92522 53787
12952 44287
93826 34796
77500 99984
59373 09289
01243 96258
90464 39126
91539 15515
73653 32904
20803 23577
86973 28345
01719 98527
41237 29050
23010 62061
31998 33458
09190 55580
21724 38800
12438 44277
01336 19324
09289 41237
51329 85745
67674 71414
49819 40715
06548 15895
51711 12795
53729 26122
65112 80433
24669 10969
73396 05050
40558 98303
80018 91442
92539 82234
55580 81057
83726 02923
01243 83251
51308 48316
63958 28801
42109 01243
98984 82830
92522 46231
99804 63958
10296 09289
32904 68441
34295 62573
30742 53587
09289 94173
86092 37475
78549 28264
89024 84100
30780 55229
26470 72999
21774 91223
47737 10296
70550 47217
73653 15173
39143 61110
46231 24403
22210 92948
57611 87329
57611 65336
09190 74533
68441 86261
23216 32885
49411 28345
43143 59373
64450 40715
04954 40837
85745 39676
19486 91539
62573 01243
70764 08821
72999 90577
17368 73653
62332 59373
54047 12510
33559 30780
10204 59114
82234 94803
86092 70764
63148 39126
46231 40837
84074 62573
12952 80900
12899 67674
75865 87053
17238 51308
41505 21724
11258 96002
90464 18018
43143 07186
85038 68132
39126 31998
19798 57929
21774 21441
15485 32885
29242 62332
10368 34553
43067 26835
73653 12632
37475 15515
40715 45292
30742 74730
99804 35655
32885 28345
80433 21774
49097 51711
86631 34796
59114 08493
87329 68130
61936 91740
93826 98741
17368 98303
99733 22210
35655 46231
52751 31352
20803 19322
68132 60821
Queries
07167 07167
04954 58069
03430 66622
94803 64450
15173 91926
79022 84074
86261 58069
12510 38127
01336 70550
89489 96009
44287 33438
23216 96009
68130 57636
55892 01863
60314 53587
03668 02923
28801 57611
94173 12952
65337 93251
38127 92943
70944 30742
96741 67674
51397 53409
81078 19486
51308 12899
59373 81658
81057 81810
62385 33656
62061 93251
60821 54498
67952 28345
84074 10368
40715 77500
99733 82276
73396 23216
03061 81658
53729 21774
01719 40837
47284 03668
64703 58571
68132 25629
51711 55182
04581 57636
33096 23577
98303 28801
08821 39143
67783 65337
26470 38127
89394 99984
63573 57379
28801 53587
64450 82454
81078 28345
15515 51711
12899 20803
03668 36943
82234 67674
87329 20696
24576 47737
83483 33559
58642 25629
19798 86092
59869 54498
12438 63582
82234 49411
06548 01863
73315 11258
98527 37693
38432 32709
31833 31418
52240 51397
65892 59869
81078 17238
72999 01863
58642 63148
53409 82234
43313 75699
82234 28801
40583 58642
68132 08223
82830 48316
99753 15461
83251 15688
23010 01863
54487 19324
14591 57929
79752 07167
19486 78549
35921 25629
65112 68982
54859 24669
80900 19322
65337 87577
54487 85170
74504 33656
68130 34553
55912 25629
84074 40583
92591 53787
50032 24669
93826 59114
03061 93208
04954 03061
55912 38800
98303 40715
94316 85170
82191 01810
03430 74730
67674 21441
26835 32885
92948 91926
66622 23577
34553 38800
37693 28345
80018 60314
61309 94173
80900 40558
47284 80018
12632 64703
27329 35921
74400 99243
39143 59057
19322 40608
63573 37475
82830 04581
34923 34923
85038 01336
86631 74078
68444 80900
93251 74166
62834 72999
81078 09803
35151 74166
65112 26835
86092 45292
54996 94316
08223 82276
17238 62061
41505 05050
39781 23594
05230 87053
52423 15461
55892 59057
61309 14591
30780 75382
35921 34135
32709 37693
52423 23577
02793 90696
01336 57379
03668 68132
87053 23594
59869 43313
51397 52536
41505 23594
94173 98527
10204 09803
82830 74221
99753 18563
86261 37693
54996 98984
83726 99753
57636 62834
62834 86261
65337 92857
67674 32709
24403 82234
03668 42109
40903 74221
15458 79022
65892 99554
60314 70944
52240 55229
70550 10204
30780 75865
15458 15688
62573 91442
63573 10296
09851 55580
33458 15895
52423 52751
75865 39781
43313 99984
37693 05230
99243 06926
68417 12510
83726 34923
07186 50032
68417 84074
53587 63906
58069 49097
41237 55580
40715 31998
85471 19206
94803 01810
55912 81057
55580 67674
44287 47894
09803 60314
37475 43313
60821 12438
33656 54047
59057 30169
80704 92948
34295 19322
48529 55892
63573 92539
47217 19542
30742 57611
90464 82613
83483 88849
14591 80900
30742 34295
08821 55182
58642 37693
74166 50244
88849 94173
37475 80345
24403 93251
89024 33438
66942 48677
15461 93826
68444 94803
35921 47894
05426 54996
02793 91442
73396 05230
17526 87745
99554 59373
17368 91926
88849 19322
51329 75382
72999 98741
74078 15688
19798 62332
92943 15102
19324 94173
18563 29242
53409 89024
15688 15173
29050 43067
10969 53527
65892 96736
Thinking
start 92948 src 92948
92948 23594 src 92948
92948 58571 src 92948
92948 55229 src 92948
92948 11258 src 92948
92948 58642 src 92948
92948 78549 src 92948
92948 33559 src 92948
92948 22210 src 92948
23594 68417 src 92948
23594 12510 src 92948
23594 87053 src 92948
58571 65892 src 92948
58571 78809 src 92948
58571 41505 src 92948
58571 44277 src 92948
58571 33656 src 92948
55229 30780 src 92948
11258 90464 src 92948
11258 18018 src 92948
11258 80704 src 92948
11258 96002 src 92948
58642 30731 src 92948
78549 74221 src 92948
78549 28264 src 92948
33559 15173 src 92948
22210 99733 src 92948
12510 86261 src 92948
12510 92857 src 92948
12510 54047 src 92948
87053 46748 src 92948
87053 74166 src 92948
87053 75865 src 92948
65892 38127 src 92948
78809 66942 src 92948
41505 51711 src 92948
41505 55912 src 92948
41505 21724 src 92948
44277 59502 src 92948
44277 39143 src 92948
44277 12438 src 92948
33656 52536 src 92948
33656 96736 src 92948
30780 17526 src 92948
90464 65337 src 92948
90464 69580 src 92948
90464 64703 src 92948
90464 39126 src 92948
18018 80345 src 92948
80704 82613 src 92948
30731 30169 src 92948
74221 37693 src 92948
15173 73653 src 92948
86261 68441 src 92948
86261 35876 src 92948
92857 67952 src 92948
92857 06548 src 92948
54047 57636 src 92948
54047 54487 src 92948
54047 79022 src 92948
74166 42302 src 92948
75865 93208 src 92948
51711 12795 src 92948
51711 49097 src 92948
21724 52240 src 92948
21724 05230 src 92948
21724 38800 src 92948
59502 40583 src 92948
39143 79752 src 92948
39143 61110 src 92948
12438 73396 src 92948
69580 47727 src 92948
69580 68444 src 92948
64703 15458 src 92948
39126 67957 src 92948
39126 33458 src 92948
39126 63148 src 92948
39126 31998 src 92948
82613 82454 src 92948
37693 32904 src 92948
73653 17704 src 92948
73653 17368 src 92948
73653 12632 src 92948
68441 62385 src 92948
35876 92943 src 92948
35876 25629 src 92948
67952 49819 src 92948
06548 15895 src 92948
54487 27165 src 92948
54487 54859 src 92948
42302 90553 src 92948
12795 08223 src 92948
52240 15461 src 92948
38800 40715 src 92948
38800 26820 src 92948
40583 81658 src 92948
73396 05050 src 92948
47727 16784 src 92948
33458 27329 src 92948
63148 15688 src 92948
32904 16046 src 92948
17368 98303 src 92948
12632 93251 src 92948
12632 64450 src 92948
62385 68020 src 92948
62385 26470 src 92948
62385 51959 src 92948
92943 91926 src 92948
27165 18563 src 92948
54859 39781 src 92948
40715 45292 src 92948
15688 67783 src 92948
98303 40558 src 92948
26470 72999 src 92948
72999 90577 src 92948
start 19324 src 19324
19324 51397 src 19324
19324 61936 src 19324
19324 92591 src 19324
19324 34553 src 19324
19324 34923 src 19324
19324 01336 src 19324
51397 63958 src 19324
61936 02923 src 19324
61936 91740 src 19324
92591 53587 src 19324
92591 06605 src 19324
34553 53787 src 19324
34553 57611 src 19324
34553 47737 src 19324
34553 38432 src 19324
34553 36943 src 19324
34553 96009 src 19324
34553 40903 src 19324
34553 88849 src 19324
34553 46231 src 19324
34553 10368 src 19324
01336 74730 src 19324
63958 31442 src 19324
63958 84074 src 19324
63958 63906 src 19324
63958 28801 src 19324
63958 99804 src 19324
02923 33096 src 19324
02923 99554 src 19324
02923 83726 src 19324
53587 20664 src 19324
53587 41237 src 19324
53587 30742 src 19324
06605 60821 src 19324
53787 53278 src 19324
53787 35655 src 19324
53787 92522 src 19324
57611 87329 src 19324
57611 65336 src 19324
47737 82830 src 19324
47737 10296 src 19324
96009 24536 src 19324
96009 35921 src 19324
96009 33666 src 19324
96009 32709 src 19324
40903 57379 src 19324
88849 53527 src 19324
46231 01719 src 19324
46231 48677 src 19324
46231 89489 src 19324
46231 47284 src 19324
46231 98984 src 19324
46231 66622 src 19324
46231 94173 src 19324
46231 24403 src 19324
46231 40837 src 19324
10368 63582 src 19324
31442 62573 src 19324
31442 62332 src 19324
84074 39676 src 19324
84074 07167 src 19324
84074 85038 src 19324
28801 47217 src 19324
99804 98527 src 19324
33096 50032 src 19324
99554 04581 src 19324
83726 09289 src 19324
83726 15102 src 19324
20664 99243 src 19324
41237 83483 src 19324
41237 29050 src 19324
30742 80018 src 19324
60821 07186 src 19324
60821 68132 src 19324
35655 55182 src 19324
35655 74400 src 19324
87329 68982 src 19324
87329 19798 src 19324
87329 68130 src 19324
24536 87577 src 19324
33666 75699 src 19324
01719 29242 src 19324
98984 70944 src 19324
40837 03061 src 19324
40837 04954 src 19324
63582 87745 src 19324
63582 63573 src 19324
63582 42109 src 19324
62573 83251 src 19324
62573 34295 src 19324
62573 01243 src 19324
62332 34135 src 19324
62332 59373 src 19324
39676 85745 src 19324
07167 70550 src 19324
04581 29472 src 19324
09289 72086 src 19324
99243 60314 src 19324
83483 51329 src 19324
80018 91442 src 19324
07186 43143 src 19324
74400 59057 src 19324
68982 99753 src 19324
19798 03668 src 19324
19798 57929 src 19324
04954 26122 src 19324
87745 88985 src 19324
83251 53729 src 19324
01243 96258 src 19324
59373 89394 src 19324
start 32885 src 32885
32885 48000 src 32885
32885 09537 src 32885
32885 06418 src 32885
32885 23216 src 32885
32885 15485 src 32885
32885 28345 src 32885
48000 80900 src 32885
48000 09851 src 32885
48000 47894 src 32885
48000 03683 src 32885
09537 55892 src 32885
09537 24576 src 32885
06418 34796 src 32885
06418 74078 src 32885
06418 67674 src 32885
06418 21579 src 32885
06418 85170 src 32885
06418 14591 src 32885
23216 75382 src 32885
23216 24669 src 32885
23216 31418 src 32885
15485 03827 src 32885
28345 65112 src 32885
28345 91539 src 32885
28345 61309 src 32885
28345 75898 src 32885
28345 55580 src 32885
28345 86973 src 32885
28345 49411 src 32885
80900 12952 src 32885
09851 88957 src 32885
09851 19322 src 32885
03683 02793 src 32885
55892 74821 src 32885
55892 62834 src 32885
55892 06926 src 32885
55892 37475 src 32885
55892 96741 src 32885
24576 17238 src 32885
34796 35151 src 32885
34796 31352 src 32885
34796 94316 src 32885
34796 21774 src 32885
34796 93826 src 32885
34796 86631 src 32885
74078 58069 src 32885
67674 71414 src 32885
67674 12899 src 32885
85170 51308 src 32885
14591 19206 src 32885
14591 86092 src 32885
75382 90696 src 32885
24669 73315 src 32885
24669 10969 src 32885
31418 52751 src 32885
03827 53409 src 32885
03827 59114 src 32885
65112 50244 src 32885
65112 80433 src 32885
91539 28807 src 32885
91539 54498 src 32885
91539 15515 src 32885
91539 19486 src 32885
61309 54996 src 32885
61309 81057 src 32885
55580 01810 src 32885
55580 09190 src 32885
12952 44287 src 32885
88957 20803 src 32885
02793 20696 src 32885
06926 81078 src 32885
37475 82234 src 32885
37475 62061 src 32885
37475 91679 src 32885
96741 74504 src 32885
31352 31833 src 32885
31352 73655 src 32885
94316 85471 src 32885
21774 91223 src 32885
21774 21441 src 32885
93826 59869 src 32885
93826 98741 src 32885
86631 64382 src 32885
51308 05426 src 32885
51308 48316 src 32885
19206 99992 src 32885
19206 26835 src 32885
86092 01863 src 32885
86092 70764 src 32885
90696 23010 src 32885
52751 82191 src 32885
52751 08821 src 32885
52751 82276 src 32885
53409 52423 src 32885
59114 10204 src 32885
59114 08493 src 32885
50244 76526 src 32885
50244 40608 src 32885
54498 81810 src 32885
15515 99984 src 32885
09190 74533 src 32885
20803 23577 src 32885
20696 16282 src 32885
82234 92539 src 32885
82234 94803 src 32885
91679 30854 src 32885
74504 46396 src 32885
31833 19542 src 32885
59869 48529 src 32885
98741 43313 src 32885
48316 03430 src 32885
99992 33438 src 32885
26835 43067 src 32885
52423 89024 src 32885
40608 13358 src 32885
99984 09803 src 32885
99984 77500 src 32885
89024 84100 src 32885
Output
07167 07167 yes
04954 58069 no
03430 66622 no
94803 64450 no
15173 91926 yes
79022 84074 no
86261 58069 no
12510 38127 yes
01336 70550 yes
89489 96009 yes
44287 33438 yes
23216 96009 no
68130 57636 no
55892 01863 yes
60314 53587 yes
03668 02923 yes
28801 57611 yes
94173 12952 no
65337 93251 yes
38127 92943 yes
70944 30742 yes
96741 67674 yes
51397 53409 no
81078 19486 yes
51308 12899 yes
59373 81658 no
81057 81810 yes
62385 33656 yes
62061 93251 no
60821 54498 no
67952 28345 no
84074 10368 yes
40715 77500 no
99733 82276 no
73396 23216 no
03061 81658 no
53729 21774 no
01719 40837 yes
47284 03668 yes
64703 58571 yes
68132 25629 no
51711 55182 no
04581 57636 no
33096 23577 no
98303 28801 no
08821 39143 no
67783 65337 yes
26470 38127 yes
89394 99984 no
63573 57379 yes
28801 53587 yes
64450 82454 yes
81078 28345 yes
15515 51711 no
12899 20803 yes
03668 36943 yes
82234 67674 yes
87329 20696 no
24576 47737 no
83483 33559 no
58642 25629 yes
19798 86092 no
59869 54498 yes
12438 63582 no
82234 49411 yes
06548 01863 no
73315 11258 no
98527 37693 no
38432 32709 yes
31833 31418 yes
52240 51397 no
65892 59869 no
81078 17238 yes
72999 01863 no
58642 63148 yes
53409 82234 yes
43313 75699 no
82234 28801 no
40583 58642 yes
68132 08223 no
82830 48316 no
99753 15461 no
83251 15688 no
23010 01863 yes
54487 19324 no
14591 57929 no
79752 07167 no
19486 78549 no
35921 25629 no
65112 68982 no
54859 24669 no
80900 19322 yes
65337 87577 no
54487 85170 no
74504 33656 no
68130 34553 yes
55912 25629 yes
84074 40583 no
92591 53787 yes
50032 24669 no
93826 59114 yes
03061 93208 no
04954 03061 yes
55912 38800 yes
98303 40715 yes
94316 85170 yes
82191 01810 yes
03430 74730 no
67674 21441 yes
26835 32885 yes
92948 91926 yes
66622 23577 no
34553 38800 no
37693 28345 no
80018 60314 yes
61309 94173 no
80900 40558 no
47284 80018 yes
12632 64703 yes
27329 35921 no
74400 99243 yes
39143 59057 no
19322 40608 yes
63573 37475 no
82830 04581 yes
34923 34923 yes
85038 01336 yes
86631 74078 yes
68444 80900 no
93251 74166 yes
62834 72999 no
81078 09803 yes
35151 74166 no
65112 26835 yes
86092 45292 no
54996 94316 yes
08223 82276 no
17238 62061 yes
41505 05050 yes
39781 23594 yes
05230 87053 yes
52423 15461 no
55892 59057 no
61309 14591 yes
30780 75382 no
35921 34135 yes
32709 37693 no
52423 23577 yes
02793 90696 yes
01336 57379 yes
03668 68132 yes
87053 23594 yes
59869 43313 yes
51397 52536 no
41505 23594 yes
94173 98527 yes
10204 09803 yes
82830 74221 no
99753 18563 no
86261 37693 yes
54996 98984 no
83726 99753 yes
57636 62834 no
62834 86261 no
65337 92857 yes
67674 32709 no
24403 82234 no
03668 42109 yes
40903 74221 no
15458 79022 yes
65892 99554 no
60314 70944 yes
52240 55229 yes
70550 10204 no
30780 75865 yes
15458 15688 yes
62573 91442 yes
63573 10296 yes
09851 55580 yes
33458 15895 yes
52423 52751 yes
75865 39781 yes
43313 99984 yes
37693 05230 yes
99243 06926 no
68417 12510 yes
83726 34923 yes
07186 50032 yes
68417 84074 no
53587 63906 yes
58069 49097 no
41237 55580 no
40715 31998 yes
85471 19206 yes
94803 01810 yes
55912 81057 no
55580 67674 yes
44287 47894 yes
09803 60314 no
37475 43313 yes
60821 12438 no
33656 54047 yes
59057 30169 no
80704 92948 yes
34295 19322 no
48529 55892 yes
63573 92539 no
47217 19542 no
30742 57611 yes
90464 82613 yes
83483 88849 yes
14591 80900 yes
30742 34295 yes
08821 55182 no
58642 37693 yes
74166 50244 no
88849 94173 yes
37475 80345 no
24403 93251 no
89024 33438 yes
66942 48677 no
15461 93826 no
68444 94803 no
35921 47894 no
05426 54996 yes
02793 91442 no
73396 05230 yes
17526 87745 no
99554 59373 yes
17368 91926 yes
88849 19322 no
51329 75382 no
72999 98741 no
74078 15688 no
19798 62332 yes
92943 15102 no
19324 94173 yes
18563 29242 no
53409 89024 yes
15688 15173 yes
29050 43067 no
10969 53527 no
65892 96736 yes
End
