Graph
6106 7269
0834 7269
5527 2682
1954 6300
5044 7846
5654 8501
7234 6247
2893 2245
7846 4872
2761 5654
0784 7217
7582 4869
8501 4363
3033 0834
1057 2132
3206 7551
8500 4869
4972 7048
7048 7234
6097 0904
5398 8500
6247 3381
7551 2893
0784 7217
5407 6300
6106 7582
7331 0904
1954 6097
6300 2893
2682 1420
1057 6106
1057 4745
1420 5407
4872 2761
4869 2132
2761 0784
3033 7269
2082 7234
7551 3906
5654 1018
7217 1018
0784 9490
3381 4972
4869 1057
5527 7551
8501 9490
9490 2761
7234 2082
Queries
3206 9490
6097 2893
3206 7582
2761 7846
7048 3381
2132 6300
5654 2082
2682 7551
5398 7269
1420 2893
1420 5398
2082 6106
7582 4745
4972 7048
6300 6097
7048 1018
5527 2245
7048 2082
2761 1954
2082 6097
2132 5527
2132 5654
3381 7234
7846 8501
0834 8500
6247 7234
5398 5407
7331 1420
8500 1057
9490 2132
5044 5044
7846 2132
2682 6247
6300 6300
7269 0784
2245 6097
2893 3906
3381 7217
6300 7269
5407 4972
1018 6247
9490 3906
7048 5044
9490 5407
4972 6247
4872 6247
1057 4869
5044 7217
1057 4872
4972 0834
2761 2761
6097 1018
3033 4363
3906 7048
7217 4872
2082 3381
4872 3206
7331 5407
3206 3381
4972 2761
2245 2682
2761 6097
1018 1018
3381 7048
5527 6106
3906 3381
2761 5407
7234 2082
3381 7234
2682 2893
5654 7846
3381 7234
6247 6300
3381 6106
3381 2682
6247 5398
4869 6106
4869 7582
1954 1420
4972 2761
2132 7048
3381 4972
7582 0834
1057 2761
7217 0904
7582 2682
3906 1954
Thinking
start 9490 src 9490
9490 0784 src 9490
9490 8501 src 9490
9490 2761 src 9490
0784 7217 src 9490
8501 5654 src 9490
8501 4363 src 9490
2761 4872 src 9490
7217 1018 src 9490
4872 7846 src 9490
7846 5044 src 9490
start 6106 src 6106
6106 7269 src 6106
6106 7582 src 6106
6106 1057 src 6106
7269 0834 src 6106
7269 3033 src 6106
7582 4869 src 6106
1057 2132 src 6106
1057 4745 src 6106
4869 8500 src 6106
8500 5398 src 6106
start 6300 src 6300
6300 1954 src 6300
6300 5407 src 6300
6300 2893 src 6300
1954 6097 src 6300
5407 1420 src 6300
2893 2245 src 6300
2893 7551 src 6300
6097 0904 src 6300
1420 2682 src 6300
7551 3206 src 6300
7551 3906 src 6300
7551 5527 src 6300
0904 7331 src 6300
start 2082 src 2082
2082 7234 src 2082
7234 6247 src 2082
7234 7048 src 2082
6247 3381 src 2082
7048 4972 src 2082
Output
3206 9490 no
6097 2893 yes
3206 7582 no
2761 7846 yes
7048 3381 yes
2132 6300 no
5654 2082 no
2682 7551 yes
5398 7269 yes
1420 2893 yes
1420 5398 no
2082 6106 no
7582 4745 yes
4972 7048 yes
6300 6097 yes
7048 1018 no
5527 2245 yes
7048 2082 yes
2761 1954 no
2082 6097 no
2132 5527 no
2132 5654 no
3381 7234 yes
7846 8501 yes
0834 8500 yes
6247 7234 yes
5398 5407 no
7331 1420 yes
8500 1057 yes
9490 2132 no
5044 5044 yes
7846 2132 no
2682 6247 no
6300 6300 yes
7269 0784 no
2245 6097 yes
2893 3906 yes
3381 7217 no
6300 7269 no
5407 4972 no
1018 6247 no
9490 3906 no
7048 5044 no
9490 5407 no
4972 6247 yes
4872 6247 no
1057 4869 yes
5044 7217 yes
1057 4872 no
4972 0834 no
2761 2761 yes
6097 1018 no
3033 4363 no
3906 7048 no
7217 4872 yes
2082 3381 yes
4872 3206 no
7331 5407 yes
3206 3381 no
4972 2761 no
2245 2682 yes
2761 6097 no
1018 1018 yes
3381 7048 yes
5527 6106 no
3906 3381 no
2761 5407 no
7234 2082 yes
3381 7234 yes
2682 2893 yes
5654 7846 yes
3381 7234 yes
6247 6300 no
3381 6106 no
3381 2682 no
6247 5398 no
4869 6106 yes
4869 7582 yes
1954 1420 yes
4972 2761 no
2132 7048 no
3381 4972 yes
7582 0834 yes
1057 2761 no
7217 0904 no
7582 2682 no
3906 1954 yes
End
