Graph
32327 15699
33130 64735
84345 43050
42676 34289
87624 51901
08755 11653
39906 88304
78481 17183
58319 51130
01627 22403
44790 40716
31473 93158
32584 25708
81811 17945
69215 42327
34862 92546
51130 24024
40716 62249
80078 57222
53377 33477
38288 57080
50478 95362
09825 48644
79101 61420
78776 45862
25011 41373
02770 10217
48891 32314
71177 53377
47555 71413
55721 74667
75277 74667
71646 50338
30950 11653
32584 96960
60486 14130
58690 87998
64735 57866
04370 27713
41105 51040
89868 51704
24024 25493
71960 75277
53377 39847
40263 57706
79739 88304
84793 64735
60679 11420
64462 35903
13283 95362
55510 21032
71646 10351
83767 03520
70708 27713
08260 51130
13953 17043
42327 15008
09716 72721
38313 50803
26954 35110
78120 51752
27216 08755
47888 50803
39906 64735
20781 57245
38393 62493
00175 02202
74473 71646
03487 53377
64735 83767
32584 87624
74752 39847
47428 10814
57848 09716
38313 08755
25011 23801
34484 66264
15699 20831
03487 79101
65756 37313
79251 74667
79251 70802
38288 47490
96850 90139
21180 72721
17990 34182
50885 23372
08755 13514
32485 28201
32485 43050
08260 02291
66647 64462
02202 08755
95362 84345
68929 51704
50803 22475
58319 29614
38313 30950
72721 75019
47555 47084
99813 84345
13953 93317
58364 93237
32584 17768
09825 82921
79251 73315
50138 47428
67345 35110
22403 29614
69724 03070
01759 17183
81780 74667
63581 22403
95736 75019
17918 20831
17183 30539
95351 02429
47888 68929
17183 75714
35110 48990
20831 58690
84345 13755
17043 70692
69215 89868
67218 93158
35323 57706
79232 30856
91063 42327
42327 23985
57080 22241
22241 38288
13514 41105
51871 05178
48156 44921
30851 29142
79251 42795
17449 25708
58364 80078
45122 13699
36435 47490
20831 39228
21180 45122
13514 26363
00175 75682
64663 26954
39847 29614
14130 79251
81780 62452
79101 25493
28731 88304
92384 42688
88304 00241
94686 71646
24869 99598
34862 91063
10351 17768
80606 89922
79375 68929
49851 34289
69091 66647
13049 95351
62249 34182
78120 07264
38313 13049
35477 68929
89868 92384
11420 27740
00241 74667
19729 19729
95362 42676
76496 78120
20419 79251
03070 04370
80705 31473
08260 09813
34862 79086
70802 07264
71993 03520
44129 48156
82921 50138
13049 31473
70692 20419
66264 27216
62746 02845
91063 30711
10012 21180
71960 75277
36778 42688
14130 58690
42688 64462
19729 62249
45122 14532
49477 00241
78481 15538
87624 32314
08755 89868
84345 43050
09716 23372
67345 42327
02770 17768
48156 89922
25708 13283
79760 87624
20781 98799
70988 40263
38393 49368
71646 56109
47555 75277
07647 97120
95351 35110
75682 21032
79101 76977
65756 80837
39847 79101
30851 70692
42676 74473
97618 23801
59997 92546
08260 38393
70692 03520
83321 70802
13699 46737
30854 10814
47428 80349
62249 88304
35903 23180
15699 38200
31473 89922
81811 43970
98799 07647
38967 09813
50885 75019
34289 17768
62860 30186
36435 37862
92062 50478
39906 88304
26954 93158
10012 37313
76977 54351
60679 57706
81811 54351
50478 42676
37313 88066
78481 51897
21180 51897
49320 75277
33130 20831
17043 75277
11231 23801
88304 44790
32584 71156
75277 71413
25339 23372
21180 98975
94686 30856
83321 39906
99813 42676
07050 20831
03520 38770
51704 79086
15699 64735
20502 75203
49368 21180
14532 23372
02202 89868
61420 70708
30186 83321
69454 04370
49320 20831
97120 21032
08194 65756
74473 40263
42688 27216
33477 52136
48644 42676
32485 48644
32584 10127
17990 46347
13049 69215
75019 52136
93158 13810
14130 17990
39906 17990
69215 59997
25961 25708
32314 25708
46417 15620
84345 25011
10351 62746
01960 34182
47084 71960
25401 69215
50885 01759
36778 66647
79086 23985
17183 93237
62746 92062
60679 17449
73315 30186
94686 45862
45862 20502
51897 23372
39228 20419
89922 02202
24869 48156
38200 01960
17990 38200
32584 74473
60679 25708
46737 58319
54534 82921
34182 71413
26954 48156
33477 93237
65149 13810
07647 51040
13953 49320
15008 26954
50885 69454
57706 11597
38313 27216
01759 38393
58364 95736
51040 22475
76496 79739
45122 14532
62746 47490
58690 70692
41373 25708
58690 17918
97120 66647
37313 40463
76496 44790
74473 11597
34862 67345
39847 50885
38967 79101
50138 38069
05417 10351
81725 84993
23372 27601
99301 47888
46417 35110
29142 83321
63052 50478
11653 20781
13953 34182
44790 30016
42327 15620
51040 31473
81725 62452
22403 57222
74752 29614
25401 15620
13953 46347
51130 95736
13049 42327
66264 65149
44921 98799
99301 26954
09716 10012
84993 88304
64735 71993
90793 27216
81780 44790
75682 48990
25339 80078
51871 80837
50138 71646
95162 38069
32584 73578
47428 94686
01960 58690
42676 32584
38770 84993
00175 51704
35110 92546
22241 95362
42676 38069
35903 00175
48891 20502
49616 32584
96850 58319
93317 38200
83321 07050
75277 62860
97618 32584
71960 30186
02770 75203
05417 02550
25401 26954
48644 78776
75019 02291
31473 84138
22403 38697
79251 44790
07647 32606
Queries
71177 63581
01627 71993
31473 44129
03520 78120
36435 87624
21032 97120
87624 20831
51871 62860
81811 38313
38393 26363
50885 45122
99813 42676
88304 84138
19729 84993
81725 76496
00241 74752
51752 42676
53377 10012
92062 47555
84793 71993
98975 40263
42676 64462
93237 72721
39847 05178
79101 99301
28201 78120
40263 60679
79251 47428
89922 89868
48156 66647
26954 42688
35110 69215
51704 66647
84138 07264
08194 82921
03520 38770
13810 79375
84138 20781
99813 45122
17183 65756
46737 38313
38313 13810
17449 02770
02429 11420
55510 20831
57706 09825
01627 58364
02291 50803
48156 07050
27740 61420
38770 47084
75203 38288
13953 36435
25011 87624
66264 34862
61420 37862
92546 99598
17990 81780
76977 54351
49616 27713
13810 59997
38313 80606
30016 34182
22403 37313
51901 69724
93237 25708
47428 19729
34182 64735
64462 30711
96850 88066
51130 22403
30856 36435
73315 30186
39847 61420
54351 01960
42676 79232
87624 47428
87624 51901
35110 92546
13755 30016
20831 30016
95362 62746
51130 21180
30856 71646
13953 20419
17768 70988
51901 37862
27713 32606
37862 13049
13283 11420
09813 97618
07647 13699
81780 45122
69724 52136
26954 99598
23801 70708
15008 09813
58319 38967
52136 17043
80349 02202
25011 65756
70692 47555
02550 51704
40263 81811
11420 25708
41373 92062
48156 78481
32327 93317
39847 05178
56109 23372
40263 95736
47084 93317
30950 64663
03487 20419
62860 02429
62493 79086
27713 24024
37313 75714
70692 50478
22403 82921
52136 98975
40263 03070
73578 70802
26363 70988
33130 00241
37313 51130
13514 15538
30950 30950
92062 13283
15008 55510
25011 88066
79375 79375
20502 20831
84793 30186
76977 42327
62452 01960
78776 34484
14130 17918
33477 38313
37313 80078
03487 17768
43970 43050
07647 69724
03520 46347
38200 44129
37862 34484
09825 90793
33477 14532
42676 34862
28201 74473
43970 42688
69454 01960
43050 22241
41105 02202
49851 38200
66647 34182
35110 56109
33130 05178
27216 73315
08755 07050
34289 42676
64735 57866
57222 57222
03070 55510
65756 01627
27713 10351
47084 13953
80837 31473
79739 23985
01627 08194
34289 02550
73315 80837
02202 32327
97618 80349
23372 79739
49616 92546
22403 78120
22475 57848
58690 65149
45862 78776
51040 70802
30854 47555
13810 89868
66647 23180
99301 44129
45122 53377
25493 38697
47084 68929
14532 50885
72721 91063
15008 73578
78120 47084
54534 11597
43970 25011
40463 65756
94686 57080
32327 70802
51897 00175
35903 38200
81811 57245
55510 35110
27216 03520
38288 09825
14130 30851
70708 73578
89922 49477
30186 39228
80606 95362
81811 50138
79375 13049
73578 58690
20781 35110
02291 39847
81811 57080
48644 48644
70692 48891
72721 73315
79101 99813
42688 55721
25401 48990
47428 81725
48156 42795
20831 42795
61420 33130
57848 30186
32584 69724
32485 54351
58319 24869
13810 07050
55721 32327
49368 03070
81780 30186
95362 76977
17449 02202
30711 35110
58364 35323
47428 22403
10217 97618
Thinking
start 53377 src 53377
53377 33477 src 53377
53377 71177 src 53377
53377 39847 src 53377
53377 03487 src 53377
33477 52136 src 53377
33477 93237 src 53377
39847 74752 src 53377
39847 29614 src 53377
39847 79101 src 53377
39847 50885 src 53377
52136 75019 src 53377
93237 58364 src 53377
93237 17183 src 53377
29614 58319 src 53377
29614 22403 src 53377
79101 61420 src 53377
79101 25493 src 53377
79101 76977 src 53377
79101 38967 src 53377
50885 23372 src 53377
50885 01759 src 53377
50885 69454 src 53377
75019 72721 src 53377
75019 95736 src 53377
75019 02291 src 53377
58364 80078 src 53377
17183 78481 src 53377
17183 30539 src 53377
17183 75714 src 53377
58319 51130 src 53377
58319 46737 src 53377
58319 96850 src 53377
22403 01627 src 53377
22403 63581 src 53377
22403 57222 src 53377
22403 38697 src 53377
61420 70708 src 53377
25493 24024 src 53377
76977 54351 src 53377
38967 09813 src 53377
23372 09716 src 53377
23372 25339 src 53377
23372 14532 src 53377
23372 51897 src 53377
23372 27601 src 53377
01759 38393 src 53377
69454 04370 src 53377
72721 21180 src 53377
02291 08260 src 53377
78481 15538 src 53377
46737 13699 src 53377
96850 90139 src 53377
70708 27713 src 53377
54351 81811 src 53377
09716 57848 src 53377
09716 10012 src 53377
14532 45122 src 53377
38393 62493 src 53377
38393 49368 src 53377
04370 03070 src 53377
21180 98975 src 53377
81811 17945 src 53377
81811 43970 src 53377
10012 37313 src 53377
03070 69724 src 53377
37313 65756 src 53377
37313 88066 src 53377
37313 40463 src 53377
65756 80837 src 53377
65756 08194 src 53377
80837 51871 src 53377
51871 05178 src 53377
start 79251 src 79251
79251 74667 src 79251
79251 70802 src 79251
79251 73315 src 79251
79251 42795 src 79251
79251 14130 src 79251
79251 20419 src 79251
79251 44790 src 79251
74667 55721 src 79251
74667 75277 src 79251
74667 81780 src 79251
74667 00241 src 79251
70802 07264 src 79251
70802 83321 src 79251
73315 30186 src 79251
14130 60486 src 79251
14130 58690 src 79251
14130 17990 src 79251
20419 70692 src 79251
20419 39228 src 79251
44790 40716 src 79251
44790 88304 src 79251
44790 76496 src 79251
44790 30016 src 79251
75277 71960 src 79251
75277 47555 src 79251
75277 49320 src 79251
75277 17043 src 79251
75277 71413 src 79251
75277 62860 src 79251
81780 62452 src 79251
00241 49477 src 79251
07264 78120 src 79251
83321 39906 src 79251
83321 29142 src 79251
83321 07050 src 79251
58690 87998 src 79251
58690 20831 src 79251
58690 17918 src 79251
58690 01960 src 79251
17990 34182 src 79251
17990 46347 src 79251
17990 38200 src 79251
70692 30851 src 79251
70692 03520 src 79251
40716 62249 src 79251
88304 79739 src 79251
88304 28731 src 79251
88304 84993 src 79251
71960 47084 src 79251
49320 13953 src 79251
62452 81725 src 79251
78120 51752 src 79251
39906 64735 src 79251
20831 15699 src 79251
20831 33130 src 79251
38200 93317 src 79251
03520 83767 src 79251
03520 71993 src 79251
03520 38770 src 79251
62249 19729 src 79251
64735 57866 src 79251
64735 84793 src 79251
15699 32327 src 79251
start 95351 src 95351
95351 02429 src 95351
95351 13049 src 95351
95351 35110 src 95351
13049 38313 src 95351
13049 31473 src 95351
13049 69215 src 95351
13049 42327 src 95351
35110 26954 src 95351
35110 67345 src 95351
35110 48990 src 95351
35110 46417 src 95351
35110 92546 src 95351
38313 50803 src 95351
38313 08755 src 95351
38313 30950 src 95351
38313 27216 src 95351
31473 93158 src 95351
31473 80705 src 95351
31473 89922 src 95351
31473 51040 src 95351
31473 84138 src 95351
69215 89868 src 95351
69215 59997 src 95351
69215 25401 src 95351
42327 15008 src 95351
42327 91063 src 95351
42327 23985 src 95351
42327 15620 src 95351
26954 64663 src 95351
26954 48156 src 95351
26954 99301 src 95351
67345 34862 src 95351
48990 75682 src 95351
50803 47888 src 95351
50803 22475 src 95351
08755 11653 src 95351
08755 13514 src 95351
08755 02202 src 95351
27216 66264 src 95351
27216 42688 src 95351
27216 90793 src 95351
93158 67218 src 95351
93158 13810 src 95351
89922 80606 src 95351
51040 41105 src 95351
51040 07647 src 95351
89868 51704 src 95351
89868 92384 src 95351
91063 30711 src 95351
23985 79086 src 95351
48156 44921 src 95351
48156 44129 src 95351
48156 24869 src 95351
75682 00175 src 95351
75682 21032 src 95351
47888 68929 src 95351
11653 20781 src 95351
13514 26363 src 95351
66264 34484 src 95351
66264 65149 src 95351
42688 36778 src 95351
42688 64462 src 95351
07647 97120 src 95351
07647 98799 src 95351
07647 32606 src 95351
24869 99598 src 95351
00175 35903 src 95351
21032 55510 src 95351
68929 79375 src 95351
68929 35477 src 95351
20781 57245 src 95351
36778 66647 src 95351
35903 23180 src 95351
66647 69091 src 95351
start 32584 src 32584
32584 25708 src 32584
32584 96960 src 32584
32584 87624 src 32584
32584 17768 src 32584
32584 71156 src 32584
32584 10127 src 32584
32584 74473 src 32584
32584 73578 src 32584
32584 42676 src 32584
32584 49616 src 32584
32584 97618 src 32584
25708 17449 src 32584
25708 13283 src 32584
25708 25961 src 32584
25708 32314 src 32584
25708 60679 src 32584
25708 41373 src 32584
87624 51901 src 32584
87624 79760 src 32584
17768 10351 src 32584
17768 02770 src 32584
17768 34289 src 32584
74473 71646 src 32584
74473 40263 src 32584
74473 11597 src 32584
42676 95362 src 32584
42676 50478 src 32584
42676 99813 src 32584
42676 48644 src 32584
42676 38069 src 32584
97618 23801 src 32584
32314 48891 src 32584
60679 11420 src 32584
60679 57706 src 32584
41373 25011 src 32584
10351 62746 src 32584
10351 05417 src 32584
02770 10217 src 32584
02770 75203 src 32584
34289 49851 src 32584
71646 50338 src 32584
71646 94686 src 32584
71646 56109 src 32584
71646 50138 src 32584
40263 70988 src 32584
95362 84345 src 32584
95362 22241 src 32584
50478 92062 src 32584
50478 63052 src 32584
48644 09825 src 32584
48644 32485 src 32584
48644 78776 src 32584
38069 95162 src 32584
23801 11231 src 32584
48891 20502 src 32584
11420 27740 src 32584
57706 35323 src 32584
62746 02845 src 32584
62746 47490 src 32584
05417 02550 src 32584
94686 30856 src 32584
94686 45862 src 32584
94686 47428 src 32584
50138 82921 src 32584
84345 43050 src 32584
84345 13755 src 32584
22241 57080 src 32584
22241 38288 src 32584
32485 28201 src 32584
47490 36435 src 32584
30856 79232 src 32584
47428 10814 src 32584
47428 80349 src 32584
82921 54534 src 32584
36435 37862 src 32584
10814 30854 src 32584
Output
71177 63581 yes
01627 71993 no
31473 44129 yes
03520 78120 yes
36435 87624 yes
21032 97120 yes
87624 20831 no
51871 62860 no
81811 38313 no
38393 26363 no
50885 45122 yes
99813 42676 yes
88304 84138 no
19729 84993 yes
81725 76496 yes
00241 74752 no
51752 42676 no
53377 10012 yes
92062 47555 no
84793 71993 yes
98975 40263 no
42676 64462 no
93237 72721 yes
39847 05178 yes
79101 99301 no
28201 78120 no
40263 60679 yes
79251 47428 no
89922 89868 yes
48156 66647 yes
26954 42688 yes
35110 69215 yes
51704 66647 yes
84138 07264 no
08194 82921 no
03520 38770 yes
13810 79375 yes
84138 20781 yes
99813 45122 no
17183 65756 yes
46737 38313 no
38313 13810 yes
17449 02770 yes
02429 11420 no
55510 20831 no
57706 09825 yes
01627 58364 yes
02291 50803 no
48156 07050 no
27740 61420 no
38770 47084 yes
75203 38288 yes
13953 36435 no
25011 87624 yes
66264 34862 yes
61420 37862 no
92546 99598 yes
17990 81780 yes
76977 54351 yes
49616 27713 no
13810 59997 yes
38313 80606 yes
30016 34182 yes
22403 37313 yes
51901 69724 no
93237 25708 no
47428 19729 no
34182 64735 yes
64462 30711 yes
96850 88066 yes
51130 22403 yes
30856 36435 yes
73315 30186 yes
39847 61420 yes
54351 01960 no
42676 79232 yes
87624 47428 yes
87624 51901 yes
35110 92546 yes
13755 30016 no
20831 30016 yes
95362 62746 yes
51130 21180 yes
30856 71646 yes
13953 20419 yes
17768 70988 yes
51901 37862 yes
27713 32606 no
37862 13049 no
13283 11420 yes
09813 97618 no
07647 13699 no
81780 45122 no
69724 52136 yes
26954 99598 yes
23801 70708 no
15008 09813 no
58319 38967 yes
52136 17043 no
80349 02202 no
25011 65756 no
70692 47555 yes
02550 51704 no
40263 81811 no
11420 25708 yes
41373 92062 yes
48156 78481 no
32327 93317 yes
39847 05178 yes
56109 23372 no
40263 95736 no
47084 93317 yes
30950 64663 yes
03487 20419 no
62860 02429 no
62493 79086 no
27713 24024 yes
37313 75714 yes
70692 50478 no
22403 82921 no
52136 98975 yes
40263 03070 no
73578 70802 no
26363 70988 no
33130 00241 yes
37313 51130 yes
13514 15538 no
30950 30950 yes
92062 13283 yes
15008 55510 yes
25011 88066 no
79375 79375 yes
20502 20831 no
84793 30186 yes
76977 42327 no
62452 01960 yes
78776 34484 no
14130 17918 yes
33477 38313 no
37313 80078 yes
03487 17768 no
43970 43050 no
07647 69724 no
03520 46347 yes
38200 44129 no
37862 34484 no
09825 90793 no
33477 14532 yes
42676 34862 no
28201 74473 yes
43970 42688 no
69454 01960 no
43050 22241 yes
41105 02202 yes
49851 38200 no
66647 34182 no
35110 56109 no
33130 05178 no
27216 73315 no
08755 07050 no
34289 42676 yes
64735 57866 yes
57222 57222 yes
03070 55510 no
65756 01627 yes
27713 10351 no
47084 13953 yes
80837 31473 no
79739 23985 no
01627 08194 yes
34289 02550 yes
73315 80837 no
02202 32327 no
97618 80349 yes
23372 79739 no
49616 92546 no
22403 78120 no
22475 57848 no
58690 65149 no
45862 78776 yes
51040 70802 no
30854 47555 no
13810 89868 yes
66647 23180 yes
99301 44129 yes
45122 53377 yes
25493 38697 yes
47084 68929 no
14532 50885 yes
72721 91063 no
15008 73578 no
78120 47084 yes
54534 11597 yes
43970 25011 no
40463 65756 yes
94686 57080 yes
32327 70802 yes
51897 00175 no
35903 38200 no
81811 57245 no
55510 35110 yes
27216 03520 no
38288 09825 yes
14130 30851 yes
70708 73578 no
89922 49477 no
30186 39228 yes
80606 95362 no
81811 50138 no
79375 13049 yes
73578 58690 no
20781 35110 yes
02291 39847 yes
81811 57080 no
48644 48644 yes
70692 48891 no
72721 73315 no
79101 99813 no
42688 55721 no
25401 48990 yes
47428 81725 no
48156 42795 no
20831 42795 yes
61420 33130 no
57848 30186 no
32584 69724 no
32485 54351 no
58319 24869 no
13810 07050 no
55721 32327 yes
49368 03070 yes
81780 30186 yes
95362 76977 no
17449 02202 no
30711 35110 yes
58364 35323 no
47428 22403 no
10217 97618 yes
End
