Graph
0690 2219
3640 9984
2071 2197
7198 7879
6183 9984
7085 6709
3221 6626
9353 6010
3633 7879
6709 8253
7686 4157
3633 5740
1212 3221
6066 7686
2197 5012
4550 1329
6103 6103
1329 1329
6103 1703
6066 8253
3062 4550
3464 6305
3062 1329
7564 6626
5012 3927
4535 3062
4157 8253
3464 9398
9398 5012
9688 9688
7528 7528
5740 5740
9353 8253
9984 7198
4814 7564
1212 6626
4550 3798
5012 2071
3062 4535
9688 4814
1866 7198
7528 5012
5740 7198
6066 8253
7198 1866
7198 9506
3062 1329
7198 1866
5012 6305
7085 6010
4550 4535
9049 7198
2219 6010
7198 6103
8486 1212
3640 1866
6305 3464
3062 1329
6066 6010
0690 6066
1329 3798
8253 2219
9506 9049
8486 7564
4157 6835
6709 7085
3927 9398
6066 5673
2071 7528
9398 3464
7564 8486
6835 9353
0690 8253
Queries
6066 7879
7879 6626
4535 1329
4157 9353
9506 6103
2197 5012
3798 3062
9049 7879
2071 7686
1703 9984
3062 4535
6183 7198
6835 5012
7198 3633
3062 2219
6626 1866
9398 3464
3062 6626
9353 6183
7564 9688
4814 6010
1212 6626
8486 1212
7528 7879
4550 7564
5012 6103
7879 5740
1703 4535
3221 7528
2197 6183
3221 2197
3640 6626
6103 7198
0690 6305
5012 4814
6183 9506
1212 6305
3464 5012
0690 6066
9398 3464
7879 1866
2071 3464
2197 5012
2071 3062
6103 9506
3798 1329
2197 3221
7198 1866
7564 1866
2219 6010
6709 3927
7198 6183
7198 1703
4157 6066
6103 5740
2197 9688
9506 7879
9688 8486
3221 8486
6709 5012
1329 3062
4550 7198
3798 9049
3927 7528
6010 6709
7564 8253
3633 3633
6010 4535
4157 7085
1329 4550
1329 6626
3798 1329
7564 8486
7528 4535
1212 2219
2197 3927
6626 8486
3798 4550
6835 3927
3798 3798
6103 4814
7564 1329
9506 6066
3221 6626
3927 5012
0690 6305
3927 3464
7879 1329
4814 9049
7686 1212
8253 8253
6066 6010
Thinking
start 1329 src 1329
1329 4550 src 1329
1329 3062 src 1329
1329 3798 src 1329
4550 4535 src 1329
start 6626 src 6626
6626 3221 src 6626
6626 7564 src 6626
6626 1212 src 6626
7564 4814 src 6626
7564 8486 src 6626
4814 9688 src 6626
start 6709 src 6709
6709 7085 src 6709
6709 8253 src 6709
7085 6010 src 6709
8253 6066 src 6709
8253 4157 src 6709
8253 9353 src 6709
8253 2219 src 6709
8253 0690 src 6709
6066 7686 src 6709
6066 5673 src 6709
4157 6835 src 6709
start 2071 src 2071
2071 2197 src 2071
2071 5012 src 2071
2071 7528 src 2071
5012 3927 src 2071
5012 9398 src 2071
5012 6305 src 2071
9398 3464 src 2071
start 9984 src 9984
9984 3640 src 9984
9984 6183 src 9984
9984 7198 src 9984
3640 1866 src 9984
7198 7879 src 9984
7198 5740 src 9984
7198 9506 src 9984
7198 9049 src 9984
7198 6103 src 9984
7879 3633 src 9984
6103 1703 src 9984
Output
6066 7879 no
7879 6626 no
4535 1329 yes
4157 9353 yes
9506 6103 yes
2197 5012 yes
3798 3062 yes
9049 7879 yes
2071 7686 no
1703 9984 yes
3062 4535 yes
6183 7198 yes
6835 5012 no
7198 3633 yes
3062 2219 no
6626 1866 no
9398 3464 yes
3062 6626 no
9353 6183 no
7564 9688 yes
4814 6010 no
1212 6626 yes
8486 1212 yes
7528 7879 no
4550 7564 no
5012 6103 no
7879 5740 yes
1703 4535 no
3221 7528 no
2197 6183 no
3221 2197 no
3640 6626 no
6103 7198 yes
0690 6305 no
5012 4814 no
6183 9506 yes
1212 6305 no
3464 5012 yes
0690 6066 yes
9398 3464 yes
7879 1866 yes
2071 3464 yes
2197 5012 yes
2071 3062 no
6103 9506 yes
3798 1329 yes
2197 3221 no
7198 1866 yes
7564 1866 no
2219 6010 yes
6709 3927 no
7198 6183 yes
7198 1703 yes
4157 6066 yes
6103 5740 yes
2197 9688 no
9506 7879 yes
9688 8486 yes
3221 8486 yes
6709 5012 no
1329 3062 yes
4550 7198 no
3798 9049 no
3927 7528 yes
6010 6709 yes
7564 8253 no
3633 3633 yes
6010 4535 no
4157 7085 yes
1329 4550 yes
1329 6626 no
3798 1329 yes
7564 8486 yes
7528 4535 no
1212 2219 no
2197 3927 yes
6626 8486 yes
3798 4550 yes
6835 3927 no
3798 3798 yes
6103 4814 no
7564 1329 no
9506 6066 no
3221 6626 yes
3927 5012 yes
0690 6305 no
3927 3464 yes
7879 1329 no
4814 9049 no
7686 1212 no
8253 8253 yes
6066 6010 yes
End
