Graph
53700 64684
85560 44347
64338 78640
45959 24936
17444 80069
80069 86630
67059 26391
21617 76673
00801 54246
01597 82722
90493 69329
05220 33860
15897 20071
63535 39630
64001 48292
58174 99460
43386 00925
57347 11968
54246 26929
78640 59383
56574 59486
13613 48065
17132 72310
66604 51424
47071 00910
37494 87487
35867 43229
56193 76044
19830 04505
56574 45169
39240 35876
54604 75502
00192 79450
02827 63905
87487 13613
13783 04083
21678 40802
79468 80069
17124 15452
35015 77700
42631 28196
27136 95295
00801 37435
81955 04789
66903 03282
39281 64568
31628 88883
76673 56165
99782 81744
05037 60336
74745 24444
03831 48292
26391 69278
83013 95330
29366 57051
27373 61844
41979 79468
03282 75061
91122 32526
38679 36765
88501 70038
18610 48746
36355 41223
68586 54246
60667 87117
99219 63535
58410 53355
62548 61583
00801 19716
78693 36986
47071 82009
60144 42631
32643 46953
28498 42448
15083 40405
32646 95570
36862 02827
48469 83238
50405 73499
84747 85560
74097 75502
07780 65445
36986 25046
37494 04789
07247 03616
38650 83399
84408 23648
05869 05220
09972 61381
75165 62132
90938 61367
04217 49662
13304 61935
17811 97146
43030 34869
99067 28196
36376 83090
35203 60638
46953 05869
46953 54221
40214 89131
69278 59383
40405 76212
93697 57816
26168 76044
56984 42435
05989 32526
43229 21683
32192 48532
36911 49662
12776 56599
20071 63260
34956 80722
69278 04083
72598 85782
76673 43647
59383 00675
86968 36353
21617 99846
76129 71755
36355 36376
24254 15897
20893 80529
54246 83090
36353 05220
63601 81744
54604 43386
74097 50325
13783 01459
76802 87487
93697 46568
65887 65955
37146 24179
43647 95570
01405 86630
62149 85932
82549 98685
29270 95295
74682 49662
78702 61381
42631 00925
52974 11680
45600 12724
03803 34515
38093 33436
86491 58734
15615 67482
18781 20384
58802 32526
67290 55594
42435 32356
86427 49662
52003 01597
75061 86630
51842 21371
11298 75502
12724 30425
67147 60638
83013 66604
63140 93697
42448 99846
59383 67189
82500 33436
17444 81686
62149 42448
15615 86085
34956 21617
92752 81744
36765 00675
21437 51215
58174 35015
38650 11298
66883 19716
65955 12881
03616 79315
75165 51842
72905 66805
85249 95330
81955 62548
68965 70038
36911 48065
60441 75165
21678 60336
37604 61189
61844 77591
52974 61583
17404 54246
04083 25478
09259 03616
76044 69278
04204 82549
13304 34277
88501 25478
25046 54604
63315 41223
43229 37593
75061 60638
07196 81744
23648 05220
21617 62302
54221 17404
07113 00910
38679 59486
46156 46953
01597 60667
86558 81776
42631 78693
41223 36355
03915 57816
14079 66604
26056 78702
97146 29618
00925 44771
85965 32219
52842 46152
74682 80722
70061 35015
53355 67482
46568 61367
36986 82549
17811 99846
77769 03616
60144 78060
18610 55452
32917 82500
26929 72598
26929 86968
54743 42631
72598 07247
28173 07780
29034 20200
24254 21683
05989 95570
67290 13215
52974 22480
21499 82610
55594 80274
54619 78693
38715 56599
30425 93703
67290 37155
96401 86698
14079 56599
99460 21986
81776 67147
87348 62302
45638 46953
37604 45600
93703 06216
35015 64684
58393 20384
45638 54604
07780 03803
46568 61844
28162 17124
51424 63140
66805 33436
80909 83399
18610 75502
63260 69033
63260 61381
69329 27136
17444 25478
29034 62132
87233 95837
96994 15615
33794 45600
06325 42448
54246 54743
58410 02827
66122 34515
77700 98541
76245 25046
55594 04090
85047 17667
40405 73969
87487 58734
45169 98299
63260 24642
37604 75624
46156 18781
22662 05869
85047 04083
92164 86427
67290 90493
00910 04217
34515 89307
05163 21683
80604 27662
02827 15312
46557 43229
44347 64001
75165 76673
36765 37155
67290 35015
66604 57816
95295 05163
64114 35926
83399 00192
99846 90128
99846 51842
45169 64664
60144 32356
63868 70700
59229 15897
27371 76129
75061 46644
58174 33436
02890 53515
27136 20071
37494 43341
92164 60441
15356 13304
75061 37146
63514 70072
70700 86427
46953 76129
13215 27373
05989 74037
62302 48532
30436 79315
80172 12488
90389 64664
60638 04083
29366 76245
11298 70072
34277 32917
36353 54604
53476 66805
75502 40214
94623 24179
58393 49618
24179 33443
89987 54221
80529 02827
30425 05037
38679 35867
10874 46568
27136 37593
85932 95255
38715 61844
37155 62980
60667 27373
76895 53515
56599 28029
83013 40405
87117 26391
09259 80584
36862 67642
89987 37494
46568 84894
56165 11680
58393 92544
64338 17194
66049 44771
60441 82281
30364 81955
37146 80172
40616 11680
97146 66122
33443 70038
67290 66903
62980 15615
34869 35876
35015 81744
29270 70061
02827 19830
17194 10874
90389 77591
24254 32917
94623 60638
36353 40802
29270 15615
14079 04083
36986 07933
33860 03616
99846 07247
39240 77700
22480 48746
61935 81744
57198 18610
32646 20200
04789 23342
87117 17942
98685 42435
75328 46568
95570 00910
33794 53515
81744 14079
12724 48065
67290 34277
15356 80142
28162 37155
40214 36376
60638 95837
64114 73499
09049 94623
70700 54604
65445 45600
36353 99846
57051 05869
11680 84408
32219 61381
76673 42448
21437 73969
80142 29270
64684 26168
36353 00910
13215 07196
89307 64568
21736 82722
52974 76245
92961 86558
66346 81686
32192 36685
41979 01459
51215 14079
93703 46953
25532 58410
33436 61367
82500 24179
20893 02827
09486 76802
09597 54246
64340 03951
94623 58119
20893 37593
59383 87117
19256 99846
27136 67147
83915 25532
32646 02983
61102 95295
13613 92544
72838 48065
32192 58393
85932 28732
19716 54246
07780 48469
32526 04217
50405 23648
13215 46152
57347 32644
45600 33860
86698 33436
20200 48746
76802 24444
40214 83399
34277 82397
01496 56165
53515 58393
82610 99846
33860 25046
08016 45169
48292 04204
17132 15615
67059 86630
86427 28489
86698 21437
20200 82549
03803 48532
85146 66604
68586 93703
85560 54221
71755 86968
85047 56073
15615 95295
18781 84408
05989 36353
08016 72905
77769 00192
03277 10874
64042 75328
63514 48065
84894 72310
16195 80909
15452 81223
64684 60638
66049 76895
62548 84400
92544 76245
32917 62625
65887 76212
56073 58410
05869 54221
40214 19716
77591 04083
26056 70038
64684 68965
53700 81223
15452 20893
50325 02890
45638 83399
21501 57347
97146 82806
42448 97146
54604 74745
04505 76044
27373 64042
43386 32646
85782 57115
90325 11968
74097 85560
66883 00925
15615 63905
13304 15083
24179 78640
65412 10874
57115 76895
03277 17942
09428 61935
59486 78702
95295 86085
60441 64114
39630 63452
58802 33860
99392 34021
20200 79317
25532 80604
29618 46156
58802 56984
82009 01496
21986 15312
80172 24522
90493 59229
04083 61102
05869 44347
62132 89987
68586 70700
15222 57254
28196 48469
84747 86491
65412 65955
17942 43289
72598 39630
26854 00544
24179 65887
58410 55861
83399 86491
40214 95255
36685 39281
64001 55452
56073 79468
66049 24444
26168 01405
37155 21986
82397 87117
57347 35867
55861 72310
45169 86558
82549 00801
19716 05869
03282 82722
46557 96994
62980 80172
27373 72905
37146 61688
69278 05163
87348 87487
42435 43341
23342 77769
29366 62548
75558 80069
70373 24444
61583 75165
61688 37146
84894 95837
53700 17124
93697 01405
42631 80722
64684 80604
03803 79372
51215 38715
57916 94623
31596 13215
95330 57871
83145 60441
36911 75624
87233 69278
78640 34690
57115 45600
60441 74682
59486 43030
85932 57115
86491 83238
39630 75502
46953 64568
82397 28162
36685 09597
06325 83145
46953 88883
58410 80167
44347 36353
14079 53476
21501 13853
88501 12776
26168 01459
79315 22480
18610 54619
53700 03951
40214 07933
80604 53261
00675 85047
02890 47071
22746 13215
09486 42435
94664 00910
32356 99846
38093 83915
22480 43386
34515 65653
46156 37623
31628 13088
00192 09597
21501 53355
09597 31628
00910 54743
97146 00910
82722 84894
66604 82397
17444 15897
63452 63514
62302 45638
54743 72838
66903 91272
11298 35926
11298 63868
91964 94664
79317 65653
89327 81223
17124 53355
72310 76263
60917 88501
33436 09972
95570 91964
54246 29034
91964 44901
17132 60917
24936 68586
66151 75624
29034 57051
46152 24254
91964 62302
45959 03831
80604 72310
31596 46644
56542 46557
44700 09972
46568 81776
30436 62302
40616 39281
24179 58174
58875 21683
40802 85932
99219 30364
75502 60336
86698 57816
55452 06216
52974 81955
55594 95295
43289 32644
57347 85047
04217 41223
79468 63905
13304 78702
05869 28173
48746 36685
26549 66346
36862 24254
09486 92164
70700 36911
53515 37435
63905 81223
01597 75558
45638 61189
62625 52003
60336 64568
85249 35015
67642 57254
35926 28196
04083 46650
63514 40214
34021 10874
65445 43650
46953 53515
66122 32192
35876 46568
66604 64409
30436 21371
51842 63315
90493 33443
62302 46953
05989 90128
25478 58174
46568 36765
13215 91110
80069 37593
52974 57051
17444 57916
08016 67290
40405 08609
26391 21683
66604 67189
78060 66883
09597 25046
64684 86630
11298 73499
62548 42435
48746 00544
53261 96401
51842 19398
67189 80142
24522 86630
32219 03282
79372 44901
64684 61367
58393 70700
25532 67642
Queries
17811 04090
80722 00192
99782 03803
99067 21683
24254 36376
79372 27662
24936 05989
48469 80604
43386 87117
86630 25532
54619 78640
70061 48065
26168 88883
56542 26549
23648 63260
93697 70700
26854 51424
53355 31628
92961 07780
22746 64114
89327 74682
81686 68586
43289 84894
36376 16195
29034 09259
45959 04789
23342 85047
56193 90128
45959 23648
52842 67642
09597 04090
05163 67189
76129 00544
28498 73969
14079 19256
85965 96401
67189 83238
80604 50325
42448 89987
17124 63535
79315 65412
28162 37593
58802 77769
33436 67642
37604 80274
84408 60144
50405 85965
82397 26929
36685 17811
66346 56073
22746 15312
96994 84747
07933 72310
53700 63514
43341 76212
45959 62980
80584 84400
59486 80584
86491 25478
69033 15083
74682 75624
14079 92752
58174 69278
28162 49662
18781 05163
46156 17444
98299 33860
32643 35015
84894 86968
56574 92544
09428 87117
53515 82281
25532 43650
15615 62548
58174 35876
14079 43647
12776 20384
37593 82549
72598 11298
81955 66883
40405 48746
53261 38093
24254 15452
21683 37155
86558 40802
91110 15356
91122 54246
53515 25478
08016 56193
24444 34515
05037 72838
46644 76245
88883 17444
82549 62548
41979 21736
74097 54246
64114 32643
60144 60638
02890 90938
12724 17132
26929 15083
68965 63535
60917 26549
85249 75502
99846 75624
04083 28196
13853 56984
63452 65955
03282 63260
75328 52974
37593 58875
23342 62132
05869 77591
42448 79315
56165 00192
74682 15615
86558 37146
74097 48292
32644 97146
32526 48532
24254 88883
03951 75624
27373 21371
80909 76263
04505 26854
36353 92752
17667 59383
84894 72598
79468 64568
79450 43229
89327 15312
62132 92544
60441 21986
20200 57916
65412 50325
28029 34690
69329 92164
23342 37435
39630 09259
64001 66346
75165 58734
49618 01496
53355 13853
09259 75624
16195 38679
99460 64684
84400 00925
32917 74682
92544 82806
87117 03616
44771 28732
96994 20893
13088 36353
21986 71755
20200 21986
64340 15356
63535 93703
86630 21499
57198 36986
64409 66122
28489 93703
58734 72838
96401 91122
73969 72310
29618 29618
64338 95255
04217 98685
81744 66604
21371 53700
78693 07196
69033 57916
13613 80722
42435 79315
48065 92752
04217 11968
25478 76802
01459 82722
36353 86698
62132 28029
34690 34277
21986 32643
67059 85782
12724 84747
44347 57816
40405 01597
80584 53515
57871 77591
32644 43386
15897 75624
65445 70373
44901 81223
61381 50325
40214 06216
90493 28489
15615 21437
96401 88883
58174 21437
86558 04789
70700 85965
54619 92961
24642 49618
61102 34869
66883 28196
29034 11680
61102 30364
83915 54619
53261 83915
49618 90938
29618 06325
09259 57198
38650 11680
41979 29270
76802 53515
72598 84747
44700 09259
46557 87348
21736 92752
30436 33443
80722 73969
95295 80167
67482 12776
72905 17811
45638 21736
90128 09972
43229 86630
57916 87348
57198 45959
00192 85047
62980 76212
66122 01597
95295 13783
55861 64001
Thinking
start 35015 src 35015
35015 77700 src 35015
35015 58174 src 35015
35015 70061 src 35015
35015 64684 src 35015
35015 67290 src 35015
35015 81744 src 35015
35015 85249 src 35015
77700 98541 src 35015
77700 39240 src 35015
58174 99460 src 35015
58174 33436 src 35015
58174 24179 src 35015
58174 25478 src 35015
70061 29270 src 35015
64684 53700 src 35015
64684 26168 src 35015
64684 60638 src 35015
64684 68965 src 35015
64684 80604 src 35015
64684 86630 src 35015
64684 61367 src 35015
67290 55594 src 35015
67290 13215 src 35015
67290 37155 src 35015
67290 90493 src 35015
67290 66903 src 35015
67290 34277 src 35015
67290 08016 src 35015
81744 99782 src 35015
81744 63601 src 35015
81744 92752 src 35015
81744 07196 src 35015
81744 61935 src 35015
81744 14079 src 35015
85249 95330 src 35015
39240 35876 src 35015
99460 21986 src 35015
33436 38093 src 35015
33436 82500 src 35015
33436 66805 src 35015
33436 86698 src 35015
33436 09972 src 35015
24179 37146 src 35015
24179 94623 src 35015
24179 33443 src 35015
24179 78640 src 35015
24179 65887 src 35015
25478 04083 src 35015
25478 88501 src 35015
25478 17444 src 35015
29270 95295 src 35015
29270 15615 src 35015
29270 80142 src 35015
53700 81223 src 35015
53700 17124 src 35015
53700 03951 src 35015
26168 76044 src 35015
26168 01405 src 35015
26168 01459 src 35015
60638 35203 src 35015
60638 67147 src 35015
60638 75061 src 35015
60638 95837 src 35015
68965 70038 src 35015
80604 27662 src 35015
80604 25532 src 35015
80604 53261 src 35015
80604 72310 src 35015
86630 80069 src 35015
86630 67059 src 35015
86630 24522 src 35015
61367 90938 src 35015
61367 46568 src 35015
55594 80274 src 35015
55594 04090 src 35015
13215 27373 src 35015
13215 46152 src 35015
13215 31596 src 35015
13215 22746 src 35015
13215 91110 src 35015
37155 36765 src 35015
37155 62980 src 35015
37155 28162 src 35015
90493 69329 src 35015
90493 59229 src 35015
66903 03282 src 35015
66903 91272 src 35015
34277 13304 src 35015
34277 32917 src 35015
34277 82397 src 35015
08016 45169 src 35015
08016 72905 src 35015
61935 09428 src 35015
14079 66604 src 35015
14079 56599 src 35015
14079 51215 src 35015
14079 53476 src 35015
95330 83013 src 35015
95330 57871 src 35015
35876 34869 src 35015
21986 15312 src 35015
38093 83915 src 35015
86698 96401 src 35015
86698 21437 src 35015
86698 57816 src 35015
09972 61381 src 35015
09972 44700 src 35015
37146 80172 src 35015
37146 61688 src 35015
94623 09049 src 35015
94623 58119 src 35015
94623 57916 src 35015
78640 64338 src 35015
78640 59383 src 35015
78640 34690 src 35015
65887 65955 src 35015
65887 76212 src 35015
04083 13783 src 35015
04083 69278 src 35015
04083 85047 src 35015
04083 77591 src 35015
04083 61102 src 35015
04083 46650 src 35015
88501 12776 src 35015
88501 60917 src 35015
17444 81686 src 35015
17444 15897 src 35015
95295 27136 src 35015
95295 05163 src 35015
95295 86085 src 35015
15615 67482 src 35015
15615 96994 src 35015
15615 17132 src 35015
15615 63905 src 35015
80142 15356 src 35015
80142 67189 src 35015
81223 15452 src 35015
81223 89327 src 35015
17124 53355 src 35015
03951 64340 src 35015
76044 56193 src 35015
76044 04505 src 35015
01405 93697 src 35015
01459 41979 src 35015
67147 81776 src 35015
75061 46644 src 35015
95837 87233 src 35015
95837 84894 src 35015
70038 26056 src 35015
25532 58410 src 35015
25532 67642 src 35015
72310 55861 src 35015
72310 76263 src 35015
80069 79468 src 35015
80069 75558 src 35015
80069 37593 src 35015
67059 26391 src 35015
46568 61844 src 35015
46568 10874 src 35015
46568 75328 src 35015
27373 60667 src 35015
27373 64042 src 35015
46152 52842 src 35015
46152 24254 src 35015
36765 38679 src 35015
36765 00675 src 35015
03282 82722 src 35015
03282 32219 src 35015
13304 15083 src 35015
13304 78702 src 35015
32917 62625 src 35015
82397 87117 src 35015
45169 56574 src 35015
45169 98299 src 35015
45169 64664 src 35015
45169 86558 src 35015
66604 51424 src 35015
66604 85146 src 35015
66604 64409 src 35015
56599 38715 src 35015
56599 28029 src 35015
83013 40405 src 35015
34869 43030 src 35015
15312 02827 src 35015
21437 73969 src 35015
57816 03915 src 35015
61381 63260 src 35015
80172 12488 src 35015
64338 17194 src 35015
65955 12881 src 35015
65955 65412 src 35015
85047 17667 src 35015
85047 56073 src 35015
85047 57347 src 35015
77591 90389 src 35015
81686 66346 src 35015
15897 20071 src 35015
05163 21683 src 35015
96994 46557 src 35015
15452 20893 src 35015
53355 21501 src 35015
04505 19830 src 35015
93697 63140 src 35015
58410 80167 src 35015
67642 36862 src 35015
67642 57254 src 35015
75558 01597 src 35015
37593 43229 src 35015
10874 03277 src 35015
10874 34021 src 35015
38679 59486 src 35015
38679 35867 src 35015
82722 21736 src 35015
32219 85965 src 35015
62625 52003 src 35015
87117 17942 src 35015
86558 92961 src 35015
40405 08609 src 35015
02827 80529 src 35015
63260 69033 src 35015
63260 24642 src 35015
57347 11968 src 35015
57347 32644 src 35015
66346 26549 src 35015
21683 58875 src 35015
46557 56542 src 35015
21501 13853 src 35015
57254 15222 src 35015
34021 99392 src 35015
17942 43289 src 35015
11968 90325 src 35015
start 54604 src 54604
54604 75502 src 54604
54604 43386 src 54604
54604 25046 src 54604
54604 45638 src 54604
54604 36353 src 54604
54604 70700 src 54604
54604 74745 src 54604
75502 74097 src 54604
75502 11298 src 54604
75502 18610 src 54604
75502 40214 src 54604
75502 39630 src 54604
75502 60336 src 54604
43386 00925 src 54604
43386 32646 src 54604
43386 22480 src 54604
25046 36986 src 54604
25046 76245 src 54604
25046 33860 src 54604
25046 09597 src 54604
45638 46953 src 54604
45638 83399 src 54604
45638 62302 src 54604
45638 61189 src 54604
36353 86968 src 54604
36353 05220 src 54604
36353 40802 src 54604
36353 99846 src 54604
36353 00910 src 54604
36353 05989 src 54604
36353 44347 src 54604
70700 63868 src 54604
70700 86427 src 54604
70700 68586 src 54604
70700 36911 src 54604
70700 58393 src 54604
74745 24444 src 54604
74097 50325 src 54604
74097 85560 src 54604
11298 38650 src 54604
11298 70072 src 54604
11298 35926 src 54604
11298 73499 src 54604
18610 48746 src 54604
18610 55452 src 54604
18610 57198 src 54604
18610 54619 src 54604
40214 89131 src 54604
40214 36376 src 54604
40214 19716 src 54604
40214 95255 src 54604
40214 07933 src 54604
40214 63514 src 54604
39630 63535 src 54604
39630 63452 src 54604
39630 72598 src 54604
60336 05037 src 54604
60336 21678 src 54604
60336 64568 src 54604
00925 42631 src 54604
00925 44771 src 54604
00925 66883 src 54604
32646 95570 src 54604
32646 20200 src 54604
32646 02983 src 54604
22480 52974 src 54604
22480 79315 src 54604
36986 78693 src 54604
36986 82549 src 54604
76245 29366 src 54604
76245 92544 src 54604
33860 03616 src 54604
33860 45600 src 54604
33860 58802 src 54604
09597 54246 src 54604
09597 36685 src 54604
09597 00192 src 54604
09597 31628 src 54604
46953 32643 src 54604
46953 05869 src 54604
46953 54221 src 54604
46953 46156 src 54604
46953 76129 src 54604
46953 93703 src 54604
46953 88883 src 54604
46953 53515 src 54604
83399 80909 src 54604
83399 86491 src 54604
62302 21617 src 54604
62302 87348 src 54604
62302 48532 src 54604
62302 91964 src 54604
62302 30436 src 54604
61189 37604 src 54604
86968 26929 src 54604
86968 71755 src 54604
05220 23648 src 54604
40802 85932 src 54604
99846 42448 src 54604
99846 17811 src 54604
99846 90128 src 54604
99846 51842 src 54604
99846 07247 src 54604
99846 19256 src 54604
99846 82610 src 54604
99846 32356 src 54604
00910 47071 src 54604
00910 07113 src 54604
00910 04217 src 54604
00910 94664 src 54604
00910 54743 src 54604
00910 97146 src 54604
05989 32526 src 54604
05989 74037 src 54604
44347 64001 src 54604
86427 49662 src 54604
86427 92164 src 54604
86427 28489 src 54604
68586 24936 src 54604
36911 48065 src 54604
36911 75624 src 54604
58393 20384 src 54604
58393 49618 src 54604
58393 32192 src 54604
24444 76802 src 54604
24444 66049 src 54604
24444 70373 src 54604
50325 02890 src 54604
85560 84747 src 54604
35926 64114 src 54604
35926 28196 src 54604
73499 50405 src 54604
48746 00544 src 54604
55452 06216 src 54604
36376 83090 src 54604
36376 36355 src 54604
19716 00801 src 54604
63535 99219 src 54604
72598 85782 src 54604
05037 30425 src 54604
64568 39281 src 54604
64568 89307 src 54604
42631 60144 src 54604
42631 80722 src 54604
66883 78060 src 54604
95570 43647 src 54604
20200 29034 src 54604
20200 79317 src 54604
52974 11680 src 54604
52974 61583 src 54604
52974 81955 src 54604
52974 57051 src 54604
82549 98685 src 54604
82549 04204 src 54604
29366 62548 src 54604
92544 13613 src 54604
03616 09259 src 54604
03616 77769 src 54604
45600 12724 src 54604
45600 33794 src 54604
45600 65445 src 54604
45600 57115 src 54604
58802 56984 src 54604
54246 17404 src 54604
00192 79450 src 54604
31628 13088 src 54604
05869 22662 src 54604
05869 28173 src 54604
54221 89987 src 54604
46156 18781 src 54604
46156 29618 src 54604
46156 37623 src 54604
76129 27371 src 54604
53515 76895 src 54604
53515 37435 src 54604
80909 16195 src 54604
86491 58734 src 54604
86491 83238 src 54604
21617 76673 src 54604
21617 34956 src 54604
87348 87487 src 54604
48532 03803 src 54604
91964 44901 src 54604
30436 21371 src 54604
23648 84408 src 54604
85932 62149 src 54604
85932 28732 src 54604
42448 28498 src 54604
42448 06325 src 54604
51842 75165 src 54604
51842 63315 src 54604
51842 19398 src 54604
82610 21499 src 54604
32356 42435 src 54604
47071 82009 src 54604
04217 41223 src 54604
54743 72838 src 54604
97146 66122 src 54604
97146 82806 src 54604
32526 91122 src 54604
64001 48292 src 54604
49662 74682 src 54604
92164 60441 src 54604
92164 09486 src 54604
24936 45959 src 54604
75624 66151 src 54604
28196 99067 src 54604
28196 48469 src 54604
00544 26854 src 54604
99219 30364 src 54604
39281 40616 src 54604
89307 34515 src 54604
29034 62132 src 54604
79317 65653 src 54604
11680 56165 src 54604
81955 04789 src 54604
62548 84400 src 54604
09259 80584 src 54604
77769 23342 src 54604
65445 07780 src 54604
65445 43650 src 54604
89987 37494 src 54604
03803 79372 src 54604
06325 83145 src 54604
42435 43341 src 54604
82009 01496 src 54604
48292 03831 src 54604
60441 82281 src 54604
Output
17811 04090 no
80722 00192 yes
99782 03803 no
99067 21683 no
24254 36376 no
79372 27662 no
24936 05989 yes
48469 80604 no
43386 87117 no
86630 25532 yes
54619 78640 no
70061 48065 no
26168 88883 no
56542 26549 yes
23648 63260 no
93697 70700 no
26854 51424 no
53355 31628 no
92961 07780 no
22746 64114 no
89327 74682 no
81686 68586 no
43289 84894 yes
36376 16195 yes
29034 09259 yes
45959 04789 yes
23342 85047 no
56193 90128 no
45959 23648 yes
52842 67642 yes
09597 04090 no
05163 67189 yes
76129 00544 yes
28498 73969 no
14079 19256 no
85965 96401 yes
67189 83238 no
80604 50325 no
42448 89987 yes
17124 63535 no
79315 65412 no
28162 37593 yes
58802 77769 yes
33436 67642 yes
37604 80274 no
84408 60144 yes
50405 85965 no
82397 26929 no
36685 17811 yes
66346 56073 yes
22746 15312 yes
96994 84747 no
07933 72310 no
53700 63514 no
43341 76212 no
45959 62980 no
80584 84400 yes
59486 80584 no
86491 25478 no
69033 15083 yes
74682 75624 yes
14079 92752 yes
58174 69278 yes
28162 49662 no
18781 05163 no
46156 17444 no
98299 33860 no
32643 35015 no
84894 86968 no
56574 92544 no
09428 87117 yes
53515 82281 yes
25532 43650 no
15615 62548 no
58174 35876 yes
14079 43647 no
12776 20384 no
37593 82549 no
72598 11298 yes
81955 66883 yes
40405 48746 no
53261 38093 yes
24254 15452 yes
21683 37155 yes
86558 40802 no
91110 15356 yes
91122 54246 yes
53515 25478 no
08016 56193 yes
24444 34515 yes
05037 72838 yes
46644 76245 no
88883 17444 no
82549 62548 yes
41979 21736 yes
74097 54246 yes
64114 32643 yes
60144 60638 no
02890 90938 no
12724 17132 no
26929 15083 no
68965 63535 no
60917 26549 yes
85249 75502 no
99846 75624 yes
04083 28196 no
13853 56984 no
63452 65955 no
03282 63260 yes
75328 52974 no
37593 58875 yes
23342 62132 yes
05869 77591 no
42448 79315 yes
56165 00192 yes
74682 15615 no
86558 37146 yes
74097 48292 yes
32644 97146 no
32526 48532 yes
24254 88883 no
03951 75624 no
27373 21371 no
80909 76263 no
04505 26854 no
36353 92752 no
17667 59383 yes
84894 72598 no
79468 64568 no
79450 43229 no
89327 15312 yes
62132 92544 yes
60441 21986 no
20200 57916 no
65412 50325 no
28029 34690 yes
69329 92164 no
23342 37435 yes
39630 09259 yes
64001 66346 no
75165 58734 yes
49618 01496 yes
53355 13853 yes
09259 75624 yes
16195 38679 no
99460 64684 yes
84400 00925 yes
32917 74682 no
92544 82806 yes
87117 03616 no
44771 28732 yes
96994 20893 yes
13088 36353 yes
21986 71755 no
20200 21986 no
64340 15356 yes
63535 93703 yes
86630 21499 no
57198 36986 yes
64409 66122 no
28489 93703 yes
58734 72838 yes
96401 91122 no
73969 72310 yes
29618 29618 yes
64338 95255 no
04217 98685 yes
81744 66604 yes
21371 53700 no
78693 07196 no
69033 57916 yes
13613 80722 yes
42435 79315 yes
48065 92752 no
04217 11968 no
25478 76802 no
01459 82722 yes
36353 86698 no
62132 28029 no
34690 34277 yes
21986 32643 no
67059 85782 no
12724 84747 yes
44347 57816 no
40405 01597 yes
80584 53515 yes
57871 77591 yes
32644 43386 no
15897 75624 no
65445 70373 yes
44901 81223 no
61381 50325 no
40214 06216 yes
90493 28489 no
15615 21437 yes
96401 88883 no
58174 21437 yes
86558 04789 no
70700 85965 no
54619 92961 no
24642 49618 no
61102 34869 yes
66883 28196 yes
29034 11680 yes
61102 30364 no
83915 54619 no
53261 83915 yes
49618 90938 no
29618 06325 yes
09259 57198 yes
38650 11680 yes
41979 29270 yes
76802 53515 yes
72598 84747 yes
44700 09259 no
46557 87348 no
21736 92752 yes
30436 33443 no
80722 73969 no
95295 80167 yes
67482 12776 yes
72905 17811 no
45638 21736 no
90128 09972 no
43229 86630 yes
57916 87348 no
57198 45959 yes
00192 85047 no
62980 76212 yes
66122 01597 no
95295 13783 yes
55861 64001 no
End
