Graph
4238 1993
1750 8118
0674 3084
3838 5391
5423 8071
5641 2028
3084 0173
0324 0730
5320 2028
7696 4950
6833 7283
5839 1246
1246 2028
4238 4950
8412 8413
4950 4238
5641 1993
2028 5839
5423 3838
8412 2028
5708 5708
4311 3518
5708 1750
8413 4950
4238 5839
0674 7283
0725 0725
2595 9620
8834 8834
5391 7696
0308 0674
0202 0730
1993 2595
0730 0674
1993 3838
5423 9620
5914 6751
5914 4803
5914 7171
5391 2028
1750 8412
5391 5708
0674 0324
1993 5641
7283 9944
9286 0173
5839 5320
0324 6833
8071 1993
5391 8413
8071 2595
5423 5423
1750 8118
9944 0730
3838 2595
4238 4950
8071 8118
8834 4311
9848 0725
9848 3518
7171 0730
4305 4238
1993 5391
5423 5839
5320 1246
1246 3838
6833 9848
9620 8071
4305 7696
7283 3518
5320 4305
3518 4803
9944 7919
4311 6833
8834 3518
0730 9944
0725 5914
5423 5839
3518 3084
0202 9944
7171 7919
0173 0324
9848 6833
9848 7919
3518 8834
2028 5708
6833 7171
7919 3084
9620 5641
5391 5320
4311 0730
1246 5391
4311 3518
5320 1246
8413 8412
4803 6833
0308 0674
9848 0725
3838 9620
3518 9286
7283 0173
1993 2595
7283 6833
8118 5641
4950 8071
3084 0308
4238 1246
7171 9286
7919 7283
0308 6751
5914 7283
7919 4311
2595 8071
8412 8118
1246 5708
9286 6751
8118 5839
9848 8834
1750 1993
1993 5708
3838 2595
0308 9286
8834 7171
3838 5391
5708 8118
9286 7171
6833 0202
Queries
7919 5423
7171 8412
6833 0173
7696 4238
0324 9848
9944 3084
7919 8834
0730 3084
8118 3838
4238 1993
1750 5423
7919 0674
8412 5641
5708 0674
3838 9620
0202 9620
3084 2595
2028 6833
1993 5320
8412 4803
9286 0324
0730 9286
4803 7696
0308 3518
7919 3084
9944 9286
3838 1246
9944 3518
9848 5708
9286 8412
4238 0674
7919 3084
2028 0324
0674 8071
0324 3838
8118 5641
6833 8412
5641 0730
9848 8071
5839 0674
0308 0730
7171 4238
1993 5839
7696 0173
8413 0202
2595 3518
8413 9848
4305 1993
5839 0674
9620 0308
4311 4305
1246 5641
7283 0173
7919 8071
3518 2028
8413 0308
0308 9286
8834 8118
0173 2595
0173 0725
6833 5320
0202 8834
4803 6833
5708 9848
8413 8834
0308 1750
0674 7283
9620 7283
4238 7283
5641 5641
3518 0324
0725 7171
5708 0202
4238 8413
3084 3084
9944 4238
8071 9620
7171 4803
0308 2595
8413 4950
6833 8071
1246 1246
0730 7919
6833 2028
9944 0324
9286 4803
9944 0674
9286 0730
3084 0202
2595 5423
7171 4311
8071 0324
4305 8412
1750 0173
7283 0173
9944 4803
6833 5423
9848 9944
Thinking
start 5641 src 5641
5641 2028 src 5641
5641 1993 src 5641
5641 9620 src 5641
5641 8118 src 5641
2028 5320 src 5641
2028 1246 src 5641
2028 5839 src 5641
2028 8412 src 5641
2028 5391 src 5641
2028 5708 src 5641
1993 4238 src 5641
1993 2595 src 5641
1993 3838 src 5641
1993 8071 src 5641
1993 1750 src 5641
9620 5423 src 5641
5320 4305 src 5641
8412 8413 src 5641
5391 7696 src 5641
4238 4950 src 5641
start 6833 src 6833
6833 7283 src 6833
6833 0324 src 6833
6833 9848 src 6833
6833 4311 src 6833
6833 7171 src 6833
6833 4803 src 6833
6833 0202 src 6833
7283 0674 src 6833
7283 9944 src 6833
7283 3518 src 6833
7283 0173 src 6833
7283 7919 src 6833
7283 5914 src 6833
0324 0730 src 6833
9848 0725 src 6833
9848 8834 src 6833
7171 9286 src 6833
0674 3084 src 6833
0674 0308 src 6833
5914 6751 src 6833
Output
7919 5423 no
7171 8412 no
6833 0173 yes
7696 4238 yes
0324 9848 yes
9944 3084 yes
7919 8834 yes
0730 3084 yes
8118 3838 yes
4238 1993 yes
1750 5423 yes
7919 0674 yes
8412 5641 yes
5708 0674 no
3838 9620 yes
0202 9620 no
3084 2595 no
2028 6833 no
1993 5320 yes
8412 4803 no
9286 0324 yes
0730 9286 yes
4803 7696 no
0308 3518 yes
7919 3084 yes
9944 9286 yes
3838 1246 yes
9944 3518 yes
9848 5708 no
9286 8412 no
4238 0674 no
7919 3084 yes
2028 0324 no
0674 8071 no
0324 3838 no
8118 5641 yes
6833 8412 no
5641 0730 no
9848 8071 no
5839 0674 no
0308 0730 yes
7171 4238 no
1993 5839 yes
7696 0173 no
8413 0202 no
2595 3518 no
8413 9848 no
4305 1993 yes
5839 0674 no
9620 0308 no
4311 4305 no
1246 5641 yes
7283 0173 yes
7919 8071 no
3518 2028 no
8413 0308 no
0308 9286 yes
8834 8118 no
0173 2595 no
0173 0725 yes
6833 5320 no
0202 8834 yes
4803 6833 yes
5708 9848 no
8413 8834 no
0308 1750 no
0674 7283 yes
9620 7283 no
4238 7283 no
5641 5641 yes
3518 0324 yes
0725 7171 yes
5708 0202 no
4238 8413 yes
3084 3084 yes
9944 4238 no
8071 9620 yes
7171 4803 yes
0308 2595 no
8413 4950 yes
6833 8071 no
1246 1246 yes
0730 7919 yes
6833 2028 no
9944 0324 yes
9286 4803 yes
9944 0674 yes
9286 0730 yes
3084 0202 yes
2595 5423 yes
7171 4311 yes
8071 0324 no
4305 8412 yes
1750 0173 no
7283 0173 yes
9944 4803 yes
6833 5423 no
9848 9944 yes
End
